HFSDDW
15	12	4
0	59	1	25	2	60	3	65
0	42	1	93	2	21	3	25
0	37	1	22	2	77	3	17
0	68	1	38	2	74	3	33
0	68	1	61	2	52	3	63
0	84	1	32	2	85	3	67
0	13	1	76	2	94	3	91
0	55	1	21	2	84	3	61
0	39	1	34	2	6	3	52
0	52	1	20	2	15	3	43
0	69	1	31	2	45	3	24
0	36	1	41	2	8	3	64
0	9	1	7	2	2	3	26
0	75	1	59	2	97	3	28
0	39	1	92	2	53	3	66
LBCmax: 353
RELDUE
-1	318	5	8
-1	267	6	3
-1	297	7	7
-1	258	3	8
-1	274	5	2
-1	258	6	8
-1	302	8	4
-1	271	7	2
-1	270	6	7
-1	262	5	4
-1	305	4	6
-1	281	3	8
-1	280	2	6
-1	253	7	3
-1	313	8	3
DDW
283	353
224	310
255	339
222	294
249	299
235	281
254	350
236	306
224	316
210	314
262	348
253	309
266	294
202	304
260	366
