HFSDDW
15	8	4
0	57	1	6	2	78	3	77
0	33	1	13	2	56	3	96
0	54	1	29	2	34	3	32
0	84	1	42	2	31	3	81
0	38	1	4	2	92	3	85
0	65	1	62	2	37	3	81
0	83	1	1	2	79	3	12
0	15	1	28	2	67	3	37
0	60	1	50	2	68	3	14
0	40	1	16	2	65	3	6
0	43	1	44	2	2	3	7
0	11	1	80	2	63	3	67
0	16	1	58	2	62	3	99
0	89	1	96	2	5	3	94
0	68	1	97	2	94	3	32
LBCmax: 516
RELDUE
-1	117	2	6
-1	179	3	7
-1	371	1	4
-1	84	2	9
-1	264	6	6
-1	446	7	5
-1	317	6	5
-1	126	7	5
-1	333	4	2
-1	34	4	7
-1	159	9	6
-1	62	7	5
-1	147	2	1
-1	394	3	9
-1	165	9	2
DDW
108	126
156	202
367	375
75	93
219	309
415	477
292	342
118	134
270	396
28	40
153	165
56	68
138	156
343	445
134	196
