HFSDDW
15	8	4
0	82	1	47	2	73	3	50
0	20	1	21	2	23	3	39
0	37	1	54	2	13	3	93
0	47	1	56	2	20	3	90
0	44	1	50	2	88	3	5
0	46	1	56	2	24	3	46
0	23	1	11	2	25	3	51
0	34	1	54	2	89	3	63
0	22	1	4	2	53	3	67
0	93	1	72	2	15	3	88
0	91	1	20	2	65	3	63
0	99	1	87	2	70	3	93
0	42	1	74	2	50	3	85
0	7	1	13	2	37	3	27
0	24	1	28	2	27	3	10
LBCmax: 494
RELDUE
-1	243	3	9
-1	219	6	5
-1	153	4	4
-1	231	3	1
-1	212	6	1
-1	196	1	6
-1	219	1	7
-1	191	3	4
-1	151	6	5
-1	199	1	9
-1	244	2	2
-1	219	8	9
-1	183	5	2
-1	148	3	9
-1	161	9	8
DDW
204	282
195	243
150	156
185	277
206	218
180	212
191	247
159	223
122	180
171	227
212	276
191	247
165	201
124	172
140	182
