HFSDDW
20	9	3
0	26	1	30	2	8
0	93	1	13	2	10
0	62	1	96	2	19
0	14	1	41	2	19
0	80	1	26	2	54
0	51	1	11	2	56
0	89	1	81	2	86
0	53	1	36	2	29
0	57	1	67	2	2
0	38	1	59	2	55
0	50	1	14	2	82
0	49	1	52	2	21
0	98	1	6	2	97
0	27	1	1	2	84
0	73	1	56	2	24
0	44	1	67	2	55
0	7	1	41	2	51
0	20	1	88	2	27
0	44	1	72	2	93
0	79	1	37	2	46
LBCmax: 395
RELDUE
-1	124	1	5
-1	137	3	2
-1	147	1	3
-1	169	3	6
-1	168	1	8
-1	139	3	2
-1	146	7	5
-1	143	2	7
-1	176	5	1
-1	144	9	9
-1	159	1	4
-1	122	8	7
-1	164	8	5
-1	167	6	3
-1	182	5	4
-1	119	9	2
-1	181	7	3
-1	182	5	6
-1	121	9	2
-1	128	6	3
DDW
123	125
126	148
143	151
152	186
166	170
133	145
140	152
142	144
167	185
143	145
149	169
112	132
149	179
165	169
180	184
111	127
168	194
171	193
117	125
120	136
