HFSDDW
20	4	2
0	12	1	75
0	1	1	64
0	87	1	23
0	90	1	13
0	15	1	62
0	19	1	69
0	77	1	59
0	14	1	69
0	59	1	66
0	20	1	14
0	33	1	79
0	2	1	89
0	7	1	46
0	45	1	29
0	79	1	11
0	13	1	3
0	79	1	7
0	74	1	1
0	1	1	20
0	26	1	15
LBCmax: 408
RELDUE
-1	349	8	6
-1	153	3	1
-1	351	5	2
-1	410	9	7
-1	442	8	2
-1	321	7	4
-1	191	4	1
-1	347	6	3
-1	446	3	3
-1	156	1	6
-1	392	3	9
-1	312	5	7
-1	454	5	6
-1	342	2	3
-1	389	4	4
-1	256	3	9
-1	426	6	8
-1	167	4	9
-1	356	7	5
-1	292	2	6
DDW
307	391
138	168
298	404
353	467
402	482
302	340
187	195
291	403
357	535
142	170
380	404
284	340
449	459
274	410
377	401
210	302
413	439
145	189
313	399
242	342
