HFSDDW
20	8	4
0	46	1	22	2	95	3	44
0	6	1	13	2	50	3	87
0	96	1	92	2	67	3	39
0	68	1	61	2	91	3	60
0	97	1	73	2	86	3	82
0	65	1	40	2	99	3	40
0	39	1	56	2	52	3	23
0	7	1	90	2	16	3	74
0	48	1	23	2	4	3	25
0	63	1	82	2	79	3	52
0	18	1	90	2	5	3	37
0	51	1	44	2	33	3	47
0	31	1	11	2	92	3	43
0	35	1	3	2	57	3	7
0	22	1	56	2	5	3	49
0	61	1	28	2	80	3	7
0	76	1	93	2	90	3	46
0	57	1	66	2	96	3	16
0	93	1	34	2	65	3	74
0	35	1	62	2	89	3	94
LBCmax: 666
RELDUE
-1	356	5	8
-1	228	9	6
-1	814	2	7
-1	838	5	1
-1	854	4	8
-1	688	7	6
-1	460	7	1
-1	506	3	6
-1	634	4	8
-1	847	1	1
-1	221	5	4
-1	248	8	6
-1	717	6	9
-1	405	4	6
-1	809	4	7
-1	801	6	4
-1	267	1	3
-1	857	4	4
-1	608	2	3
-1	582	8	2
DDW
345	367
219	237
806	822
763	913
828	880
654	722
437	483
471	541
628	640
813	881
208	234
241	255
645	789
381	429
801	817
793	809
264	270
831	883
602	614
565	599
