HFSDDW
15	12	4
0	58	1	35	2	68	3	89
0	42	1	8	2	3	3	86
0	79	1	16	2	36	3	98
0	35	1	19	2	49	3	70
0	57	1	9	2	20	3	39
0	46	1	43	2	29	3	32
0	30	1	85	2	26	3	58
0	83	1	37	2	80	3	47
0	63	1	89	2	85	3	6
0	99	1	16	2	92	3	47
0	23	1	4	2	79	3	87
0	74	1	9	2	94	3	83
0	75	1	68	2	30	3	50
0	42	1	80	2	89	3	16
0	7	1	37	2	60	3	57
LBCmax: 385
RELDUE
-1	256	4	6
-1	227	4	6
-1	194	2	9
-1	225	4	8
-1	219	2	1
-1	261	3	1
-1	219	8	9
-1	227	7	9
-1	218	6	6
-1	226	4	6
-1	247	7	1
-1	223	4	5
-1	204	8	7
-1	248	5	5
-1	204	3	9
DDW
233	279
218	236
180	208
209	241
208	230
245	277
204	234
209	245
209	227
210	242
235	259
207	239
186	222
238	258
202	206
