HFSDDW
15	8	4
0	44	1	89	2	19	3	80
0	1	1	77	2	54	3	40
0	3	1	79	2	62	3	58
0	88	1	53	2	11	3	96
0	91	1	99	2	44	3	79
0	13	1	79	2	56	3	70
0	80	1	82	2	26	3	15
0	22	1	66	2	33	3	40
0	87	1	77	2	48	3	82
0	60	1	82	2	71	3	4
0	32	1	76	2	51	3	77
0	92	1	88	2	47	3	38
0	67	1	48	2	98	3	44
0	93	1	46	2	86	3	65
0	34	1	48	2	1	3	19
LBCmax: 583
RELDUE
-1	351	4	3
-1	338	8	8
-1	311	9	4
-1	334	8	5
-1	345	7	7
-1	316	9	5
-1	373	4	9
-1	304	8	5
-1	296	2	8
-1	324	5	5
-1	332	9	6
-1	302	2	3
-1	324	7	2
-1	339	4	3
-1	347	4	2
DDW
288	414
324	352
277	345
267	401
307	383
291	341
328	418
261	347
290	302
269	379
289	375
245	359
295	353
292	386
305	389
