HFSDDW
15	12	4
0	29	1	25	2	19	3	31
0	56	1	19	2	26	3	42
0	89	1	15	2	22	3	57
0	90	1	47	2	74	3	95
0	31	1	5	2	73	3	61
0	16	1	58	2	46	3	42
0	26	1	30	2	47	3	91
0	55	1	93	2	10	3	69
0	66	1	77	2	20	3	10
0	77	1	22	2	47	3	4
0	91	1	36	2	82	3	31
0	31	1	24	2	43	3	64
0	51	1	53	2	37	3	94
0	62	1	36	2	88	3	70
0	79	1	77	2	5	3	26
LBCmax: 365
RELDUE
-1	298	8	7
-1	163	2	2
-1	355	1	8
-1	388	8	4
-1	56	1	6
-1	226	2	1
-1	369	3	9
-1	83	5	3
-1	136	1	2
-1	272	2	3
-1	103	6	5
-1	71	8	3
-1	246	8	3
-1	290	3	4
-1	291	8	4
DDW
289	307
156	170
320	390
361	415
55	57
203	249
343	395
77	89
135	137
261	283
94	112
64	78
224	268
278	302
265	317
