HFSDDW
20	4	2
0	28	1	76
0	88	1	56
0	77	1	14
0	46	1	8
0	72	1	1
0	55	1	9
0	61	1	78
0	73	1	93
0	44	1	41
0	47	1	92
0	43	1	72
0	69	1	89
0	99	1	15
0	45	1	74
0	95	1	90
0	15	1	12
0	59	1	89
0	61	1	40
0	64	1	42
0	73	1	22
LBCmax: 612
RELDUE
-1	242	7	7
-1	561	2	8
-1	408	8	4
-1	691	5	7
-1	231	2	4
-1	698	3	1
-1	691	7	3
-1	743	8	8
-1	698	4	8
-1	682	8	2
-1	700	3	5
-1	671	9	2
-1	636	1	4
-1	722	4	7
-1	675	1	1
-1	524	3	6
-1	224	8	1
-1	793	5	4
-1	529	5	5
-1	566	9	6
DDW
232	252
550	572
375	441
650	732
217	245
635	761
677	705
706	780
691	705
614	750
686	714
651	691
623	649
686	758
648	702
514	534
204	244
714	872
487	571
538	594
