HFSDDW
20	9	3
0	97	1	2	2	33
0	82	1	33	2	55
0	67	1	2	2	72
0	28	1	17	2	83
0	49	1	11	2	38
0	93	1	98	2	63
0	39	1	32	2	31
0	30	1	97	2	22
0	98	1	46	2	57
0	80	1	91	2	7
0	87	1	97	2	70
0	86	1	78	2	29
0	10	1	90	2	87
0	25	1	65	2	16
0	70	1	94	2	17
0	81	1	61	2	97
0	35	1	3	2	48
0	17	1	67	2	81
0	24	1	68	2	4
0	11	1	84	2	87
LBCmax: 418
RELDUE
-1	375	8	6
-1	366	5	8
-1	301	6	7
-1	348	3	8
-1	326	6	1
-1	308	3	9
-1	304	1	1
-1	345	3	8
-1	320	1	1
-1	300	5	9
-1	363	7	9
-1	299	6	3
-1	356	2	4
-1	305	4	5
-1	348	2	1
-1	305	1	1
-1	343	1	6
-1	295	1	4
-1	297	4	2
-1	307	1	7
DDW
308	442
348	384
241	361
331	365
271	381
253	363
301	307
290	400
262	378
246	354
356	370
263	335
320	392
299	311
310	386
250	360
274	412
283	307
252	342
295	319
