HFSDDW
20	8	4
0	72	1	77	2	43	3	67
0	30	1	21	2	6	3	24
0	46	1	22	2	81	3	50
0	59	1	34	2	82	3	6
0	27	1	31	2	11	3	88
0	64	1	11	2	73	3	80
0	43	1	9	2	58	3	75
0	31	1	10	2	11	3	34
0	47	1	61	2	18	3	56
0	86	1	85	2	2	3	32
0	33	1	47	2	76	3	91
0	73	1	50	2	33	3	71
0	44	1	68	2	46	3	17
0	46	1	17	2	26	3	62
0	5	1	63	2	24	3	21
0	62	1	30	2	92	3	37
0	11	1	48	2	3	3	98
0	16	1	26	2	20	3	41
0	30	1	78	2	56	3	17
0	34	1	81	2	7	3	92
LBCmax: 587
RELDUE
-1	384	5	4
-1	396	5	2
-1	331	5	1
-1	367	8	7
-1	368	6	1
-1	405	3	3
-1	396	6	3
-1	329	5	7
-1	335	9	3
-1	359	7	2
-1	354	6	7
-1	320	6	6
-1	366	7	9
-1	388	8	5
-1	376	1	5
-1	296	6	9
-1	357	1	8
-1	340	5	4
-1	388	3	2
-1	323	2	6
DDW
376	392
380	412
285	377
345	389
346	390
381	429
341	451
309	349
308	362
291	427
347	361
304	336
315	417
338	438
327	425
249	343
303	411
272	408
353	423
287	359
