HFSDDW
20	8	4
0	25	1	12	2	20	3	98
0	90	1	12	2	76	3	56
0	10	1	55	2	30	3	26
0	46	1	70	2	60	3	30
0	46	1	97	2	61	3	6
0	70	1	75	2	55	3	88
0	17	1	41	2	7	3	40
0	54	1	17	2	22	3	88
0	81	1	42	2	97	3	75
0	76	1	34	2	12	3	94
0	2	1	66	2	36	3	2
0	36	1	60	2	92	3	52
0	60	1	58	2	24	3	25
0	27	1	48	2	84	3	50
0	57	1	31	2	81	3	50
0	6	1	36	2	2	3	93
0	34	1	41	2	45	3	4
0	73	1	84	2	53	3	13
0	86	1	66	2	5	3	5
0	40	1	53	2	53	3	57
LBCmax: 551
RELDUE
-1	213	2	8
-1	235	8	7
-1	320	1	2
-1	375	4	6
-1	361	4	8
-1	376	1	1
-1	259	8	3
-1	164	1	5
-1	246	6	1
-1	213	1	4
-1	116	8	2
-1	206	5	3
-1	229	6	1
-1	257	6	3
-1	352	7	4
-1	271	4	9
-1	268	8	6
-1	195	4	6
-1	280	7	1
-1	369	9	8
DDW
187	239
233	237
262	378
315	435
332	390
365	387
223	295
154	174
216	276
196	230
114	118
181	231
208	250
239	275
341	363
268	274
244	292
174	216
274	286
295	443
