HFSDDW
15	9	3
0	52	1	41	2	82
0	66	1	96	2	77
0	29	1	57	2	40
0	99	1	38	2	64
0	51	1	46	2	59
0	17	1	48	2	35
0	89	1	60	2	7
0	77	1	46	2	66
0	66	1	78	2	28
0	6	1	28	2	28
0	40	1	53	2	78
0	46	1	69	2	36
0	9	1	83	2	61
0	53	1	37	2	13
0	84	1	66	2	98
LBCmax: 335
RELDUE
-1	290	5	3
-1	299	3	2
-1	294	6	8
-1	234	8	1
-1	259	7	3
-1	299	1	6
-1	252	7	4
-1	263	3	9
-1	268	9	8
-1	249	7	8
-1	284	8	4
-1	298	1	9
-1	245	3	2
-1	301	1	3
-1	246	3	9
DDW
276	304
269	329
268	320
222	246
256	262
293	305
229	275
242	284
265	271
244	254
256	312
268	328
240	250
277	325
239	253
