HFSDDW
20	4	2
0	5	1	74
0	55	1	15
0	29	1	96
0	38	1	94
0	40	1	23
0	23	1	76
0	7	1	74
0	43	1	61
0	40	1	25
0	15	1	56
0	8	1	74
0	83	1	20
0	21	1	18
0	98	1	21
0	84	1	19
0	65	1	71
0	61	1	10
0	12	1	77
0	38	1	38
0	36	1	91
LBCmax: 523
RELDUE
-1	356	9	2
-1	507	1	2
-1	390	6	5
-1	516	2	9
-1	294	6	6
-1	458	3	1
-1	411	8	3
-1	509	3	3
-1	372	3	1
-1	333	1	6
-1	495	7	2
-1	566	8	6
-1	291	4	7
-1	536	6	7
-1	412	6	8
-1	356	8	1
-1	549	5	3
-1	371	9	2
-1	554	7	2
-1	296	3	6
DDW
320	392
451	563
374	406
444	588
235	353
389	527
403	419
417	601
324	420
320	346
396	594
464	668
274	308
498	574
375	449
299	413
511	587
334	408
465	643
240	352
