HFSDDW
20	6	2
0	93	1	81
0	25	1	5
0	41	1	8
0	28	1	2
0	60	1	96
0	17	1	74
0	33	1	98
0	26	1	55
0	48	1	38
0	1	1	98
0	59	1	61
0	57	1	64
0	59	1	56
0	52	1	57
0	3	1	12
0	40	1	19
0	89	1	13
0	25	1	83
0	88	1	44
0	21	1	14
LBCmax: 335
RELDUE
-1	267	5	7
-1	271	9	5
-1	255	6	9
-1	270	8	2
-1	290	7	4
-1	234	7	1
-1	254	2	8
-1	301	5	1
-1	238	3	1
-1	244	8	6
-1	280	3	5
-1	264	5	8
-1	249	4	9
-1	249	9	6
-1	234	2	9
-1	255	6	3
-1	250	9	4
-1	275	6	8
-1	264	6	8
-1	291	9	8
DDW
256	278
266	276
242	268
235	305
261	319
204	264
239	269
277	325
202	274
195	293
277	283
251	277
209	289
204	294
206	262
252	258
240	260
267	283
259	269
253	329
