HFSDDW
20	6	3
0	2	1	73	2	97
0	46	1	75	2	6
0	71	1	16	2	76
0	38	1	37	2	65
0	20	1	77	2	96
0	59	1	26	2	85
0	68	1	14	2	9
0	27	1	94	2	90
0	96	1	43	2	86
0	30	1	91	2	47
0	99	1	42	2	49
0	94	1	40	2	43
0	95	1	59	2	28
0	83	1	32	2	7
0	58	1	57	2	36
0	59	1	71	2	14
0	9	1	29	2	18
0	53	1	27	2	49
0	82	1	74	2	79
0	7	1	50	2	33
LBCmax: 579
RELDUE
-1	125	7	7
-1	202	2	6
-1	142	3	5
-1	162	2	1
-1	190	2	6
-1	391	6	8
-1	113	1	9
-1	142	6	9
-1	187	8	3
-1	243	2	4
-1	277	4	5
-1	287	7	5
-1	258	6	5
-1	353	9	4
-1	344	6	8
-1	63	1	4
-1	297	5	2
-1	186	6	5
-1	248	2	6
-1	190	1	9
DDW
104	146
194	210
138	146
138	186
156	224
332	450
99	127
124	160
178	196
197	289
266	288
261	313
248	268
342	364
279	409
59	67
238	356
160	212
198	298
160	220
