HFSDDW
15	8	4
0	37	1	98	2	35	3	17
0	70	1	21	2	27	3	28
0	59	1	28	2	35	3	5
0	66	1	91	2	95	3	33
0	21	1	74	2	62	3	64
0	24	1	38	2	17	3	36
0	52	1	55	2	65	3	24
0	40	1	9	2	80	3	79
0	13	1	66	2	38	3	58
0	28	1	5	2	23	3	98
0	15	1	90	2	56	3	67
0	90	1	91	2	99	3	6
0	82	1	19	2	52	3	60
0	70	1	95	2	98	3	99
0	81	1	98	2	64	3	16
LBCmax: 502
RELDUE
-1	419	4	8
-1	260	5	5
-1	515	6	5
-1	402	6	4
-1	393	2	6
-1	418	2	1
-1	528	2	7
-1	552	4	7
-1	412	3	4
-1	363	1	4
-1	265	2	1
-1	298	1	2
-1	407	4	9
-1	442	9	5
-1	401	5	2
DDW
402	436
257	263
510	520
382	422
365	421
410	426
507	549
519	585
408	416
338	388
238	292
277	319
379	435
398	486
389	413
