HFSDDW
15	8	4
0	75	1	45	2	22	3	39
0	31	1	76	2	30	3	11
0	61	1	55	2	7	3	95
0	8	1	22	2	12	3	2
0	72	1	3	2	22	3	45
0	75	1	37	2	47	3	46
0	49	1	36	2	13	3	93
0	88	1	25	2	67	3	38
0	84	1	38	2	61	3	64
0	85	1	7	2	35	3	41
0	3	1	43	2	42	3	6
0	90	1	66	2	59	3	71
0	16	1	45	2	2	3	30
0	93	1	16	2	99	3	39
0	97	1	76	2	89	3	94
LBCmax: 538
RELDUE
-1	475	3	9
-1	385	4	5
-1	340	8	7
-1	386	4	8
-1	552	4	3
-1	492	4	4
-1	305	7	4
-1	494	3	6
-1	465	1	2
-1	422	4	7
-1	320	7	2
-1	484	1	2
-1	488	2	5
-1	530	9	1
-1	404	7	3
DDW
437	513
335	435
330	350
328	444
475	629
448	536
268	342
469	519
456	474
405	439
304	336
426	542
410	566
514	546
364	444
