HFSDDW
15	9	3
0	37	1	93	2	10
0	83	1	38	2	95
0	99	1	96	2	37
0	7	1	16	2	26
0	63	1	5	2	84
0	1	1	56	2	15
0	95	1	55	2	13
0	71	1	87	2	93
0	35	1	76	2	69
0	27	1	98	2	31
0	64	1	39	2	44
0	31	1	99	2	34
0	40	1	5	2	29
0	79	1	19	2	24
0	74	1	15	2	14
LBCmax: 307
RELDUE
-1	108	3	7
-1	65	9	1
-1	196	4	7
-1	106	8	3
-1	140	1	5
-1	274	6	5
-1	189	8	2
-1	204	4	8
-1	39	9	7
-1	217	8	9
-1	172	5	9
-1	0	8	4
-1	18	3	9
-1	120	6	2
-1	159	5	4
DDW
102	114
62	68
172	220
91	121
125	155
247	301
178	200
175	233
33	45
200	234
150	194
0	0
15	21
97	143
127	191
