HFSDDW
20	12	4
0	91	1	26	2	85	3	32
0	36	1	97	2	7	3	48
0	39	1	37	2	75	3	78
0	81	1	45	2	52	3	77
0	92	1	20	2	8	3	17
0	50	1	38	2	40	3	65
0	42	1	41	2	78	3	6
0	85	1	94	2	9	3	77
0	56	1	11	2	6	3	28
0	74	1	5	2	67	3	58
0	69	1	63	2	3	3	40
0	10	1	42	2	78	3	57
0	54	1	13	2	5	3	63
0	58	1	38	2	90	3	53
0	85	1	20	2	90	3	95
0	19	1	2	2	62	3	44
0	29	1	98	2	22	3	70
0	40	1	24	2	4	3	88
0	52	1	49	2	47	3	87
0	36	1	1	2	56	3	99
LBCmax: 469
RELDUE
-1	315	2	1
-1	202	2	3
-1	284	1	2
-1	347	1	1
-1	395	9	1
-1	267	2	8
-1	193	6	9
-1	191	4	9
-1	198	5	9
-1	287	5	8
-1	260	8	1
-1	293	5	8
-1	179	8	5
-1	343	7	8
-1	254	1	8
-1	333	8	7
-1	141	9	4
-1	306	8	5
-1	172	1	2
-1	173	6	7
DDW
302	328
200	204
275	293
340	354
379	411
251	283
176	210
185	197
190	206
273	301
255	265
287	299
177	181
333	353
244	264
326	340
133	149
297	315
163	181
163	183
