HFSDDW
15	9	3
0	78	1	33	2	96
0	77	1	95	2	18
0	60	1	10	2	49
0	2	1	24	2	77
0	48	1	25	2	51
0	56	1	23	2	15
0	19	1	12	2	16
0	7	1	29	2	93
0	96	1	67	2	35
0	38	1	30	2	78
0	13	1	77	2	43
0	25	1	66	2	51
0	56	1	48	2	75
0	80	1	86	2	95
0	92	1	16	2	47
LBCmax: 318
RELDUE
-1	216	8	3
-1	168	8	7
-1	159	8	5
-1	207	4	3
-1	162	6	9
-1	185	9	7
-1	197	4	4
-1	169	3	2
-1	170	2	2
-1	191	5	1
-1	205	5	4
-1	161	6	3
-1	161	4	5
-1	211	6	3
-1	177	7	9
DDW
194	238
150	186
137	181
186	228
130	194
161	209
189	205
161	177
160	180
189	193
182	228
130	192
147	175
177	245
173	181
