HFSDDW
20	4	2
0	65	1	29
0	60	1	10
0	46	1	86
0	92	1	20
0	62	1	83
0	69	1	66
0	90	1	74
0	95	1	63
0	61	1	79
0	5	1	44
0	59	1	50
0	43	1	50
0	70	1	12
0	28	1	45
0	38	1	78
0	72	1	35
0	62	1	57
0	56	1	98
0	69	1	32
0	56	1	77
LBCmax: 610
RELDUE
-1	363	6	5
-1	327	8	8
-1	381	2	4
-1	376	1	4
-1	377	2	9
-1	318	9	3
-1	378	3	3
-1	396	9	4
-1	403	8	8
-1	326	9	6
-1	377	5	5
-1	358	6	2
-1	379	2	3
-1	393	7	9
-1	385	9	4
-1	324	2	6
-1	411	9	2
-1	317	2	1
-1	353	4	7
-1	347	5	3
DDW
359	367
317	337
358	404
342	410
366	388
308	328
367	389
380	412
371	435
316	336
366	388
354	362
371	387
362	424
350	420
321	327
374	448
295	339
328	378
316	378
