HFSDDW
20	9	3
0	94	1	36	2	36
0	15	1	98	2	88
0	49	1	48	2	24
0	54	1	20	2	76
0	66	1	27	2	45
0	94	1	10	2	98
0	31	1	17	2	99
0	36	1	67	2	53
0	55	1	41	2	13
0	53	1	15	2	91
0	35	1	50	2	35
0	47	1	57	2	89
0	57	1	81	2	56
0	48	1	56	2	22
0	1	1	10	2	68
0	11	1	41	2	4
0	43	1	89	2	47
0	58	1	51	2	15
0	84	1	58	2	69
0	83	1	59	2	58
LBCmax: 405
RELDUE
-1	183	1	1
-1	199	1	3
-1	148	5	7
-1	146	9	2
-1	136	6	9
-1	177	2	7
-1	154	3	9
-1	136	7	6
-1	178	8	7
-1	166	9	9
-1	151	7	2
-1	144	3	8
-1	155	5	2
-1	188	2	7
-1	170	5	1
-1	184	3	2
-1	149	9	2
-1	168	6	6
-1	190	8	1
-1	157	8	4
DDW
156	210
189	209
130	166
124	168
125	147
154	200
151	157
124	148
174	182
164	168
124	178
124	164
133	177
154	222
144	196
155	213
125	173
160	176
162	218
148	166
