HFSDDW
20	6	3
0	87	1	4	2	38
0	2	1	69	2	74
0	81	1	60	2	19
0	10	1	25	2	28
0	83	1	95	2	49
0	70	1	38	2	82
0	3	1	84	2	37
0	46	1	83	2	91
0	86	1	57	2	65
0	69	1	9	2	35
0	32	1	42	2	42
0	73	1	77	2	9
0	85	1	89	2	43
0	58	1	28	2	42
0	34	1	79	2	95
0	24	1	5	2	10
0	91	1	27	2	9
0	50	1	96	2	38
0	22	1	42	2	20
0	46	1	16	2	13
LBCmax: 552
RELDUE
-1	176	5	5
-1	179	8	8
-1	222	3	8
-1	258	5	1
-1	252	5	4
-1	258	8	4
-1	260	7	3
-1	177	5	2
-1	186	9	5
-1	210	1	2
-1	259	4	9
-1	220	9	5
-1	209	4	6
-1	215	2	5
-1	228	8	3
-1	271	3	2
-1	178	5	5
-1	171	6	5
-1	273	4	7
-1	235	6	9
DDW
162	190
149	209
195	249
214	302
224	280
235	281
218	302
173	181
149	223
191	229
256	262
191	249
207	211
178	252
214	242
238	304
155	201
161	181
251	295
202	268
