HFSDDW
20	8	4
0	14	1	66	2	69	3	99
0	31	1	28	2	84	3	67
0	51	1	72	2	32	3	36
0	11	1	2	2	55	3	29
0	95	1	87	2	69	3	99
0	19	1	58	2	18	3	69
0	83	1	17	2	29	3	62
0	30	1	46	2	51	3	36
0	17	1	24	2	57	3	79
0	69	1	68	2	79	3	74
0	71	1	41	2	10	3	88
0	77	1	11	2	61	3	44
0	58	1	55	2	1	3	15
0	2	1	43	2	25	3	56
0	48	1	1	2	16	3	15
0	99	1	23	2	38	3	5
0	21	1	96	2	19	3	87
0	45	1	76	2	59	3	27
0	9	1	95	2	29	3	78
0	48	1	29	2	91	3	73
LBCmax: 638
RELDUE
-1	276	9	7
-1	391	9	8
-1	76	9	7
-1	351	1	1
-1	238	2	5
-1	205	1	2
-1	192	1	4
-1	347	6	2
-1	441	2	6
-1	66	6	8
-1	181	6	5
-1	328	8	4
-1	266	5	9
-1	311	7	4
-1	353	2	8
-1	249	7	4
-1	74	6	1
-1	83	8	8
-1	325	8	2
-1	374	8	7
DDW
265	287
379	403
71	81
330	372
214	262
201	209
179	205
344	350
437	445
61	71
176	186
315	341
253	279
283	339
346	360
237	261
67	81
78	88
312	338
370	378
