HFSDDW
15	8	4
0	90	1	30	2	30	3	62
0	60	1	15	2	64	3	85
0	38	1	58	2	12	3	1
0	87	1	80	2	16	3	4
0	99	1	22	2	47	3	16
0	60	1	23	2	30	3	42
0	72	1	91	2	75	3	26
0	68	1	19	2	67	3	1
0	80	1	36	2	21	3	35
0	85	1	47	2	39	3	50
0	25	1	18	2	95	3	41
0	85	1	23	2	79	3	76
0	31	1	60	2	91	3	93
0	89	1	90	2	21	3	67
0	1	1	88	2	89	3	68
LBCmax: 563
RELDUE
-1	325	4	3
-1	325	8	6
-1	301	5	2
-1	302	9	9
-1	383	1	3
-1	294	7	2
-1	304	9	2
-1	340	5	4
-1	348	9	6
-1	372	7	1
-1	300	8	9
-1	341	7	5
-1	375	7	1
-1	391	3	2
-1	385	5	4
DDW
299	351
315	335
244	358
242	362
322	444
270	318
295	313
316	364
317	379
327	417
273	327
310	372
364	386
317	465
370	400
