HFSDDW
15	8	4
0	64	1	96	2	51	3	46
0	86	1	85	2	34	3	69
0	55	1	26	2	94	3	56
0	24	1	95	2	52	3	34
0	71	1	20	2	47	3	60
0	39	1	60	2	27	3	66
0	39	1	1	2	81	3	88
0	6	1	52	2	72	3	85
0	17	1	95	2	89	3	11
0	86	1	64	2	60	3	94
0	75	1	8	2	86	3	25
0	23	1	14	2	43	3	44
0	46	1	1	2	4	3	4
0	92	1	13	2	50	3	5
0	70	1	85	2	7	3	85
LBCmax: 490
RELDUE
-1	70	3	7
-1	273	1	4
-1	360	3	6
-1	66	4	4
-1	314	1	5
-1	91	7	9
-1	241	1	5
-1	189	8	4
-1	75	1	6
-1	256	7	9
-1	280	3	4
-1	83	8	7
-1	341	2	7
-1	303	2	4
-1	463	1	5
DDW
56	84
248	298
328	392
62	70
301	327
85	97
207	275
172	206
62	88
241	271
241	319
82	84
300	382
267	339
380	546
