HFSDDW
20	6	2
0	44	1	63
0	54	1	62
0	77	1	23
0	25	1	35
0	81	1	74
0	51	1	70
0	22	1	73
0	21	1	42
0	45	1	30
0	80	1	94
0	82	1	21
0	73	1	89
0	26	1	65
0	2	1	94
0	91	1	55
0	63	1	57
0	99	1	40
0	31	1	75
0	84	1	65
0	25	1	40
LBCmax: 404
RELDUE
-1	299	2	3
-1	361	4	3
-1	307	1	9
-1	313	7	8
-1	306	4	5
-1	338	6	8
-1	300	1	4
-1	307	7	8
-1	319	9	4
-1	308	6	6
-1	330	4	7
-1	335	5	6
-1	307	9	9
-1	314	3	6
-1	335	7	1
-1	301	8	2
-1	356	3	2
-1	336	2	9
-1	312	5	1
-1	293	3	4
DDW
269	329
347	375
279	335
282	344
282	330
311	365
282	318
279	335
297	341
283	333
317	343
315	355
304	310
289	339
312	358
283	319
324	388
306	366
303	321
287	299
