HFSDDW
20	8	4
0	57	1	4	2	28	3	17
0	27	1	38	2	3	3	14
0	92	1	52	2	69	3	89
0	45	1	33	2	70	3	65
0	63	1	74	2	72	3	5
0	68	1	7	2	1	3	2
0	45	1	59	2	27	3	18
0	75	1	72	2	47	3	51
0	9	1	74	2	49	3	42
0	30	1	70	2	71	3	8
0	71	1	4	2	85	3	7
0	73	1	27	2	11	3	22
0	20	1	3	2	37	3	60
0	96	1	53	2	20	3	51
0	3	1	27	2	72	3	67
0	11	1	85	2	39	3	20
0	6	1	19	2	80	3	71
0	83	1	29	2	36	3	92
0	4	1	64	2	34	3	65
0	21	1	94	2	29	3	18
LBCmax: 481
RELDUE
-1	188	5	4
-1	62	4	9
-1	332	6	4
-1	258	6	3
-1	150	2	5
-1	299	3	1
-1	208	9	5
-1	207	2	1
-1	206	8	6
-1	332	8	2
-1	160	6	3
-1	55	2	8
-1	333	9	3
-1	59	9	9
-1	328	7	5
-1	296	1	6
-1	235	9	7
-1	237	7	1
-1	50	7	1
-1	206	1	9
DDW
175	201
59	65
309	355
206	310
129	171
278	320
206	210
188	226
171	241
269	395
128	192
44	66
276	390
49	69
266	390
281	311
223	247
211	263
50	50
192	220
