HFSDDW
20	4	2
0	85	1	11
0	92	1	82
0	5	1	71
0	73	1	15
0	55	1	42
0	24	1	26
0	81	1	64
0	33	1	16
0	98	1	96
0	28	1	42
0	33	1	80
0	70	1	79
0	40	1	56
0	52	1	20
0	34	1	38
0	56	1	1
0	29	1	94
0	73	1	77
0	1	1	98
0	36	1	34
LBCmax: 524
RELDUE
-1	166	2	5
-1	203	8	2
-1	193	8	3
-1	262	9	8
-1	212	9	6
-1	176	2	9
-1	185	6	9
-1	184	3	8
-1	160	5	7
-1	224	3	2
-1	181	3	3
-1	213	2	7
-1	210	2	1
-1	249	5	4
-1	175	7	7
-1	162	4	8
-1	199	6	8
-1	171	2	5
-1	201	6	2
-1	208	2	3
DDW
158	174
185	221
179	207
236	288
191	233
167	185
150	220
162	206
142	178
211	237
159	203
183	243
172	248
237	261
168	182
131	193
183	215
168	174
199	203
173	243
