HFSDDW
20	12	4
0	70	1	85	2	78	3	75
0	89	1	37	2	23	3	65
0	53	1	44	2	10	3	22
0	3	1	64	2	68	3	17
0	20	1	2	2	30	3	51
0	32	1	61	2	72	3	99
0	65	1	64	2	83	3	12
0	70	1	38	2	49	3	54
0	21	1	4	2	22	3	82
0	13	1	71	2	77	3	2
0	34	1	84	2	22	3	7
0	88	1	50	2	62	3	64
0	31	1	58	2	70	3	55
0	32	1	95	2	29	3	10
0	13	1	79	2	11	3	25
0	54	1	11	2	94	3	16
0	94	1	56	2	2	3	98
0	42	1	85	2	5	3	48
0	25	1	28	2	18	3	48
0	39	1	66	2	11	3	15
LBCmax: 400
RELDUE
-1	124	5	6
-1	165	2	5
-1	316	5	2
-1	151	3	1
-1	284	8	8
-1	347	7	5
-1	173	7	9
-1	179	3	4
-1	300	3	8
-1	150	5	9
-1	287	4	7
-1	200	3	3
-1	266	2	7
-1	244	8	7
-1	236	8	9
-1	176	6	3
-1	338	5	8
-1	135	6	4
-1	150	9	4
-1	198	6	5
DDW
108	140
158	172
284	348
122	180
258	310
330	364
151	195
156	202
282	318
146	154
232	342
196	204
234	298
237	251
189	283
150	202
308	368
109	161
141	159
164	232
