HFSDDW
20	12	4
0	82	1	58	2	3	3	63
0	7	1	56	2	62	3	73
0	47	1	21	2	37	3	4
0	18	1	44	2	68	3	67
0	96	1	6	2	68	3	67
0	70	1	58	2	40	3	61
0	74	1	72	2	58	3	28
0	40	1	80	2	50	3	68
0	19	1	6	2	73	3	24
0	34	1	44	2	74	3	99
0	67	1	95	2	99	3	65
0	50	1	97	2	23	3	92
0	29	1	14	2	90	3	51
0	66	1	76	2	51	3	25
0	19	1	41	2	88	3	34
0	98	1	35	2	34	3	66
0	71	1	68	2	84	3	13
0	71	1	44	2	33	3	53
0	32	1	68	2	99	3	74
0	58	1	75	2	11	3	77
LBCmax: 492
RELDUE
-1	293	2	1
-1	339	2	8
-1	440	8	4
-1	225	2	9
-1	413	7	7
-1	441	7	4
-1	154	3	2
-1	273	8	4
-1	310	4	1
-1	290	7	7
-1	164	6	4
-1	423	6	3
-1	310	4	4
-1	265	9	9
-1	150	7	7
-1	245	2	3
-1	330	8	3
-1	248	6	4
-1	425	4	2
-1	390	5	5
DDW
267	319
336	342
409	471
207	243
376	450
410	472
143	165
259	287
291	329
270	310
148	180
398	448
291	329
257	273
147	153
225	265
310	350
223	273
404	446
370	410
