HFSDDW
20	6	3
0	22	1	91	2	65
0	74	1	12	2	50
0	92	1	48	2	26
0	62	1	6	2	47
0	38	1	46	2	74
0	31	1	57	2	51
0	58	1	55	2	19
0	85	1	76	2	45
0	6	1	52	2	47
0	81	1	46	2	18
0	81	1	94	2	71
0	32	1	11	2	37
0	93	1	24	2	99
0	38	1	6	2	92
0	2	1	1	2	38
0	68	1	72	2	13
0	22	1	41	2	84
0	96	1	72	2	67
0	16	1	36	2	16
0	21	1	68	2	59
LBCmax: 559
RELDUE
-1	395	8	4
-1	404	6	1
-1	393	4	8
-1	399	2	1
-1	481	2	7
-1	403	2	7
-1	476	5	4
-1	398	4	9
-1	431	9	9
-1	433	2	3
-1	433	9	6
-1	428	7	8
-1	449	1	5
-1	413	5	5
-1	447	2	8
-1	421	5	4
-1	485	2	3
-1	476	8	7
-1	399	5	9
-1	433	7	9
DDW
359	431
372	436
358	428
371	427
471	491
375	431
438	514
390	406
392	470
407	459
416	450
389	467
422	476
376	450
425	469
413	429
456	514
438	514
395	403
394	472
