HFSDDW
200	25	5
0	69	1	1	2	21	3	74	4	25
0	84	1	92	2	75	3	84	4	31
0	51	1	79	2	63	3	16	4	16
0	9	1	57	2	86	3	89	4	45
0	79	1	44	2	25	3	40	4	37
0	89	1	15	2	57	3	18	4	84
0	60	1	88	2	21	3	73	4	80
0	69	1	51	2	32	3	26	4	20
0	13	1	28	2	44	3	72	4	73
0	60	1	12	2	95	3	16	4	62
0	8	1	74	2	72	3	74	4	90
0	26	1	75	2	80	3	37	4	36
0	69	1	35	2	57	3	99	4	70
0	62	1	59	2	90	3	35	4	47
0	58	1	26	2	60	3	70	4	33
0	52	1	99	2	52	3	66	4	76
0	77	1	20	2	42	3	56	4	77
0	86	1	16	2	46	3	83	4	55
0	93	1	70	2	95	3	90	4	50
0	77	1	70	2	45	3	3	4	11
0	2	1	22	2	60	3	68	4	5
0	82	1	15	2	3	3	42	4	38
0	26	1	23	2	15	3	60	4	59
0	50	1	93	2	2	3	22	4	84
0	47	1	13	2	7	3	80	4	53
0	87	1	30	2	69	3	20	4	55
0	81	1	55	2	50	3	55	4	75
0	55	1	59	2	73	3	51	4	95
0	72	1	14	2	4	3	45	4	29
0	71	1	56	2	35	3	31	4	1
0	84	1	68	2	23	3	19	4	64
0	88	1	15	2	80	3	15	4	18
0	52	1	45	2	82	3	86	4	57
0	71	1	73	2	59	3	85	4	4
0	90	1	20	2	51	3	27	4	13
0	33	1	9	2	62	3	51	4	82
0	31	1	95	2	39	3	20	4	71
0	13	1	32	2	32	3	91	4	86
0	40	1	79	2	58	3	33	4	44
0	28	1	31	2	18	3	88	4	58
0	97	1	97	2	49	3	28	4	10
0	64	1	18	2	95	3	7	4	31
0	79	1	53	2	29	3	33	4	86
0	57	1	7	2	63	3	16	4	44
0	39	1	42	2	68	3	99	4	63
0	12	1	61	2	18	3	82	4	84
0	3	1	91	2	73	3	93	4	85
0	34	1	46	2	11	3	10	4	8
0	95	1	36	2	26	3	60	4	7
0	87	1	50	2	26	3	47	4	87
0	21	1	68	2	3	3	45	4	19
0	56	1	30	2	50	3	64	4	98
0	3	1	1	2	14	3	22	4	29
0	88	1	80	2	35	3	48	4	53
0	12	1	95	2	53	3	8	4	49
0	3	1	17	2	8	3	93	4	76
0	62	1	36	2	71	3	95	4	63
0	34	1	89	2	29	3	75	4	29
0	5	1	95	2	46	3	12	4	5
0	94	1	23	2	4	3	31	4	19
0	7	1	15	2	78	3	94	4	75
0	26	1	15	2	94	3	95	4	16
0	40	1	22	2	57	3	88	4	36
0	67	1	29	2	18	3	58	4	94
0	98	1	52	2	60	3	19	4	48
0	16	1	49	2	42	3	4	4	54
0	79	1	13	2	76	3	74	4	69
0	47	1	57	2	76	3	20	4	38
0	20	1	95	2	33	3	59	4	89
0	82	1	39	2	58	3	75	4	37
0	66	1	6	2	46	3	37	4	21
0	55	1	54	2	60	3	46	4	60
0	77	1	73	2	90	3	42	4	36
0	28	1	45	2	82	3	19	4	89
0	11	1	52	2	98	3	20	4	75
0	3	1	20	2	2	3	30	4	65
0	77	1	90	2	66	3	67	4	88
0	74	1	66	2	40	3	54	4	15
0	92	1	97	2	31	3	60	4	61
0	46	1	6	2	90	3	23	4	62
0	38	1	56	2	40	3	86	4	27
0	14	1	8	2	26	3	61	4	18
0	36	1	53	2	31	3	80	4	83
0	86	1	7	2	23	3	53	4	61
0	61	1	6	2	28	3	4	4	96
0	13	1	22	2	39	3	59	4	29
0	97	1	29	2	78	3	67	4	28
0	21	1	51	2	79	3	41	4	75
0	67	1	40	2	78	3	37	4	79
0	40	1	67	2	50	3	76	4	74
0	40	1	82	2	37	3	61	4	1
0	32	1	28	2	36	3	90	4	14
0	91	1	69	2	67	3	33	4	21
0	7	1	75	2	63	3	52	4	63
0	36	1	27	2	82	3	78	4	94
0	22	1	27	2	91	3	25	4	57
0	46	1	71	2	62	3	84	4	89
0	15	1	91	2	17	3	67	4	95
0	92	1	15	2	89	3	28	4	83
0	98	1	72	2	46	3	17	4	72
0	64	1	5	2	98	3	14	4	39
0	13	1	99	2	59	3	67	4	78
0	6	1	37	2	12	3	34	4	67
0	21	1	7	2	82	3	43	4	6
0	16	1	59	2	95	3	56	4	71
0	21	1	38	2	55	3	94	4	95
0	49	1	80	2	75	3	52	4	92
0	42	1	73	2	49	3	45	4	77
0	15	1	32	2	49	3	88	4	90
0	56	1	3	2	56	3	60	4	63
0	92	1	89	2	3	3	11	4	56
0	6	1	9	2	42	3	43	4	18
0	75	1	45	2	64	3	71	4	30
0	25	1	61	2	60	3	41	4	25
0	47	1	57	2	38	3	66	4	90
0	83	1	10	2	7	3	66	4	15
0	19	1	81	2	94	3	32	4	4
0	59	1	77	2	64	3	95	4	87
0	33	1	32	2	7	3	27	4	2
0	70	1	68	2	77	3	59	4	65
0	94	1	43	2	15	3	35	4	17
0	35	1	52	2	37	3	21	4	73
0	95	1	3	2	75	3	28	4	99
0	93	1	50	2	33	3	68	4	70
0	48	1	97	2	64	3	54	4	92
0	16	1	51	2	11	3	64	4	20
0	16	1	32	2	47	3	1	4	21
0	75	1	67	2	59	3	16	4	69
0	7	1	41	2	44	3	23	4	91
0	31	1	56	2	79	3	28	4	9
0	20	1	36	2	10	3	89	4	18
0	96	1	79	2	60	3	43	4	1
0	83	1	42	2	72	3	1	4	57
0	63	1	55	2	75	3	7	4	25
0	26	1	90	2	18	3	98	4	63
0	7	1	54	2	42	3	62	4	62
0	60	1	72	2	83	3	56	4	1
0	80	1	23	2	58	3	82	4	24
0	96	1	7	2	17	3	15	4	86
0	65	1	69	2	43	3	65	4	29
0	75	1	80	2	73	3	3	4	83
0	29	1	18	2	12	3	26	4	12
0	43	1	37	2	98	3	81	4	41
0	12	1	59	2	17	3	1	4	77
0	41	1	97	2	92	3	82	4	29
0	19	1	74	2	3	3	13	4	98
0	38	1	11	2	76	3	34	4	86
0	79	1	98	2	80	3	72	4	71
0	62	1	11	2	32	3	71	4	81
0	59	1	9	2	36	3	74	4	74
0	6	1	52	2	43	3	88	4	88
0	77	1	88	2	90	3	74	4	64
0	55	1	16	2	98	3	28	4	73
0	32	1	61	2	64	3	94	4	61
0	13	1	79	2	44	3	29	4	15
0	30	1	65	2	21	3	2	4	69
0	11	1	39	2	29	3	39	4	92
0	85	1	68	2	87	3	46	4	9
0	91	1	9	2	6	3	9	4	16
0	47	1	13	2	5	3	97	4	49
0	97	1	45	2	41	3	14	4	61
0	27	1	9	2	14	3	73	4	58
0	13	1	67	2	89	3	6	4	54
0	17	1	87	2	60	3	35	4	88
0	64	1	73	2	19	3	86	4	69
0	5	1	73	2	35	3	13	4	68
0	18	1	60	2	23	3	53	4	71
0	66	1	97	2	15	3	77	4	66
0	77	1	55	2	15	3	87	4	96
0	24	1	19	2	1	3	55	4	99
0	59	1	52	2	70	3	10	4	84
0	25	1	26	2	55	3	44	4	57
0	53	1	73	2	1	3	6	4	41
0	52	1	44	2	37	3	34	4	87
0	19	1	72	2	83	3	68	4	11
0	10	1	59	2	31	3	89	4	46
0	85	1	73	2	79	3	14	4	9
0	65	1	90	2	13	3	68	4	47
0	40	1	43	2	71	3	21	4	14
0	4	1	54	2	10	3	47	4	45
0	79	1	82	2	66	3	67	4	80
0	87	1	69	2	2	3	99	4	75
0	65	1	94	2	65	3	98	4	71
0	79	1	93	2	86	3	96	4	75
0	61	1	32	2	68	3	86	4	48
0	75	1	2	2	63	3	55	4	7
0	55	1	50	2	84	3	45	4	66
0	4	1	7	2	13	3	33	4	22
0	96	1	88	2	14	3	92	4	82
0	46	1	78	2	72	3	49	4	34
0	11	1	67	2	13	3	71	4	83
0	48	1	14	2	80	3	20	4	6
0	86	1	6	2	47	3	92	4	21
0	16	1	10	2	20	3	33	4	68
0	73	1	81	2	54	3	75	4	78
0	72	1	18	2	75	3	5	4	3
0	97	1	29	2	14	3	22	4	96
0	87	1	37	2	14	3	62	4	18
0	89	1	27	2	92	3	28	4	36
0	90	1	42	2	22	3	72	4	66
LBCmax: 2196
RELDUE
-1	1255	8	4
-1	1355	9	8
-1	1275	6	8
-1	1455	8	4
-1	1365	1	9
-1	1227	6	8
-1	1158	4	3
-1	1265	6	4
-1	1505	4	8
-1	1144	4	2
-1	1232	5	3
-1	1267	4	9
-1	1430	8	5
-1	1175	8	3
-1	1133	2	7
-1	1350	1	1
-1	1504	3	1
-1	1209	9	1
-1	1520	7	1
-1	1243	4	8
-1	1444	4	2
-1	1521	3	9
-1	1353	1	7
-1	1162	5	1
-1	1445	9	1
-1	1300	9	9
-1	1487	4	1
-1	1213	1	6
-1	1272	1	1
-1	1485	1	2
-1	1233	9	5
-1	1519	2	3
-1	1112	8	5
-1	1265	5	3
-1	1389	4	6
-1	1268	6	3
-1	1486	5	5
-1	1240	7	3
-1	1364	9	5
-1	1391	8	2
-1	1421	9	8
-1	1532	4	2
-1	1190	8	2
-1	1322	7	3
-1	1481	9	4
-1	1320	9	7
-1	1323	1	3
-1	1427	9	9
-1	1184	1	9
-1	1440	1	6
-1	1530	2	3
-1	1170	7	3
-1	1210	5	6
-1	1270	5	9
-1	1484	3	8
-1	1272	6	6
-1	1099	3	9
-1	1211	3	2
-1	1107	1	1
-1	1162	5	7
-1	1277	8	3
-1	1483	3	9
-1	1531	6	8
-1	1118	3	2
-1	1449	6	8
-1	1251	3	1
-1	1252	4	2
-1	1262	9	6
-1	1323	2	2
-1	1403	7	3
-1	1402	7	7
-1	1361	9	2
-1	1383	8	4
-1	1226	5	2
-1	1360	1	8
-1	1450	8	9
-1	1428	5	3
-1	1128	7	9
-1	1218	9	7
-1	1223	7	6
-1	1515	3	3
-1	1157	4	5
-1	1127	5	6
-1	1369	2	1
-1	1492	9	6
-1	1160	9	9
-1	1407	4	3
-1	1380	1	1
-1	1319	3	2
-1	1214	2	3
-1	1266	4	2
-1	1373	2	7
-1	1231	9	3
-1	1299	5	2
-1	1211	4	9
-1	1476	7	4
-1	1098	4	1
-1	1170	9	4
-1	1411	4	5
-1	1328	7	2
-1	1165	2	5
-1	1158	2	5
-1	1201	8	9
-1	1318	6	3
-1	1136	3	7
-1	1266	6	8
-1	1324	6	4
-1	1521	2	2
-1	1448	2	6
-1	1131	5	3
-1	1381	1	1
-1	1508	6	9
-1	1530	8	6
-1	1421	5	3
-1	1185	4	7
-1	1218	6	8
-1	1453	5	9
-1	1260	1	9
-1	1163	9	7
-1	1387	9	9
-1	1382	6	3
-1	1410	8	7
-1	1481	4	9
-1	1207	8	1
-1	1234	8	7
-1	1126	2	8
-1	1228	9	4
-1	1182	1	2
-1	1113	8	2
-1	1421	6	3
-1	1449	5	4
-1	1356	9	6
-1	1255	1	8
-1	1428	4	6
-1	1155	4	3
-1	1454	2	5
-1	1494	7	5
-1	1346	6	8
-1	1330	3	8
-1	1323	6	9
-1	1373	7	5
-1	1423	4	6
-1	1470	5	8
-1	1285	8	1
-1	1371	9	9
-1	1295	1	8
-1	1381	1	7
-1	1347	5	3
-1	1211	4	2
-1	1531	6	5
-1	1120	5	3
-1	1376	6	6
-1	1104	6	6
-1	1122	2	5
-1	1484	8	3
-1	1293	9	9
-1	1215	5	6
-1	1532	5	9
-1	1182	9	3
-1	1107	2	3
-1	1136	1	3
-1	1240	6	5
-1	1506	2	4
-1	1124	4	1
-1	1220	9	4
-1	1122	4	1
-1	1351	3	2
-1	1200	5	5
-1	1364	8	8
-1	1268	1	8
-1	1262	6	4
-1	1205	3	6
-1	1467	9	1
-1	1377	3	5
-1	1111	2	5
-1	1496	4	1
-1	1478	1	4
-1	1294	5	2
-1	1374	6	2
-1	1476	4	3
-1	1283	2	2
-1	1418	5	4
-1	1509	8	9
-1	1119	7	4
-1	1398	1	9
-1	1171	2	1
-1	1350	3	3
-1	1231	6	6
-1	1481	1	1
-1	1400	5	2
-1	1337	1	9
-1	1499	8	4
-1	1262	9	4
-1	1320	9	9
-1	1285	6	3
-1	1231	9	7
-1	1454	5	7
-1	1443	6	5
-1	1163	9	8
-1	1346	7	1
DDW
1155	1355
1084	1626
1160	1390
1382	1528
1242	1488
1141	1313
973	1343
1050	1480
1279	1731
950	1338
1195	1269
1115	1419
1244	1616
1116	1234
1076	1190
1256	1444
1399	1609
1197	1221
1368	1672
1106	1380
1155	1733
1262	1780
1164	1542
964	1360
1431	1459
1183	1417
1323	1651
1080	1346
1119	1425
1440	1530
1036	1430
1428	1610
1034	1190
1138	1392
1181	1597
1243	1293
1337	1635
1091	1389
1350	1378
1210	1572
1265	1577
1486	1578
1130	1250
1097	1547
1437	1525
1214	1426
1297	1349
1341	1513
1042	1326
1339	1541
1454	1606
959	1381
1125	1295
1206	1334
1454	1514
1119	1425
1033	1165
1066	1356
1063	1151
1150	1174
1073	1481
1394	1572
1439	1623
984	1252
1420	1478
1026	1476
1189	1315
1212	1312
1177	1469
1361	1445
1164	1640
1157	1565
1369	1397
1018	1434
1088	1632
1204	1696
1257	1599
925	1331
1047	1389
1052	1394
1394	1636
1088	1226
902	1352
1301	1437
1209	1775
951	1369
1140	1674
1352	1408
1213	1425
1178	1250
1051	1481
1126	1620
1133	1329
1039	1559
1005	1417
1387	1565
900	1296
1018	1322
1185	1637
1248	1408
1130	1200
938	1378
1009	1393
1199	1437
1011	1261
1139	1393
1086	1562
1354	1688
1376	1520
1063	1199
1105	1657
1387	1629
1255	1805
1265	1577
1019	1351
1084	1352
1366	1540
1247	1273
1000	1326
1318	1456
1106	1658
1368	1452
1244	1718
1110	1304
1148	1320
912	1340
1130	1326
1170	1194
890	1336
1208	1634
1159	1739
1085	1627
1217	1293
1299	1557
1016	1294
1323	1585
1345	1643
1184	1508
1130	1530
1204	1442
1359	1387
1295	1551
1205	1735
1246	1324
1316	1426
1178	1412
1367	1395
1105	1589
1126	1296
1424	1638
896	1344
1142	1610
894	1314
987	1257
1395	1573
1034	1552
1166	1264
1394	1670
1158	1206
974	1240
1113	1159
1029	1451
1340	1672
1000	1248
1147	1293
898	1346
1270	1432
1080	1320
1105	1623
1205	1331
1237	1287
1024	1386
1379	1555
1294	1460
1067	1155
1316	1676
1389	1567
1126	1462
1319	1429
1196	1756
1039	1527
1276	1560
1298	1720
962	1276
1188	1608
1136	1206
1323	1377
1083	1379
1437	1525
1218	1582
1257	1417
1469	1529
1136	1388
1267	1373
1195	1375
1182	1280
1192	1716
1328	1558
965	1361
1292	1400
