HFSDDW
100	25	5
0	57	1	65	2	37	3	73	4	69
0	51	1	22	2	15	3	61	4	60
0	17	1	84	2	77	3	18	4	91
0	72	1	33	2	32	3	92	4	1
0	23	1	10	2	92	3	1	4	69
0	91	1	80	2	4	3	78	4	40
0	55	1	54	2	44	3	49	4	55
0	43	1	20	2	41	3	91	4	77
0	84	1	35	2	57	3	73	4	2
0	5	1	58	2	66	3	25	4	42
0	22	1	63	2	22	3	24	4	2
0	47	1	73	2	36	3	5	4	77
0	71	1	19	2	37	3	21	4	5
0	63	1	40	2	28	3	62	4	49
0	53	1	92	2	40	3	15	4	16
0	88	1	53	2	19	3	99	4	65
0	34	1	15	2	79	3	36	4	19
0	92	1	33	2	20	3	48	4	9
0	70	1	83	2	37	3	14	4	7
0	65	1	98	2	36	3	68	4	39
0	64	1	30	2	4	3	75	4	89
0	30	1	24	2	7	3	8	4	14
0	93	1	54	2	37	3	40	4	44
0	56	1	40	2	1	3	3	4	13
0	30	1	20	2	80	3	54	4	79
0	69	1	56	2	26	3	9	4	51
0	89	1	17	2	51	3	60	4	1
0	4	1	11	2	4	3	47	4	88
0	69	1	27	2	12	3	34	4	15
0	17	1	47	2	97	3	70	4	50
0	26	1	97	2	34	3	56	4	9
0	45	1	50	2	49	3	96	4	20
0	74	1	97	2	97	3	57	4	24
0	77	1	4	2	76	3	39	4	41
0	46	1	37	2	53	3	14	4	44
0	4	1	8	2	46	3	39	4	63
0	23	1	59	2	56	3	59	4	26
0	91	1	83	2	94	3	52	4	56
0	54	1	61	2	7	3	28	4	15
0	71	1	29	2	55	3	11	4	38
0	13	1	70	2	58	3	29	4	5
0	89	1	45	2	20	3	12	4	5
0	37	1	4	2	10	3	34	4	96
0	15	1	42	2	38	3	32	4	32
0	93	1	9	2	25	3	83	4	86
0	84	1	30	2	26	3	99	4	73
0	75	1	53	2	36	3	2	4	50
0	53	1	1	2	27	3	55	4	36
0	47	1	64	2	83	3	47	4	19
0	50	1	51	2	73	3	31	4	99
0	29	1	91	2	23	3	78	4	44
0	5	1	45	2	74	3	42	4	20
0	59	1	19	2	20	3	39	4	30
0	84	1	68	2	9	3	83	4	44
0	14	1	16	2	82	3	95	4	85
0	30	1	26	2	78	3	65	4	37
0	33	1	56	2	95	3	99	4	44
0	84	1	31	2	57	3	58	4	45
0	9	1	27	2	84	3	35	4	76
0	28	1	44	2	44	3	18	4	35
0	82	1	43	2	89	3	86	4	86
0	14	1	9	2	27	3	93	4	14
0	79	1	67	2	10	3	6	4	87
0	4	1	24	2	21	3	95	4	46
0	54	1	11	2	50	3	39	4	36
0	87	1	31	2	48	3	19	4	57
0	86	1	81	2	61	3	30	4	54
0	89	1	66	2	9	3	14	4	30
0	75	1	4	2	64	3	45	4	65
0	42	1	17	2	78	3	48	4	73
0	4	1	23	2	49	3	71	4	81
0	72	1	93	2	51	3	51	4	98
0	83	1	61	2	8	3	36	4	28
0	98	1	6	2	80	3	52	4	97
0	37	1	16	2	8	3	65	4	70
0	50	1	46	2	6	3	73	4	94
0	71	1	53	2	99	3	46	4	53
0	63	1	33	2	89	3	49	4	82
0	96	1	16	2	57	3	16	4	47
0	15	1	95	2	29	3	18	4	67
0	36	1	36	2	27	3	50	4	36
0	88	1	16	2	83	3	2	4	31
0	26	1	88	2	77	3	57	4	27
0	30	1	61	2	62	3	82	4	64
0	65	1	17	2	31	3	70	4	2
0	22	1	58	2	92	3	19	4	56
0	55	1	18	2	88	3	6	4	59
0	35	1	27	2	49	3	10	4	65
0	48	1	49	2	88	3	18	4	56
0	9	1	38	2	1	3	88	4	17
0	53	1	34	2	46	3	53	4	2
0	19	1	5	2	56	3	49	4	15
0	30	1	24	2	65	3	45	4	76
0	9	1	1	2	72	3	97	4	91
0	4	1	12	2	52	3	18	4	17
0	17	1	29	2	14	3	15	4	93
0	83	1	58	2	4	3	2	4	3
0	21	1	71	2	35	3	4	4	40
0	30	1	70	2	1	3	95	4	36
0	25	1	84	2	43	3	42	4	47
LBCmax: 1064
RELDUE
-1	762	2	5
-1	885	7	5
-1	750	5	9
-1	952	5	2
-1	772	7	2
-1	833	7	5
-1	919	4	2
-1	805	7	6
-1	823	3	3
-1	927	6	4
-1	936	2	4
-1	941	2	3
-1	834	9	1
-1	862	4	6
-1	811	5	1
-1	898	9	2
-1	787	8	6
-1	879	1	5
-1	837	9	4
-1	863	7	9
-1	824	6	7
-1	884	2	4
-1	890	7	7
-1	867	7	6
-1	876	4	6
-1	816	8	7
-1	768	9	2
-1	866	3	8
-1	920	4	5
-1	941	6	4
-1	813	5	8
-1	929	6	7
-1	898	2	6
-1	888	6	8
-1	927	1	2
-1	783	7	9
-1	863	6	6
-1	758	8	5
-1	935	2	7
-1	875	6	2
-1	829	4	8
-1	836	3	8
-1	954	2	3
-1	784	2	6
-1	853	3	2
-1	827	2	4
-1	805	8	3
-1	843	5	8
-1	882	1	5
-1	881	3	1
-1	755	1	9
-1	791	5	2
-1	957	8	9
-1	929	2	3
-1	766	4	8
-1	836	6	6
-1	954	8	4
-1	842	1	6
-1	821	6	8
-1	914	5	9
-1	810	4	1
-1	797	5	9
-1	844	1	4
-1	841	1	3
-1	859	2	1
-1	752	4	7
-1	787	5	5
-1	905	2	4
-1	894	4	2
-1	772	9	3
-1	780	2	8
-1	773	3	5
-1	902	5	6
-1	920	5	5
-1	779	3	8
-1	946	3	3
-1	889	9	4
-1	851	6	1
-1	759	4	6
-1	793	1	5
-1	756	8	8
-1	884	2	4
-1	943	4	9
-1	784	1	4
-1	931	3	6
-1	766	3	4
-1	930	8	3
-1	928	7	5
-1	867	8	1
-1	835	4	5
-1	787	8	6
-1	766	9	4
-1	896	8	2
-1	765	8	2
-1	809	9	1
-1	776	1	7
-1	951	1	5
-1	858	4	3
-1	883	7	8
-1	846	1	6
DDW
716	808
867	903
728	772
885	1019
726	818
758	908
873	965
741	869
765	881
918	936
908	964
903	979
809	859
802	922
746	876
871	925
708	866
800	958
787	887
837	889
808	840
804	964
846	934
850	884
815	937
767	865
737	799
831	901
837	1003
894	988
740	886
836	1022
808	988
817	959
834	1020
728	838
820	906
728	788
851	1019
788	962
763	895
828	844
897	1011
721	847
785	921
769	885
765	845
801	885
811	953
863	899
725	785
720	862
928	986
845	1013
728	804
777	895
878	1030
834	850
813	829
823	1005
770	850
781	813
768	920
824	858
833	885
722	782
748	826
851	959
831	957
764	780
710	850
727	819
893	911
865	975
740	818
937	955
853	925
791	911
721	797
714	872
748	764
796	972
886	1000
729	839
922	940
758	774
865	995
909	947
841	893
802	868
708	866
735	797
869	923
696	834
760	858
722	830
932	970
824	892
830	936
812	880
