HFSDDW
100	25	5
0	82	1	70	2	34	3	42	4	29
0	8	1	57	2	9	3	92	4	51
0	52	1	26	2	10	3	21	4	72
0	27	1	29	2	29	3	16	4	41
0	32	1	18	2	3	3	88	4	86
0	93	1	9	2	6	3	74	4	9
0	14	1	90	2	24	3	28	4	20
0	94	1	79	2	82	3	7	4	82
0	82	1	19	2	92	3	4	4	10
0	94	1	30	2	36	3	66	4	96
0	67	1	50	2	53	3	98	4	48
0	65	1	67	2	46	3	55	4	35
0	98	1	52	2	34	3	83	4	37
0	61	1	3	2	81	3	2	4	78
0	47	1	47	2	23	3	33	4	59
0	13	1	25	2	98	3	79	4	92
0	63	1	73	2	40	3	78	4	42
0	64	1	38	2	25	3	79	4	54
0	27	1	34	2	27	3	71	4	83
0	30	1	85	2	10	3	66	4	48
0	92	1	48	2	35	3	88	4	49
0	21	1	27	2	20	3	39	4	35
0	41	1	69	2	66	3	63	4	71
0	26	1	12	2	55	3	41	4	73
0	24	1	77	2	3	3	47	4	51
0	14	1	21	2	51	3	50	4	29
0	28	1	15	2	32	3	31	4	1
0	16	1	38	2	52	3	30	4	22
0	37	1	18	2	85	3	44	4	13
0	58	1	68	2	63	3	99	4	57
0	19	1	30	2	68	3	93	4	25
0	15	1	46	2	88	3	37	4	36
0	99	1	76	2	70	3	11	4	8
0	26	1	37	2	35	3	63	4	56
0	88	1	60	2	26	3	20	4	36
0	6	1	91	2	58	3	34	4	93
0	46	1	57	2	51	3	92	4	11
0	98	1	47	2	39	3	7	4	85
0	69	1	50	2	15	3	94	4	22
0	61	1	48	2	75	3	37	4	87
0	22	1	33	2	1	3	43	4	69
0	58	1	5	2	49	3	58	4	19
0	24	1	88	2	54	3	44	4	90
0	42	1	25	2	78	3	1	4	9
0	79	1	98	2	29	3	78	4	87
0	39	1	46	2	32	3	97	4	74
0	58	1	17	2	21	3	47	4	71
0	13	1	57	2	9	3	23	4	53
0	94	1	98	2	80	3	87	4	61
0	80	1	95	2	70	3	5	4	79
0	37	1	69	2	75	3	28	4	8
0	24	1	5	2	22	3	56	4	30
0	12	1	73	2	51	3	83	4	60
0	8	1	67	2	7	3	72	4	77
0	85	1	17	2	55	3	48	4	15
0	81	1	18	2	41	3	17	4	7
0	43	1	75	2	28	3	19	4	38
0	89	1	41	2	93	3	39	4	48
0	9	1	35	2	52	3	93	4	41
0	22	1	47	2	97	3	28	4	54
0	13	1	89	2	97	3	27	4	94
0	21	1	15	2	28	3	13	4	27
0	7	1	63	2	6	3	49	4	87
0	36	1	46	2	33	3	45	4	71
0	66	1	74	2	67	3	25	4	69
0	50	1	64	2	62	3	7	4	93
0	34	1	20	2	14	3	63	4	93
0	54	1	77	2	1	3	24	4	18
0	74	1	14	2	80	3	13	4	42
0	45	1	30	2	4	3	6	4	5
0	76	1	15	2	52	3	56	4	87
0	39	1	22	2	73	3	58	4	45
0	56	1	52	2	21	3	20	4	93
0	86	1	50	2	43	3	55	4	33
0	58	1	45	2	10	3	28	4	96
0	52	1	94	2	55	3	82	4	24
0	20	1	60	2	56	3	2	4	18
0	19	1	68	2	57	3	75	4	55
0	33	1	5	2	42	3	78	4	61
0	22	1	93	2	61	3	19	4	56
0	94	1	87	2	49	3	73	4	46
0	31	1	6	2	25	3	59	4	36
0	44	1	66	2	90	3	35	4	26
0	96	1	96	2	19	3	2	4	74
0	19	1	93	2	67	3	99	4	99
0	54	1	3	2	31	3	66	4	75
0	58	1	34	2	37	3	27	4	29
0	32	1	12	2	82	3	55	4	87
0	13	1	43	2	98	3	39	4	12
0	67	1	14	2	8	3	53	4	65
0	26	1	74	2	59	3	44	4	37
0	2	1	20	2	49	3	73	4	92
0	28	1	75	2	58	3	84	4	77
0	11	1	30	2	63	3	6	4	93
0	85	1	14	2	63	3	15	4	62
0	75	1	94	2	28	3	88	4	33
0	40	1	95	2	78	3	2	4	49
0	84	1	74	2	92	3	90	4	28
0	12	1	62	2	10	3	63	4	59
0	38	1	85	2	14	3	62	4	1
LBCmax: 1131
RELDUE
-1	366	9	3
-1	457	3	5
-1	130	8	6
-1	514	9	8
-1	656	5	6
-1	192	7	3
-1	189	7	2
-1	418	4	7
-1	673	2	6
-1	533	7	1
-1	160	3	3
-1	738	5	5
-1	525	5	7
-1	388	4	7
-1	470	7	6
-1	336	6	7
-1	768	8	6
-1	495	7	9
-1	349	2	4
-1	747	4	2
-1	355	7	2
-1	366	5	6
-1	611	3	8
-1	640	9	3
-1	666	3	6
-1	267	4	8
-1	144	7	5
-1	114	7	6
-1	487	8	7
-1	274	9	2
-1	725	3	3
-1	661	2	9
-1	561	9	9
-1	709	4	1
-1	763	5	4
-1	719	6	8
-1	741	2	6
-1	244	4	1
-1	260	8	8
-1	368	3	7
-1	606	7	1
-1	315	4	1
-1	179	2	8
-1	304	1	4
-1	253	9	1
-1	249	2	4
-1	122	5	3
-1	579	8	4
-1	184	1	6
-1	291	7	3
-1	395	4	9
-1	309	7	8
-1	651	1	6
-1	580	6	2
-1	555	1	6
-1	792	8	9
-1	638	5	3
-1	283	4	2
-1	640	8	1
-1	502	7	1
-1	161	9	1
-1	188	2	5
-1	723	3	2
-1	512	3	8
-1	600	7	1
-1	291	1	2
-1	290	2	9
-1	609	4	8
-1	418	3	6
-1	544	1	6
-1	388	3	8
-1	637	4	3
-1	348	2	3
-1	773	8	3
-1	253	9	7
-1	153	6	9
-1	300	9	6
-1	420	4	4
-1	500	8	3
-1	530	6	8
-1	257	3	7
-1	357	5	1
-1	723	6	6
-1	309	7	5
-1	671	8	6
-1	528	8	3
-1	123	1	2
-1	773	8	1
-1	266	6	8
-1	763	3	1
-1	193	3	1
-1	571	9	1
-1	397	4	1
-1	550	3	5
-1	320	6	9
-1	531	9	1
-1	384	1	3
-1	460	3	5
-1	496	4	4
-1	754	6	5
DDW
329	403
420	494
121	139
478	550
544	768
177	207
151	227
351	485
559	787
501	565
134	186
590	886
520	530
345	431
423	517
319	353
645	891
450	540
307	391
657	837
327	383
348	384
501	721
525	755
579	753
222	312
137	151
97	131
399	575
258	290
624	826
635	687
539	583
596	822
671	855
582	856
630	852
210	278
250	270
361	375
594	618
280	350
154	204
280	328
240	266
247	251
121	123
521	637
153	215
285	297
332	458
247	371
540	762
568	592
533	577
752	832
568	708
255	311
544	736
402	602
156	166
179	197
586	860
451	573
522	678
256	326
244	336
579	639
339	497
484	604
349	427
618	656
331	365
688	858
225	281
127	179
264	336
378	462
430	570
466	594
213	301
300	414
586	860
260	358
597	745
454	602
113	133
750	796
231	301
710	816
176	210
537	605
322	472
522	578
256	384
441	621
334	434
451	469
417	575
648	860
