HFSDDW
100	25	5
0	74	1	29	2	55	3	32	4	67
0	5	1	79	2	12	3	14	4	35
0	34	1	13	2	7	3	92	4	21
0	64	1	61	2	62	3	10	4	18
0	18	1	1	2	57	3	65	4	24
0	48	1	70	2	2	3	35	4	7
0	20	1	60	2	21	3	86	4	93
0	8	1	58	2	31	3	65	4	37
0	50	1	82	2	9	3	60	4	52
0	48	1	4	2	85	3	44	4	59
0	17	1	93	2	21	3	41	4	48
0	73	1	71	2	90	3	8	4	20
0	35	1	78	2	76	3	8	4	16
0	73	1	92	2	20	3	99	4	14
0	7	1	31	2	96	3	72	4	68
0	35	1	91	2	96	3	14	4	76
0	44	1	84	2	57	3	76	4	89
0	26	1	40	2	79	3	39	4	20
0	37	1	68	2	23	3	45	4	3
0	71	1	6	2	2	3	45	4	78
0	55	1	83	2	85	3	31	4	53
0	86	1	96	2	48	3	73	4	13
0	81	1	75	2	76	3	32	4	75
0	50	1	21	2	1	3	18	4	89
0	33	1	13	2	80	3	79	4	77
0	39	1	8	2	52	3	70	4	96
0	29	1	90	2	52	3	36	4	21
0	61	1	99	2	27	3	23	4	4
0	30	1	92	2	7	3	26	4	38
0	61	1	91	2	90	3	69	4	52
0	51	1	6	2	83	3	55	4	45
0	42	1	4	2	7	3	54	4	14
0	78	1	45	2	77	3	76	4	84
0	91	1	23	2	41	3	12	4	15
0	51	1	94	2	77	3	15	4	60
0	41	1	7	2	54	3	41	4	16
0	47	1	17	2	82	3	18	4	46
0	23	1	7	2	96	3	90	4	78
0	57	1	92	2	72	3	10	4	25
0	84	1	15	2	30	3	42	4	47
0	39	1	51	2	79	3	55	4	2
0	56	1	28	2	69	3	95	4	5
0	36	1	49	2	65	3	39	4	67
0	61	1	62	2	60	3	31	4	61
0	85	1	27	2	50	3	34	4	57
0	58	1	22	2	68	3	89	4	75
0	26	1	77	2	13	3	94	4	77
0	96	1	38	2	28	3	17	4	89
0	95	1	37	2	1	3	85	4	43
0	9	1	28	2	34	3	43	4	64
0	23	1	55	2	98	3	81	4	62
0	12	1	1	2	45	3	97	4	43
0	35	1	60	2	80	3	21	4	78
0	58	1	37	2	71	3	62	4	71
0	23	1	35	2	43	3	42	4	66
0	48	1	26	2	65	3	91	4	49
0	31	1	87	2	26	3	25	4	53
0	71	1	78	2	31	3	32	4	65
0	95	1	93	2	31	3	73	4	55
0	35	1	56	2	80	3	8	4	84
0	72	1	57	2	72	3	72	4	41
0	87	1	12	2	57	3	16	4	14
0	86	1	36	2	54	3	49	4	13
0	47	1	35	2	56	3	68	4	8
0	80	1	6	2	39	3	96	4	75
0	30	1	5	2	70	3	86	4	31
0	91	1	46	2	57	3	8	4	76
0	74	1	16	2	54	3	84	4	65
0	59	1	21	2	16	3	19	4	79
0	59	1	40	2	81	3	60	4	9
0	1	1	1	2	13	3	99	4	5
0	66	1	18	2	75	3	96	4	11
0	83	1	41	2	71	3	84	4	22
0	41	1	78	2	47	3	72	4	39
0	31	1	80	2	71	3	3	4	48
0	59	1	90	2	21	3	18	4	16
0	90	1	23	2	10	3	78	4	31
0	91	1	33	2	58	3	3	4	10
0	56	1	40	2	57	3	73	4	81
0	18	1	50	2	31	3	96	4	39
0	80	1	93	2	9	3	22	4	77
0	20	1	30	2	10	3	52	4	45
0	76	1	97	2	58	3	80	4	21
0	60	1	31	2	92	3	54	4	31
0	8	1	21	2	44	3	63	4	82
0	91	1	23	2	97	3	21	4	31
0	10	1	59	2	24	3	79	4	35
0	97	1	14	2	88	3	2	4	12
0	62	1	23	2	6	3	58	4	33
0	58	1	82	2	77	3	53	4	22
0	86	1	57	2	77	3	65	4	31
0	60	1	49	2	46	3	39	4	86
0	96	1	32	2	88	3	21	4	35
0	18	1	73	2	79	3	45	4	23
0	47	1	43	2	90	3	42	4	69
0	84	1	15	2	85	3	30	4	25
0	10	1	46	2	45	3	99	4	44
0	52	1	81	2	59	3	48	4	75
0	48	1	67	2	50	3	16	4	16
0	30	1	35	2	85	3	23	4	16
LBCmax: 1135
RELDUE
-1	1148	8	5
-1	584	6	7
-1	788	3	7
-1	771	8	3
-1	1077	4	9
-1	867	2	4
-1	1022	3	6
-1	808	7	9
-1	1221	5	5
-1	885	6	9
-1	873	9	8
-1	1004	7	1
-1	681	4	8
-1	665	2	4
-1	1090	3	1
-1	910	5	5
-1	1162	3	3
-1	1173	1	8
-1	1095	9	7
-1	1136	4	3
-1	810	2	9
-1	665	8	4
-1	781	5	9
-1	1041	3	9
-1	1081	6	5
-1	1106	4	9
-1	1200	5	2
-1	1081	3	1
-1	751	8	5
-1	836	4	4
-1	906	6	5
-1	772	1	4
-1	994	4	7
-1	660	2	1
-1	834	5	8
-1	612	9	8
-1	659	2	4
-1	667	7	9
-1	737	9	3
-1	1249	6	4
-1	1149	6	2
-1	883	7	7
-1	997	6	6
-1	574	9	2
-1	776	9	1
-1	1139	1	4
-1	913	3	9
-1	809	7	7
-1	832	9	4
-1	1009	1	7
-1	859	8	3
-1	879	4	7
-1	618	6	5
-1	837	8	2
-1	1114	4	3
-1	1050	1	5
-1	1053	9	9
-1	996	8	4
-1	939	7	3
-1	1221	7	8
-1	916	7	1
-1	1190	1	5
-1	623	8	5
-1	952	5	2
-1	1229	6	9
-1	667	1	5
-1	576	3	8
-1	587	6	4
-1	1081	7	9
-1	1044	2	2
-1	818	8	8
-1	1061	7	7
-1	1003	9	5
-1	1096	5	4
-1	1236	1	3
-1	1177	1	6
-1	917	7	3
-1	773	9	8
-1	831	3	9
-1	1191	9	1
-1	759	9	6
-1	957	5	4
-1	815	2	5
-1	991	3	1
-1	1226	4	5
-1	593	7	7
-1	721	1	6
-1	724	1	9
-1	795	3	3
-1	1033	5	4
-1	809	1	2
-1	912	1	4
-1	977	9	4
-1	766	8	1
-1	899	8	8
-1	1208	2	8
-1	826	1	2
-1	612	2	2
-1	595	4	3
-1	675	6	4
DDW
1091	1205
537	631
780	796
671	871
948	1206
815	919
910	1134
784	832
1160	1282
876	894
777	969
813	1195
620	742
585	745
1079	1101
764	1056
1034	1290
1150	1196
986	1204
966	1306
688	932
625	705
742	820
926	1156
1005	1157
896	1316
1032	1368
865	1297
683	819
694	978
806	1006
625	919
855	1133
647	673
809	859
526	698
639	679
600	734
612	862
1074	1424
931	1367
759	1007
837	1157
476	672
729	823
1093	1185
849	977
720	898
807	857
928	1090
739	979
826	932
513	723
686	988
947	1281
840	1260
1011	1095
886	1106
883	995
1062	1380
806	1026
1059	1321
530	716
866	1038
1094	1364
587	747
541	611
540	634
984	1178
971	1117
703	933
1040	1082
953	1053
921	1271
1026	1446
1165	1189
825	1009
703	843
789	873
1143	1239
668	850
928	986
668	962
981	1001
1189	1263
557	629
699	743
601	847
739	851
1002	1064
720	898
793	1031
938	1016
728	804
881	917
1111	1305
661	991
563	661
553	637
580	770
