HFSDDW
50	15	5
0	6	1	3	2	6	3	69	4	48
0	75	1	27	2	13	3	6	4	47
0	67	1	65	2	28	3	25	4	46
0	44	1	4	2	30	3	84	4	6
0	88	1	3	2	69	3	46	4	4
0	11	1	8	2	56	3	25	4	61
0	3	1	11	2	34	3	50	4	20
0	12	1	76	2	64	3	66	4	75
0	35	1	4	2	17	3	62	4	68
0	34	1	10	2	8	3	24	4	48
0	92	1	80	2	92	3	65	4	74
0	4	1	33	2	59	3	66	4	38
0	67	1	70	2	87	3	44	4	45
0	56	1	31	2	78	3	5	4	35
0	68	1	39	2	63	3	10	4	70
0	84	1	86	2	8	3	77	4	69
0	1	1	99	2	33	3	77	4	68
0	23	1	19	2	69	3	75	4	17
0	78	1	17	2	98	3	28	4	9
0	64	1	17	2	72	3	18	4	12
0	3	1	31	2	4	3	89	4	79
0	53	1	17	2	83	3	95	4	89
0	18	1	25	2	81	3	97	4	38
0	67	1	38	2	10	3	75	4	23
0	38	1	62	2	4	3	88	4	56
0	51	1	41	2	35	3	1	4	7
0	68	1	14	2	89	3	66	4	66
0	69	1	96	2	44	3	97	4	15
0	6	1	36	2	73	3	85	4	99
0	54	1	35	2	2	3	90	4	41
0	26	1	7	2	97	3	95	4	74
0	40	1	28	2	16	3	33	4	29
0	13	1	81	2	82	3	88	4	21
0	5	1	36	2	16	3	31	4	68
0	71	1	94	2	13	3	60	4	17
0	2	1	88	2	18	3	88	4	3
0	16	1	40	2	45	3	60	4	80
0	62	1	16	2	94	3	91	4	26
0	41	1	80	2	11	3	69	4	3
0	24	1	54	2	85	3	64	4	95
0	18	1	19	2	70	3	22	4	70
0	32	1	94	2	38	3	78	4	72
0	52	1	11	2	27	3	31	4	13
0	72	1	37	2	23	3	9	4	59
0	88	1	41	2	25	3	5	4	27
0	90	1	84	2	43	3	57	4	92
0	48	1	4	2	53	3	93	4	84
0	96	1	69	2	23	3	89	4	48
0	67	1	78	2	17	3	19	4	74
0	30	1	54	2	79	3	56	4	31
LBCmax: 985
RELDUE
-1	764	7	2
-1	210	3	4
-1	651	3	7
-1	0	9	2
-1	0	2	9
-1	660	5	8
-1	829	4	9
-1	555	4	4
-1	836	6	5
-1	692	8	1
-1	373	2	2
-1	405	5	4
-1	697	2	9
-1	742	8	3
-1	142	6	7
-1	370	2	9
-1	476	2	1
-1	226	3	2
-1	364	7	5
-1	61	9	3
-1	0	2	2
-1	38	4	9
-1	223	5	2
-1	497	6	3
-1	804	6	6
-1	3	5	4
-1	140	5	8
-1	0	1	6
-1	192	7	9
-1	858	3	3
-1	256	8	7
-1	0	6	4
-1	759	8	6
-1	159	7	4
-1	0	7	3
-1	66	7	2
-1	174	6	5
-1	366	9	1
-1	759	7	5
-1	0	8	9
-1	0	4	6
-1	0	6	1
-1	174	3	7
-1	0	4	3
-1	0	9	6
-1	63	4	8
-1	859	2	7
-1	209	4	4
-1	829	6	9
-1	167	1	9
DDW
703	825
195	225
573	729
0	0
0	0
607	713
680	978
549	561
669	1003
554	830
310	436
389	421
683	711
697	787
115	169
344	396
457	495
201	251
349	379
59	63
0	0
34	42
205	241
487	507
659	949
2	4
112	168
0	0
190	194
772	944
228	284
0	0
683	835
129	189
0	0
65	67
139	209
348	384
729	789
0	0
0	0
0	0
164	184
0	0
0	0
60	66
730	988
169	249
705	953
162	172
