HFSDDW
50	30	10
0	83	1	53	2	26	3	37	4	43	5	30	6	10	7	55	8	49	9	23
0	22	1	42	2	85	3	60	4	10	5	89	6	72	7	86	8	10	9	85
0	12	1	96	2	5	3	25	4	28	5	16	6	4	7	42	8	29	9	10
0	73	1	62	2	80	3	27	4	82	5	21	6	70	7	51	8	87	9	61
0	16	1	26	2	10	3	9	4	19	5	99	6	50	7	89	8	79	9	89
0	38	1	54	2	24	3	67	4	99	5	86	6	49	7	2	8	10	9	28
0	26	1	67	2	26	3	39	4	49	5	59	6	61	7	59	8	78	9	89
0	19	1	22	2	98	3	49	4	70	5	85	6	86	7	95	8	6	9	28
0	66	1	14	2	63	3	40	4	72	5	20	6	38	7	14	8	28	9	95
0	72	1	69	2	42	3	60	4	35	5	48	6	99	7	71	8	59	9	59
0	39	1	91	2	12	3	90	4	70	5	17	6	55	7	75	8	97	9	14
0	1	1	53	2	95	3	81	4	61	5	13	6	5	7	86	8	67	9	29
0	22	1	47	2	31	3	82	4	18	5	50	6	79	7	39	8	15	9	23
0	85	1	16	2	37	3	47	4	89	5	75	6	3	7	73	8	69	9	56
0	65	1	63	2	17	3	15	4	94	5	19	6	74	7	60	8	99	9	22
0	44	1	14	2	5	3	31	4	38	5	91	6	60	7	29	8	73	9	21
0	37	1	16	2	60	3	75	4	28	5	85	6	17	7	48	8	92	9	86
0	11	1	32	2	17	3	11	4	63	5	58	6	31	7	17	8	87	9	98
0	75	1	20	2	39	3	92	4	78	5	72	6	12	7	7	8	10	9	98
0	15	1	73	2	99	3	48	4	19	5	49	6	3	7	42	8	86	9	10
0	2	1	26	2	67	3	14	4	12	5	13	6	96	7	93	8	67	9	79
0	60	1	44	2	41	3	74	4	45	5	17	6	77	7	67	8	96	9	55
0	73	1	11	2	39	3	94	4	71	5	37	6	32	7	69	8	91	9	15
0	55	1	89	2	30	3	78	4	97	5	50	6	52	7	26	8	81	9	66
0	76	1	19	2	39	3	31	4	38	5	71	6	32	7	26	8	4	9	2
0	72	1	36	2	45	3	31	4	37	5	90	6	87	7	73	8	42	9	74
0	80	1	28	2	2	3	52	4	24	5	70	6	14	7	63	8	76	9	95
0	65	1	51	2	86	3	30	4	79	5	55	6	71	7	9	8	56	9	1
0	6	1	6	2	65	3	90	4	42	5	20	6	44	7	99	8	42	9	7
0	63	1	79	2	83	3	7	4	85	5	49	6	17	7	87	8	7	9	67
0	57	1	68	2	50	3	9	4	37	5	21	6	50	7	16	8	52	9	81
0	19	1	78	2	17	3	42	4	69	5	75	6	62	7	12	8	11	9	4
0	26	1	15	2	22	3	69	4	32	5	85	6	68	7	79	8	44	9	30
0	39	1	84	2	2	3	89	4	43	5	37	6	56	7	57	8	53	9	22
0	70	1	29	2	47	3	60	4	87	5	84	6	63	7	42	8	38	9	11
0	87	1	6	2	77	3	3	4	42	5	43	6	47	7	80	8	76	9	51
0	53	1	70	2	71	3	22	4	43	5	35	6	77	7	28	8	98	9	32
0	20	1	5	2	58	3	88	4	34	5	96	6	67	7	61	8	81	9	48
0	23	1	27	2	41	3	34	4	43	5	33	6	8	7	98	8	47	9	1
0	89	1	76	2	81	3	2	4	69	5	99	6	58	7	26	8	18	9	53
0	8	1	35	2	43	3	7	4	91	5	82	6	47	7	88	8	69	9	45
0	76	1	86	2	98	3	29	4	28	5	26	6	29	7	38	8	79	9	10
0	27	1	78	2	80	3	98	4	42	5	43	6	24	7	56	8	20	9	34
0	39	1	42	2	43	3	29	4	41	5	87	6	83	7	35	8	42	9	60
0	85	1	20	2	30	3	3	4	25	5	4	6	77	7	53	8	74	9	43
0	70	1	21	2	46	3	9	4	26	5	29	6	55	7	45	8	64	9	48
0	59	1	91	2	68	3	35	4	6	5	35	6	43	7	69	8	87	9	40
0	43	1	94	2	95	3	19	4	24	5	8	6	48	7	77	8	73	9	39
0	65	1	70	2	82	3	77	4	64	5	19	6	95	7	35	8	3	9	12
0	33	1	39	2	71	3	94	4	2	5	94	6	51	7	95	8	96	9	90
LBCmax: 1212
RELDUE
-1	806	8	6
-1	423	3	1
-1	837	5	5
-1	609	4	8
-1	1089	3	9
-1	918	5	3
-1	546	1	5
-1	558	6	3
-1	978	9	8
-1	495	5	3
-1	949	8	6
-1	927	2	8
-1	883	9	7
-1	549	6	8
-1	964	5	5
-1	1006	4	7
-1	428	9	1
-1	1026	4	9
-1	878	3	7
-1	998	3	3
-1	647	2	2
-1	425	3	8
-1	850	4	7
-1	919	6	9
-1	418	3	1
-1	395	6	8
-1	532	9	8
-1	371	3	3
-1	494	5	4
-1	579	2	8
-1	778	9	6
-1	750	4	7
-1	953	6	7
-1	972	4	1
-1	929	1	6
-1	782	9	3
-1	404	5	3
-1	717	1	6
-1	929	4	3
-1	1003	5	3
-1	1044	1	6
-1	864	6	4
-1	729	9	6
-1	980	8	1
-1	590	7	2
-1	767	5	8
-1	852	5	5
-1	695	3	6
-1	449	7	5
-1	458	3	6
DDW
774	838
398	448
762	912
572	646
1078	1100
881	955
530	562
513	603
900	1056
460	530
864	1034
908	946
795	971
494	604
887	1041
966	1046
424	432
1016	1036
799	957
898	1098
582	712
408	442
824	876
827	1011
410	426
387	403
495	569
367	375
445	543
544	614
700	856
682	818
943	963
885	1059
845	1013
735	829
372	436
645	789
892	966
943	1063
1002	1086
855	873
707	751
960	1000
566	614
736	798
767	937
646	744
409	489
412	504
