HFSDDW
100	15	5
0	32	1	96	2	21	3	90	4	4
0	90	1	1	2	1	3	87	4	14
0	84	1	43	2	94	3	18	4	24
0	31	1	21	2	27	3	9	4	31
0	23	1	50	2	2	3	35	4	16
0	91	1	33	2	28	3	49	4	8
0	46	1	28	2	19	3	88	4	11
0	39	1	79	2	43	3	99	4	20
0	63	1	49	2	22	3	79	4	12
0	67	1	59	2	45	3	8	4	77
0	37	1	2	2	15	3	33	4	97
0	82	1	95	2	85	3	74	4	12
0	57	1	72	2	51	3	79	4	67
0	56	1	25	2	6	3	8	4	85
0	52	1	78	2	27	3	89	4	68
0	74	1	29	2	22	3	24	4	49
0	33	1	88	2	20	3	71	4	71
0	45	1	13	2	85	3	90	4	29
0	43	1	93	2	68	3	88	4	62
0	90	1	97	2	42	3	12	4	55
0	43	1	53	2	38	3	22	4	26
0	59	1	74	2	25	3	65	4	24
0	53	1	73	2	62	3	26	4	79
0	69	1	52	2	79	3	9	4	23
0	44	1	39	2	16	3	78	4	42
0	58	1	10	2	38	3	28	4	77
0	76	1	87	2	11	3	69	4	6
0	79	1	51	2	98	3	45	4	13
0	70	1	87	2	20	3	66	4	76
0	69	1	32	2	42	3	10	4	93
0	38	1	18	2	33	3	89	4	12
0	4	1	38	2	59	3	79	4	68
0	49	1	37	2	97	3	88	4	48
0	66	1	63	2	93	3	20	4	99
0	18	1	54	2	35	3	96	4	52
0	56	1	19	2	49	3	3	4	73
0	27	1	68	2	29	3	34	4	39
0	58	1	54	2	21	3	57	4	3
0	42	1	92	2	19	3	77	4	64
0	34	1	90	2	32	3	19	4	10
0	7	1	38	2	22	3	11	4	76
0	84	1	83	2	37	3	37	4	56
0	84	1	88	2	57	3	7	4	42
0	80	1	9	2	63	3	49	4	89
0	12	1	42	2	36	3	18	4	58
0	26	1	35	2	57	3	33	4	19
0	65	1	86	2	30	3	92	4	66
0	88	1	46	2	19	3	58	4	55
0	74	1	18	2	84	3	2	4	18
0	53	1	35	2	13	3	36	4	83
0	26	1	27	2	83	3	30	4	97
0	64	1	3	2	5	3	52	4	50
0	49	1	27	2	4	3	18	4	90
0	97	1	59	2	64	3	40	4	53
0	35	1	90	2	5	3	94	4	15
0	94	1	57	2	34	3	1	4	5
0	90	1	23	2	22	3	50	4	93
0	39	1	4	2	1	3	95	4	3
0	85	1	41	2	66	3	9	4	6
0	48	1	14	2	67	3	12	4	20
0	94	1	71	2	72	3	82	4	48
0	35	1	22	2	89	3	15	4	3
0	7	1	68	2	4	3	48	4	60
0	26	1	5	2	54	3	24	4	52
0	94	1	58	2	69	3	38	4	68
0	93	1	24	2	96	3	88	4	67
0	81	1	90	2	23	3	81	4	11
0	19	1	51	2	40	3	2	4	58
0	17	1	15	2	85	3	92	4	95
0	17	1	38	2	19	3	48	4	79
0	44	1	59	2	43	3	60	4	25
0	36	1	2	2	35	3	15	4	54
0	12	1	26	2	1	3	48	4	22
0	16	1	46	2	23	3	37	4	41
0	75	1	64	2	53	3	66	4	36
0	80	1	72	2	77	3	42	4	51
0	56	1	6	2	49	3	9	4	23
0	23	1	48	2	62	3	56	4	74
0	17	1	17	2	26	3	47	4	47
0	90	1	14	2	38	3	70	4	80
0	71	1	15	2	81	3	7	4	5
0	79	1	7	2	77	3	25	4	45
0	63	1	25	2	92	3	63	4	98
0	6	1	76	2	91	3	25	4	99
0	67	1	83	2	67	3	62	4	24
0	59	1	39	2	6	3	19	4	45
0	66	1	35	2	7	3	62	4	80
0	41	1	25	2	42	3	4	4	43
0	16	1	71	2	38	3	11	4	12
0	92	1	24	2	62	3	49	4	42
0	15	1	22	2	13	3	71	4	13
0	87	1	48	2	19	3	82	4	46
0	41	1	1	2	58	3	80	4	79
0	29	1	18	2	31	3	83	4	57
0	80	1	34	2	87	3	81	4	83
0	96	1	45	2	56	3	51	4	32
0	35	1	76	2	56	3	76	4	30
0	44	1	22	2	36	3	50	4	92
0	93	1	7	2	60	3	58	4	3
0	16	1	13	2	58	3	31	4	83
LBCmax: 1883
RELDUE
-1	1782	4	4
-1	1993	2	8
-1	1830	7	9
-1	1984	6	1
-1	1636	7	6
-1	1847	6	6
-1	1328	5	6
-1	1294	5	4
-1	1928	3	1
-1	1121	2	8
-1	1413	7	4
-1	1976	1	3
-1	1702	4	6
-1	1512	5	4
-1	1061	6	2
-1	1675	7	1
-1	1443	5	4
-1	1864	3	9
-1	1503	5	1
-1	1342	7	1
-1	1016	8	7
-1	1866	6	3
-1	1854	1	6
-1	1969	6	7
-1	1662	7	1
-1	1779	8	3
-1	1779	1	2
-1	1276	2	9
-1	1839	3	8
-1	1710	4	2
-1	1882	5	3
-1	1926	5	5
-1	1226	8	6
-1	1713	2	1
-1	1591	4	6
-1	1417	9	2
-1	2043	4	2
-1	1664	9	1
-1	1111	7	7
-1	1506	3	7
-1	1050	9	7
-1	1965	6	5
-1	1493	4	5
-1	1324	9	3
-1	1516	3	3
-1	959	6	6
-1	1381	6	6
-1	1048	6	6
-1	1478	2	1
-1	1363	5	5
-1	1742	5	6
-1	1295	3	2
-1	1037	1	6
-1	2023	9	9
-1	1802	3	2
-1	1987	2	6
-1	1079	6	6
-1	1933	2	7
-1	1262	6	1
-1	1929	1	4
-1	1008	6	9
-1	992	8	1
-1	1527	9	4
-1	1158	6	7
-1	1310	5	3
-1	1558	9	7
-1	1691	3	7
-1	2061	3	4
-1	1993	5	5
-1	1715	4	7
-1	1703	6	1
-1	1851	9	1
-1	1694	1	1
-1	2069	9	9
-1	1232	4	9
-1	1122	9	2
-1	1314	9	2
-1	1471	9	5
-1	1394	8	2
-1	1643	3	7
-1	1338	1	2
-1	1671	4	9
-1	1869	3	5
-1	1417	3	9
-1	2039	4	8
-1	1527	3	2
-1	1830	6	4
-1	1274	8	6
-1	1982	9	7
-1	1675	1	9
-1	1279	4	6
-1	1051	4	6
-1	1343	4	7
-1	1254	7	2
-1	1439	8	8
-1	998	6	3
-1	1379	2	7
-1	1275	7	4
-1	954	6	1
-1	2029	8	5
DDW
1639	1925
1973	2013
1720	1940
1845	2123
1521	1751
1681	2013
1235	1421
1203	1385
1851	2005
1076	1166
1328	1498
1956	1996
1668	1736
1452	1572
1019	1103
1591	1759
1328	1558
1715	2013
1398	1608
1261	1423
925	1107
1829	1903
1835	1873
1851	2087
1629	1695
1601	1957
1601	1957
1161	1391
1710	1968
1642	1778
1694	2070
1733	2119
1116	1336
1610	1816
1559	1623
1360	1474
2023	2063
1548	1780
1000	1222
1416	1596
1029	1071
1945	1985
1374	1612
1245	1403
1471	1561
901	1017
1353	1409
954	1142
1419	1537
1322	1404
1620	1864
1166	1424
985	1089
1942	2104
1676	1928
1868	2106
971	1187
1740	2126
1199	1325
1775	2083
917	1099
913	1071
1374	1680
1146	1170
1244	1376
1449	1667
1657	1725
1917	2205
1953	2033
1544	1886
1618	1788
1814	1888
1558	1830
2048	2090
1170	1294
1021	1223
1248	1380
1383	1559
1338	1450
1528	1758
1218	1458
1654	1688
1757	1981
1346	1488
1876	2202
1512	1542
1738	1922
1198	1350
1804	2160
1558	1792
1215	1343
1040	1062
1303	1383
1216	1292
1338	1540
958	1038
1365	1393
1173	1377
935	973
1907	2151
