HFSDDW
100	30	10
0	63	1	47	2	29	3	42	4	46	5	4	6	87	7	91	8	18	9	59
0	45	1	30	2	91	3	24	4	90	5	35	6	33	7	32	8	8	9	4
0	22	1	66	2	65	3	3	4	58	5	56	6	97	7	60	8	6	9	29
0	25	1	42	2	32	3	1	4	62	5	39	6	40	7	87	8	63	9	21
0	19	1	83	2	50	3	29	4	40	5	85	6	47	7	28	8	8	9	76
0	6	1	81	2	13	3	91	4	31	5	96	6	82	7	26	8	83	9	89
0	6	1	28	2	85	3	89	4	35	5	4	6	98	7	90	8	61	9	52
0	94	1	45	2	68	3	87	4	84	5	38	6	17	7	37	8	63	9	73
0	10	1	69	2	52	3	30	4	23	5	44	6	29	7	40	8	70	9	66
0	57	1	14	2	4	3	74	4	15	5	91	6	97	7	60	8	94	9	37
0	87	1	56	2	67	3	55	4	82	5	60	6	13	7	25	8	7	9	92
0	79	1	45	2	63	3	11	4	80	5	37	6	75	7	56	8	66	9	91
0	74	1	58	2	20	3	95	4	95	5	80	6	42	7	94	8	73	9	93
0	41	1	56	2	42	3	27	4	85	5	53	6	3	7	96	8	48	9	62
0	31	1	4	2	33	3	78	4	86	5	12	6	51	7	93	8	94	9	78
0	16	1	42	2	94	3	4	4	62	5	29	6	37	7	71	8	60	9	2
0	19	1	18	2	52	3	14	4	52	5	24	6	4	7	37	8	25	9	27
0	34	1	78	2	9	3	5	4	60	5	70	6	25	7	42	8	10	9	84
0	30	1	49	2	1	3	95	4	77	5	98	6	62	7	39	8	64	9	56
0	17	1	31	2	37	3	46	4	43	5	13	6	52	7	20	8	27	9	62
0	9	1	14	2	68	3	67	4	44	5	38	6	33	7	89	8	43	9	92
0	4	1	94	2	62	3	76	4	72	5	70	6	18	7	57	8	36	9	53
0	62	1	64	2	73	3	68	4	11	5	4	6	42	7	62	8	61	9	47
0	19	1	6	2	16	3	47	4	75	5	16	6	80	7	34	8	51	9	40
0	65	1	72	2	95	3	71	4	53	5	22	6	68	7	61	8	74	9	72
0	95	1	94	2	84	3	73	4	1	5	44	6	40	7	99	8	56	9	41
0	96	1	71	2	29	3	96	4	74	5	98	6	79	7	16	8	1	9	56
0	90	1	83	2	6	3	95	4	87	5	89	6	69	7	3	8	16	9	89
0	35	1	80	2	88	3	88	4	51	5	24	6	22	7	42	8	47	9	32
0	75	1	80	2	77	3	11	4	44	5	94	6	44	7	99	8	97	9	54
0	42	1	53	2	60	3	19	4	82	5	12	6	88	7	88	8	85	9	11
0	75	1	38	2	83	3	67	4	6	5	16	6	82	7	40	8	45	9	50
0	77	1	37	2	69	3	68	4	80	5	10	6	7	7	95	8	52	9	92
0	46	1	69	2	5	3	62	4	47	5	82	6	21	7	70	8	7	9	40
0	36	1	33	2	56	3	36	4	57	5	38	6	97	7	10	8	5	9	28
0	12	1	4	2	55	3	47	4	77	5	5	6	84	7	91	8	38	9	73
0	6	1	93	2	36	3	92	4	64	5	6	6	34	7	22	8	21	9	24
0	94	1	13	2	34	3	5	4	15	5	44	6	80	7	33	8	12	9	43
0	13	1	97	2	90	3	25	4	81	5	43	6	15	7	57	8	84	9	42
0	98	1	29	2	32	3	33	4	34	5	42	6	97	7	64	8	71	9	51
0	5	1	75	2	89	3	81	4	33	5	99	6	70	7	50	8	33	9	33
0	25	1	51	2	79	3	95	4	61	5	9	6	4	7	11	8	12	9	22
0	91	1	76	2	38	3	78	4	26	5	66	6	81	7	1	8	71	9	72
0	46	1	17	2	62	3	61	4	39	5	38	6	8	7	9	8	91	9	81
0	73	1	64	2	25	3	51	4	18	5	47	6	50	7	36	8	72	9	26
0	39	1	86	2	52	3	49	4	59	5	28	6	38	7	11	8	56	9	67
0	18	1	69	2	79	3	60	4	87	5	8	6	88	7	19	8	57	9	24
0	1	1	94	2	20	3	30	4	49	5	28	6	51	7	86	8	61	9	78
0	17	1	45	2	29	3	45	4	34	5	59	6	65	7	13	8	3	9	11
0	99	1	97	2	53	3	25	4	64	5	4	6	85	7	65	8	64	9	10
0	59	1	31	2	78	3	49	4	26	5	44	6	67	7	22	8	99	9	31
0	77	1	51	2	50	3	77	4	51	5	72	6	41	7	34	8	26	9	28
0	43	1	75	2	16	3	47	4	24	5	4	6	41	7	94	8	66	9	46
0	43	1	86	2	22	3	51	4	20	5	85	6	66	7	80	8	20	9	89
0	91	1	43	2	14	3	71	4	33	5	49	6	48	7	76	8	74	9	91
0	63	1	51	2	39	3	36	4	67	5	83	6	16	7	32	8	25	9	23
0	4	1	73	2	55	3	54	4	88	5	90	6	30	7	98	8	58	9	65
0	6	1	61	2	15	3	37	4	36	5	99	6	62	7	45	8	14	9	75
0	55	1	65	2	21	3	75	4	82	5	92	6	48	7	86	8	83	9	36
0	70	1	35	2	55	3	96	4	86	5	19	6	88	7	59	8	82	9	42
0	19	1	49	2	19	3	9	4	85	5	3	6	36	7	3	8	99	9	68
0	22	1	71	2	18	3	50	4	67	5	38	6	52	7	80	8	72	9	96
0	43	1	44	2	16	3	22	4	95	5	71	6	6	7	18	8	50	9	18
0	11	1	4	2	62	3	71	4	56	5	7	6	47	7	13	8	90	9	79
0	56	1	45	2	86	3	15	4	15	5	99	6	17	7	5	8	30	9	48
0	67	1	9	2	86	3	86	4	99	5	75	6	34	7	96	8	13	9	14
0	96	1	18	2	52	3	82	4	57	5	19	6	9	7	46	8	94	9	60
0	91	1	40	2	90	3	92	4	40	5	97	6	57	7	1	8	8	9	96
0	54	1	2	2	88	3	2	4	51	5	3	6	17	7	75	8	72	9	80
0	72	1	51	2	99	3	76	4	82	5	39	6	93	7	4	8	57	9	96
0	90	1	71	2	10	3	69	4	57	5	27	6	19	7	94	8	47	9	2
0	18	1	34	2	88	3	16	4	60	5	95	6	30	7	50	8	32	9	55
0	3	1	34	2	73	3	15	4	88	5	41	6	40	7	14	8	10	9	2
0	5	1	54	2	43	3	12	4	7	5	83	6	91	7	19	8	45	9	24
0	84	1	22	2	29	3	71	4	62	5	39	6	62	7	84	8	17	9	87
0	10	1	43	2	71	3	3	4	93	5	57	6	97	7	95	8	81	9	16
0	87	1	5	2	84	3	45	4	96	5	64	6	91	7	77	8	9	9	77
0	4	1	11	2	6	3	9	4	70	5	80	6	5	7	3	8	52	9	49
0	79	1	56	2	97	3	22	4	91	5	62	6	83	7	40	8	18	9	50
0	86	1	95	2	37	3	29	4	37	5	80	6	38	7	83	8	74	9	98
0	48	1	84	2	75	3	39	4	84	5	98	6	37	7	63	8	33	9	14
0	52	1	94	2	44	3	32	4	37	5	31	6	7	7	62	8	54	9	35
0	81	1	51	2	59	3	59	4	90	5	8	6	73	7	76	8	71	9	89
0	42	1	21	2	28	3	54	4	2	5	94	6	80	7	58	8	38	9	93
0	25	1	20	2	7	3	4	4	97	5	91	6	52	7	5	8	92	9	6
0	73	1	76	2	30	3	39	4	17	5	96	6	25	7	17	8	49	9	77
0	25	1	60	2	91	3	43	4	71	5	32	6	66	7	89	8	31	9	43
0	51	1	49	2	25	3	60	4	11	5	61	6	45	7	56	8	61	9	99
0	55	1	68	2	84	3	66	4	17	5	66	6	91	7	88	8	37	9	6
0	69	1	64	2	10	3	60	4	68	5	64	6	29	7	64	8	33	9	66
0	25	1	62	2	74	3	49	4	55	5	25	6	51	7	69	8	29	9	56
0	52	1	69	2	55	3	49	4	22	5	56	6	76	7	26	8	27	9	6
0	41	1	77	2	53	3	26	4	73	5	87	6	39	7	64	8	92	9	46
0	33	1	80	2	23	3	95	4	75	5	92	6	94	7	35	8	12	9	91
0	15	1	22	2	60	3	81	4	54	5	99	6	9	7	61	8	39	9	12
0	88	1	4	2	38	3	27	4	26	5	47	6	10	7	48	8	76	9	67
0	86	1	87	2	77	3	83	4	24	5	71	6	46	7	60	8	74	9	29
0	62	1	41	2	14	3	35	4	90	5	19	6	18	7	71	8	72	9	73
0	78	1	78	2	25	3	80	4	58	5	29	6	43	7	95	8	69	9	28
0	83	1	46	2	59	3	44	4	6	5	28	6	45	7	77	8	58	9	82
LBCmax: 2042
RELDUE
-1	1703	2	8
-1	1596	7	9
-1	2384	8	2
-1	814	8	4
-1	1633	1	7
-1	1586	2	3
-1	2440	9	6
-1	663	8	4
-1	1370	1	4
-1	753	7	1
-1	1215	9	7
-1	1393	5	6
-1	2173	8	6
-1	669	9	7
-1	2432	7	4
-1	776	2	1
-1	1888	9	4
-1	2578	8	6
-1	1129	5	2
-1	2542	5	8
-1	1175	4	5
-1	1644	4	6
-1	2471	1	5
-1	1566	6	8
-1	1548	1	1
-1	934	2	3
-1	2283	1	2
-1	2047	1	5
-1	1212	3	1
-1	1892	1	2
-1	2120	2	2
-1	1448	6	7
-1	895	5	1
-1	2436	3	5
-1	1023	8	3
-1	1234	8	8
-1	2478	9	9
-1	923	6	5
-1	1238	3	8
-1	818	6	4
-1	1421	1	1
-1	1447	6	7
-1	1814	2	9
-1	1889	9	7
-1	2614	3	4
-1	1531	4	4
-1	2037	1	4
-1	1760	6	3
-1	1729	8	7
-1	2606	2	1
-1	1943	2	1
-1	1609	1	8
-1	1666	2	3
-1	1906	4	1
-1	1741	5	6
-1	672	2	4
-1	1781	5	7
-1	1431	1	2
-1	1922	5	9
-1	1311	6	6
-1	1959	1	5
-1	1005	3	5
-1	2106	9	4
-1	2134	7	5
-1	1288	4	4
-1	2423	6	6
-1	1110	7	6
-1	2392	3	9
-1	2301	1	7
-1	1811	5	8
-1	954	6	9
-1	1577	3	6
-1	1952	2	9
-1	923	9	4
-1	1733	3	4
-1	2383	7	9
-1	2485	2	6
-1	1194	9	6
-1	1607	8	5
-1	629	9	7
-1	1553	6	8
-1	1135	7	2
-1	931	1	5
-1	1262	7	9
-1	2604	4	2
-1	1124	1	7
-1	2437	5	7
-1	1645	1	2
-1	1307	3	6
-1	964	3	9
-1	2108	5	4
-1	1659	3	9
-1	1657	6	7
-1	2583	5	2
-1	1515	6	6
-1	1028	2	5
-1	1997	8	8
-1	2335	3	7
-1	1213	2	1
-1	804	6	7
DDW
1618	1788
1580	1612
1907	2861
790	838
1519	1747
1269	1903
2220	2660
603	723
1206	1534
625	881
1130	1300
1309	1477
2064	2282
542	796
2310	2554
737	815
1680	2096
2191	2965
1005	1253
2339	2745
940	1410
1447	1841
2298	2644
1300	1832
1238	1858
813	1055
1849	2717
1760	2334
1103	1321
1778	2006
1717	2523
1376	1520
716	1074
2119	2753
859	1187
1123	1345
2280	2676
886	960
1077	1399
703	933
1336	1506
1404	1490
1596	2032
1587	2191
2457	2771
1255	1807
1935	2139
1426	2094
1522	1936
2554	2658
1846	2040
1464	1754
1483	1849
1811	2001
1497	1985
578	766
1514	2048
1374	1488
1864	1980
1114	1508
1920	1998
844	1166
1685	2527
1985	2283
1043	1533
2350	2496
1032	1188
2105	2679
2209	2393
1521	2101
792	1116
1451	1703
1893	2011
757	1089
1698	1768
1954	2812
2460	2510
1051	1337
1430	1784
610	648
1429	1677
1124	1146
912	950
1161	1363
2578	2630
1012	1236
2071	2803
1398	1892
1046	1568
935	993
1792	2424
1576	1742
1640	1674
2118	3048
1333	1697
925	1131
1937	2057
2218	2452
995	1431
772	836
