HFSDDW
50	25	5
0	21	1	68	2	53	3	71	4	23
0	40	1	40	2	2	3	63	4	76
0	61	1	34	2	51	3	16	4	68
0	18	1	66	2	61	3	11	4	53
0	26	1	8	2	29	3	28	4	30
0	8	1	12	2	43	3	33	4	48
0	32	1	82	2	39	3	23	4	1
0	44	1	49	2	39	3	12	4	5
0	32	1	20	2	69	3	68	4	54
0	90	1	99	2	30	3	41	4	69
0	27	1	90	2	30	3	16	4	58
0	13	1	40	2	26	3	42	4	15
0	28	1	97	2	68	3	16	4	45
0	79	1	95	2	29	3	16	4	24
0	68	1	28	2	50	3	6	4	22
0	7	1	39	2	61	3	74	4	39
0	8	1	82	2	2	3	63	4	21
0	41	1	52	2	24	3	64	4	88
0	5	1	24	2	97	3	96	4	77
0	34	1	51	2	53	3	24	4	75
0	95	1	71	2	15	3	18	4	2
0	99	1	41	2	24	3	94	4	52
0	73	1	78	2	51	3	3	4	8
0	46	1	96	2	6	3	95	4	4
0	27	1	71	2	64	3	28	4	19
0	44	1	31	2	53	3	29	4	87
0	55	1	85	2	37	3	99	4	44
0	37	1	67	2	83	3	61	4	21
0	1	1	29	2	29	3	12	4	15
0	27	1	72	2	95	3	88	4	31
0	38	1	46	2	58	3	21	4	48
0	24	1	7	2	87	3	99	4	57
0	69	1	87	2	94	3	8	4	97
0	87	1	42	2	52	3	58	4	71
0	78	1	13	2	44	3	74	4	3
0	97	1	43	2	53	3	13	4	92
0	71	1	35	2	65	3	98	4	49
0	9	1	28	2	16	3	51	4	20
0	30	1	80	2	84	3	5	4	52
0	13	1	34	2	22	3	15	4	27
0	84	1	21	2	37	3	18	4	52
0	26	1	2	2	83	3	18	4	51
0	81	1	54	2	74	3	8	4	85
0	34	1	23	2	96	3	59	4	88
0	59	1	26	2	2	3	39	4	41
0	98	1	29	2	40	3	22	4	90
0	64	1	22	2	38	3	86	4	8
0	51	1	98	2	47	3	46	4	24
0	7	1	45	2	98	3	1	4	39
0	75	1	7	2	76	3	19	4	19
LBCmax: 560
RELDUE
-1	559	6	2
-1	269	7	8
-1	407	8	2
-1	203	8	3
-1	432	5	5
-1	383	3	2
-1	164	9	2
-1	605	6	5
-1	486	4	6
-1	358	3	6
-1	599	1	1
-1	406	7	5
-1	400	1	4
-1	210	1	6
-1	543	1	4
-1	390	3	6
-1	147	8	2
-1	548	1	7
-1	614	7	4
-1	250	2	8
-1	252	4	3
-1	483	6	6
-1	335	2	2
-1	254	1	6
-1	511	3	8
-1	138	1	3
-1	211	4	5
-1	62	8	5
-1	616	5	3
-1	424	8	5
-1	573	1	3
-1	348	2	1
-1	172	2	7
-1	76	3	7
-1	58	1	8
-1	200	7	1
-1	385	4	4
-1	121	3	7
-1	163	4	1
-1	332	3	9
-1	233	3	5
-1	59	3	3
-1	448	4	1
-1	574	2	4
-1	204	4	5
-1	306	3	5
-1	524	6	7
-1	452	8	1
-1	130	2	6
-1	499	5	5
DDW
464	654
253	285
362	452
185	221
419	445
306	460
134	194
599	611
457	515
351	365
575	623
365	447
324	476
170	250
521	565
343	437
146	148
444	652
522	706
240	260
222	282
391	575
312	358
226	282
445	577
131	145
190	232
53	71
536	696
407	441
504	642
292	404
151	193
62	90
57	59
196	204
312	458
100	142
158	168
305	359
224	242
57	61
439	457
534	614
188	220
257	355
466	582
393	511
116	144
479	519
