HFSDDW
100	15	5
0	59	1	90	2	63	3	28	4	34
0	58	1	19	2	95	3	38	4	61
0	25	1	43	2	46	3	30	4	91
0	50	1	95	2	58	3	89	4	68
0	32	1	12	2	21	3	16	4	30
0	68	1	74	2	61	3	42	4	45
0	88	1	43	2	96	3	64	4	67
0	13	1	35	2	57	3	96	4	6
0	42	1	29	2	93	3	32	4	97
0	67	1	23	2	1	3	9	4	72
0	99	1	68	2	42	3	75	4	84
0	47	1	69	2	47	3	98	4	66
0	84	1	57	2	54	3	93	4	72
0	81	1	47	2	81	3	63	4	79
0	16	1	39	2	61	3	84	4	26
0	4	1	19	2	89	3	18	4	63
0	45	1	73	2	52	3	70	4	45
0	20	1	2	2	22	3	79	4	20
0	43	1	87	2	58	3	31	4	21
0	85	1	75	2	1	3	59	4	16
0	20	1	42	2	37	3	30	4	57
0	61	1	7	2	57	3	49	4	81
0	29	1	80	2	30	3	35	4	21
0	11	1	5	2	84	3	48	4	53
0	80	1	26	2	2	3	44	4	36
0	28	1	80	2	30	3	63	4	40
0	29	1	19	2	31	3	2	4	43
0	4	1	37	2	23	3	14	4	84
0	13	1	44	2	72	3	98	4	91
0	63	1	58	2	23	3	11	4	11
0	81	1	91	2	52	3	7	4	36
0	94	1	40	2	93	3	93	4	29
0	80	1	77	2	93	3	10	4	53
0	10	1	50	2	28	3	92	4	18
0	74	1	81	2	70	3	64	4	40
0	36	1	54	2	4	3	52	4	73
0	70	1	57	2	20	3	53	4	59
0	37	1	66	2	24	3	66	4	49
0	63	1	43	2	29	3	84	4	4
0	36	1	51	2	63	3	46	4	81
0	13	1	30	2	31	3	92	4	37
0	99	1	21	2	88	3	67	4	99
0	41	1	37	2	42	3	20	4	58
0	24	1	57	2	41	3	50	4	16
0	43	1	26	2	62	3	44	4	55
0	31	1	52	2	85	3	60	4	4
0	85	1	90	2	57	3	70	4	61
0	40	1	27	2	27	3	17	4	59
0	17	1	78	2	57	3	66	4	8
0	27	1	2	2	10	3	27	4	79
0	79	1	11	2	13	3	30	4	38
0	87	1	68	2	86	3	38	4	6
0	48	1	35	2	28	3	63	4	15
0	50	1	79	2	71	3	59	4	18
0	97	1	30	2	24	3	91	4	98
0	65	1	68	2	95	3	36	4	29
0	29	1	43	2	59	3	81	4	25
0	75	1	78	2	28	3	32	4	74
0	72	1	40	2	89	3	12	4	12
0	81	1	51	2	93	3	52	4	58
0	47	1	31	2	51	3	9	4	82
0	49	1	86	2	22	3	31	4	73
0	19	1	72	2	51	3	10	4	76
0	5	1	75	2	47	3	39	4	40
0	72	1	52	2	39	3	85	4	46
0	58	1	41	2	13	3	79	4	17
0	15	1	74	2	44	3	78	4	81
0	98	1	92	2	51	3	98	4	75
0	88	1	56	2	96	3	59	4	55
0	1	1	88	2	79	3	35	4	7
0	7	1	4	2	55	3	12	4	85
0	95	1	91	2	65	3	63	4	25
0	8	1	74	2	42	3	14	4	59
0	44	1	28	2	72	3	29	4	77
0	13	1	24	2	48	3	63	4	51
0	16	1	56	2	80	3	30	4	46
0	69	1	62	2	77	3	72	4	11
0	11	1	20	2	32	3	92	4	86
0	8	1	27	2	88	3	74	4	68
0	15	1	15	2	82	3	99	4	12
0	72	1	17	2	51	3	57	4	94
0	82	1	56	2	91	3	61	4	69
0	40	1	12	2	36	3	18	4	55
0	46	1	96	2	69	3	4	4	48
0	24	1	95	2	80	3	42	4	70
0	86	1	36	2	73	3	95	4	37
0	2	1	73	2	80	3	19	4	73
0	53	1	11	2	21	3	78	4	29
0	55	1	28	2	71	3	23	4	47
0	96	1	91	2	71	3	20	4	22
0	18	1	45	2	78	3	52	4	87
0	76	1	37	2	9	3	87	4	9
0	47	1	82	2	96	3	25	4	68
0	66	1	31	2	18	3	44	4	3
0	35	1	76	2	90	3	75	4	92
0	96	1	25	2	57	3	95	4	74
0	95	1	64	2	54	3	74	4	19
0	57	1	94	2	29	3	31	4	97
0	17	1	3	2	34	3	70	4	81
0	73	1	32	2	47	3	55	4	80
LBCmax: 1825
RELDUE
-1	1628	6	9
-1	1721	2	6
-1	1212	5	5
-1	1097	7	2
-1	1859	4	3
-1	1374	3	4
-1	1505	8	8
-1	949	2	7
-1	1562	7	2
-1	1911	6	7
-1	1476	4	2
-1	1786	9	6
-1	1050	6	8
-1	1051	8	1
-1	1056	5	4
-1	1813	9	1
-1	1214	3	3
-1	1155	9	5
-1	975	1	9
-1	1031	4	2
-1	1691	8	3
-1	938	2	7
-1	1857	2	9
-1	1424	7	3
-1	1853	3	9
-1	1269	9	6
-1	1379	6	4
-1	1135	4	4
-1	1937	1	6
-1	1128	1	6
-1	1619	7	7
-1	1766	6	9
-1	926	3	3
-1	1077	1	5
-1	1010	9	6
-1	1144	7	7
-1	1318	7	5
-1	1324	9	2
-1	1873	1	2
-1	1750	4	6
-1	942	2	6
-1	1915	8	5
-1	1669	4	3
-1	1349	4	9
-1	1413	9	5
-1	1315	5	5
-1	1898	9	7
-1	1138	5	1
-1	1539	6	3
-1	2003	4	9
-1	1411	8	3
-1	1016	3	6
-1	1362	3	3
-1	1399	9	2
-1	1017	5	3
-1	1601	4	8
-1	1872	2	4
-1	1796	5	2
-1	1252	9	1
-1	1502	6	1
-1	2003	8	2
-1	1281	6	4
-1	1020	1	3
-1	1346	8	1
-1	1204	1	8
-1	1718	5	8
-1	1771	7	5
-1	1982	8	8
-1	953	3	2
-1	1921	3	2
-1	1406	4	3
-1	1899	4	7
-1	1291	2	7
-1	1234	3	5
-1	1000	2	4
-1	1784	1	6
-1	1278	6	4
-1	1420	1	7
-1	922	7	9
-1	1450	5	9
-1	1379	5	8
-1	1152	2	6
-1	1605	8	6
-1	1943	1	7
-1	1725	6	7
-1	1514	8	8
-1	1316	8	4
-1	1536	6	6
-1	971	7	9
-1	1417	2	4
-1	1281	9	3
-1	1530	8	7
-1	983	7	8
-1	1283	2	3
-1	1755	5	2
-1	1670	2	3
-1	1807	6	3
-1	1235	7	5
-1	1056	1	8
-1	1704	9	6
DDW
1530	1726
1618	1824
1091	1333
1031	1163
1766	1952
1319	1429
1370	1640
921	977
1421	1703
1815	2007
1328	1624
1643	1929
966	1134
1040	1062
1045	1067
1777	1849
1202	1226
1097	1213
887	1063
928	1134
1606	1776
863	1013
1801	1913
1353	1495
1760	1946
1193	1345
1351	1407
1067	1203
1782	2092
1117	1139
1522	1716
1589	1943
833	1019
1012	1142
919	1101
1098	1190
1252	1384
1284	1364
1817	1929
1662	1838
933	951
1743	2087
1586	1752
1336	1362
1371	1455
1262	1368
1784	2012
1070	1206
1493	1585
1883	2123
1340	1482
955	1077
1239	1485
1259	1539
997	1037
1473	1729
1797	1947
1706	1886
1239	1265
1367	1637
1963	2043
1243	1319
969	1071
1225	1467
1096	1312
1546	1890
1629	1913
1942	2022
924	982
1787	2055
1294	1518
1747	2051
1252	1330
1172	1296
910	1090
1677	1891
1227	1329
1377	1463
894	950
1436	1464
1365	1393
1083	1221
1557	1653
1904	1982
1622	1828
1499	1529
1303	1329
1521	1551
922	1020
1403	1431
1268	1294
1377	1683
954	1012
1232	1334
1702	1808
1536	1804
1717	1897
1149	1321
1035	1077
1653	1755
