HFSDDW
100	50	10
0	87	1	2	2	52	3	63	4	74	5	22	6	5	7	19	8	37	9	42
0	20	1	55	2	88	3	6	4	8	5	76	6	81	7	8	8	50	9	50
0	11	1	53	2	42	3	19	4	62	5	61	6	14	7	56	8	14	9	84
0	50	1	19	2	99	3	15	4	33	5	43	6	3	7	26	8	44	9	56
0	35	1	79	2	98	3	21	4	49	5	16	6	90	7	96	8	97	9	33
0	27	1	49	2	57	3	59	4	69	5	35	6	60	7	33	8	1	9	13
0	9	1	48	2	5	3	52	4	91	5	1	6	56	7	74	8	73	9	64
0	73	1	55	2	63	3	93	4	16	5	31	6	54	7	21	8	70	9	46
0	71	1	17	2	58	3	80	4	57	5	1	6	62	7	40	8	46	9	98
0	83	1	70	2	26	3	31	4	48	5	87	6	75	7	46	8	29	9	48
0	60	1	17	2	24	3	33	4	60	5	71	6	86	7	64	8	44	9	38
0	80	1	39	2	63	3	54	4	41	5	91	6	89	7	25	8	94	9	90
0	39	1	16	2	28	3	75	4	81	5	4	6	30	7	32	8	46	9	29
0	56	1	9	2	92	3	22	4	86	5	55	6	92	7	25	8	21	9	86
0	15	1	97	2	96	3	8	4	18	5	44	6	7	7	71	8	90	9	57
0	97	1	50	2	51	3	38	4	10	5	44	6	88	7	49	8	52	9	56
0	42	1	54	2	18	3	15	4	82	5	71	6	47	7	41	8	68	9	86
0	98	1	64	2	5	3	9	4	76	5	41	6	20	7	21	8	57	9	37
0	96	1	58	2	42	3	89	4	31	5	6	6	57	7	54	8	13	9	42
0	67	1	44	2	73	3	64	4	44	5	61	6	80	7	81	8	26	9	46
0	97	1	65	2	4	3	4	4	58	5	33	6	46	7	42	8	62	9	68
0	25	1	68	2	92	3	15	4	59	5	83	6	12	7	29	8	83	9	76
0	15	1	92	2	29	3	26	4	19	5	54	6	90	7	40	8	64	9	15
0	61	1	38	2	94	3	11	4	40	5	32	6	55	7	38	8	31	9	98
0	60	1	15	2	91	3	44	4	18	5	99	6	52	7	59	8	5	9	61
0	49	1	51	2	97	3	50	4	32	5	5	6	37	7	77	8	84	9	4
0	42	1	6	2	78	3	47	4	8	5	86	6	73	7	81	8	75	9	28
0	28	1	74	2	98	3	85	4	16	5	99	6	2	7	85	8	9	9	20
0	3	1	32	2	36	3	4	4	66	5	11	6	40	7	45	8	78	9	35
0	94	1	78	2	53	3	27	4	56	5	54	6	37	7	45	8	36	9	31
0	26	1	70	2	83	3	76	4	34	5	75	6	52	7	12	8	34	9	33
0	4	1	51	2	69	3	65	4	2	5	11	6	70	7	74	8	81	9	97
0	47	1	29	2	4	3	40	4	33	5	50	6	21	7	71	8	30	9	62
0	62	1	56	2	49	3	77	4	94	5	33	6	48	7	59	8	69	9	91
0	58	1	28	2	11	3	45	4	31	5	44	6	9	7	88	8	26	9	46
0	83	1	62	2	64	3	39	4	84	5	97	6	67	7	44	8	43	9	84
0	54	1	80	2	82	3	71	4	71	5	47	6	2	7	91	8	70	9	68
0	62	1	11	2	6	3	89	4	39	5	19	6	18	7	58	8	10	9	89
0	41	1	32	2	46	3	84	4	78	5	99	6	92	7	11	8	92	9	96
0	66	1	5	2	17	3	85	4	37	5	77	6	46	7	40	8	74	9	83
0	42	1	18	2	18	3	57	4	83	5	72	6	57	7	74	8	99	9	66
0	80	1	9	2	35	3	53	4	44	5	22	6	35	7	97	8	92	9	71
0	55	1	91	2	98	3	74	4	3	5	57	6	94	7	20	8	53	9	62
0	72	1	78	2	83	3	26	4	48	5	23	6	15	7	88	8	2	9	7
0	42	1	19	2	11	3	27	4	17	5	57	6	70	7	63	8	42	9	16
0	42	1	49	2	47	3	4	4	29	5	50	6	19	7	44	8	54	9	26
0	78	1	38	2	22	3	38	4	94	5	3	6	25	7	9	8	6	9	21
0	8	1	47	2	96	3	86	4	29	5	36	6	81	7	72	8	58	9	46
0	87	1	32	2	77	3	38	4	20	5	23	6	31	7	80	8	96	9	97
0	5	1	70	2	34	3	75	4	28	5	5	6	97	7	72	8	33	9	15
0	33	1	61	2	57	3	22	4	8	5	95	6	52	7	60	8	74	9	93
0	69	1	46	2	86	3	9	4	39	5	47	6	60	7	84	8	19	9	71
0	71	1	45	2	13	3	9	4	16	5	38	6	13	7	22	8	59	9	24
0	39	1	10	2	40	3	43	4	13	5	26	6	74	7	56	8	30	9	24
0	71	1	71	2	6	3	4	4	28	5	58	6	83	7	25	8	36	9	81
0	45	1	14	2	53	3	62	4	43	5	87	6	49	7	48	8	6	9	70
0	82	1	31	2	2	3	51	4	55	5	60	6	7	7	43	8	95	9	14
0	72	1	4	2	54	3	94	4	1	5	99	6	39	7	9	8	80	9	57
0	54	1	87	2	85	3	77	4	79	5	25	6	56	7	78	8	1	9	26
0	76	1	26	2	50	3	60	4	41	5	40	6	70	7	55	8	49	9	68
0	51	1	41	2	29	3	23	4	9	5	41	6	59	7	59	8	61	9	44
0	49	1	41	2	68	3	49	4	17	5	94	6	46	7	24	8	71	9	30
0	5	1	29	2	43	3	70	4	37	5	47	6	54	7	94	8	53	9	61
0	30	1	84	2	60	3	13	4	6	5	13	6	59	7	62	8	69	9	39
0	66	1	96	2	17	3	56	4	76	5	36	6	58	7	2	8	44	9	47
0	93	1	46	2	83	3	20	4	64	5	23	6	97	7	59	8	85	9	62
0	86	1	65	2	6	3	1	4	14	5	64	6	80	7	55	8	43	9	4
0	36	1	83	2	54	3	33	4	64	5	8	6	13	7	86	8	93	9	2
0	88	1	52	2	50	3	7	4	67	5	83	6	2	7	41	8	48	9	83
0	15	1	99	2	77	3	8	4	52	5	1	6	91	7	16	8	42	9	13
0	55	1	3	2	59	3	41	4	11	5	10	6	92	7	50	8	56	9	57
0	10	1	12	2	65	3	84	4	73	5	34	6	15	7	98	8	34	9	31
0	63	1	40	2	8	3	59	4	88	5	36	6	7	7	47	8	81	9	63
0	16	1	96	2	44	3	81	4	47	5	85	6	93	7	10	8	96	9	57
0	91	1	51	2	85	3	91	4	73	5	4	6	35	7	93	8	34	9	18
0	85	1	93	2	82	3	12	4	50	5	15	6	95	7	99	8	52	9	74
0	4	1	45	2	69	3	92	4	41	5	14	6	67	7	83	8	37	9	87
0	41	1	6	2	2	3	76	4	39	5	12	6	55	7	16	8	85	9	84
0	2	1	14	2	13	3	64	4	77	5	22	6	15	7	33	8	31	9	32
0	90	1	93	2	57	3	23	4	53	5	46	6	82	7	92	8	50	9	60
0	37	1	52	2	56	3	47	4	77	5	80	6	91	7	6	8	72	9	39
0	59	1	79	2	14	3	68	4	73	5	90	6	33	7	6	8	15	9	19
0	98	1	34	2	52	3	5	4	97	5	47	6	48	7	79	8	23	9	92
0	29	1	63	2	66	3	26	4	47	5	50	6	57	7	66	8	87	9	97
0	31	1	10	2	60	3	92	4	73	5	12	6	80	7	89	8	50	9	63
0	14	1	77	2	78	3	31	4	62	5	4	6	99	7	51	8	49	9	30
0	32	1	13	2	82	3	79	4	10	5	96	6	14	7	88	8	22	9	24
0	33	1	67	2	18	3	17	4	88	5	89	6	74	7	60	8	32	9	86
0	67	1	59	2	30	3	59	4	79	5	52	6	84	7	35	8	63	9	44
0	50	1	7	2	17	3	57	4	65	5	18	6	27	7	80	8	83	9	76
0	97	1	91	2	68	3	26	4	31	5	47	6	59	7	61	8	43	9	73
0	29	1	40	2	20	3	63	4	63	5	73	6	82	7	23	8	1	9	58
0	12	1	78	2	25	3	77	4	73	5	26	6	50	7	61	8	52	9	70
0	62	1	94	2	76	3	55	4	88	5	75	6	91	7	4	8	29	9	33
0	92	1	24	2	92	3	90	4	15	5	11	6	87	7	53	8	93	9	92
0	36	1	4	2	79	3	25	4	65	5	20	6	66	7	90	8	53	9	5
0	96	1	97	2	10	3	72	4	11	5	35	6	63	7	64	8	75	9	88
0	82	1	79	2	94	3	68	4	65	5	88	6	85	7	35	8	62	9	62
0	39	1	97	2	68	3	59	4	35	5	58	6	15	7	51	8	90	9	68
0	9	1	2	2	50	3	24	4	36	5	94	6	15	7	21	8	80	9	80
LBCmax: 1386
RELDUE
-1	1103	9	3
-1	1033	8	1
-1	1185	6	9
-1	984	6	3
-1	998	3	4
-1	1127	2	8
-1	997	9	3
-1	1002	2	6
-1	1136	3	8
-1	1183	8	9
-1	1064	8	5
-1	1059	3	9
-1	1047	8	3
-1	1223	3	8
-1	1152	1	9
-1	1244	9	2
-1	1051	5	1
-1	1107	1	8
-1	1073	8	1
-1	1116	4	1
-1	1027	4	6
-1	1002	1	8
-1	1175	6	8
-1	989	5	2
-1	1189	9	9
-1	1194	8	4
-1	1049	2	2
-1	1164	8	5
-1	1058	1	8
-1	1166	3	3
-1	1173	7	8
-1	1151	2	3
-1	1121	5	9
-1	1198	4	9
-1	1009	2	4
-1	1015	7	3
-1	1025	5	8
-1	1145	5	3
-1	1106	5	4
-1	1186	4	1
-1	1104	7	2
-1	977	8	2
-1	1224	2	6
-1	1007	9	4
-1	1065	3	5
-1	1183	7	1
-1	1173	7	1
-1	1134	4	6
-1	1132	4	7
-1	1074	4	6
-1	1151	4	6
-1	1150	9	5
-1	1201	2	5
-1	1045	8	4
-1	1135	6	5
-1	1071	1	6
-1	1106	4	3
-1	1165	5	5
-1	1042	1	9
-1	1052	1	8
-1	1048	1	1
-1	1080	6	7
-1	1192	6	6
-1	1217	5	5
-1	980	4	9
-1	1160	8	7
-1	1185	1	7
-1	1096	6	2
-1	1184	3	3
-1	1107	9	6
-1	1188	7	6
-1	1154	7	7
-1	971	5	2
-1	1134	6	5
-1	982	5	8
-1	1019	6	5
-1	1025	7	5
-1	1137	6	4
-1	1171	9	3
-1	976	8	5
-1	990	1	4
-1	1163	9	7
-1	1001	7	4
-1	1231	5	6
-1	984	6	4
-1	992	3	7
-1	1198	9	5
-1	1046	2	4
-1	1032	3	8
-1	1185	2	5
-1	1157	1	1
-1	1107	9	6
-1	1072	3	4
-1	1024	1	6
-1	1108	2	3
-1	993	2	9
-1	1032	4	4
-1	977	6	3
-1	997	6	1
-1	1153	1	2
DDW
971	1235
826	1240
972	1398
945	1023
888	1108
924	1330
897	1097
962	1042
1056	1216
1136	1230
1032	1096
1038	1080
1026	1068
1125	1321
1025	1279
1232	1256
946	1156
1007	1207
987	1159
1049	1183
955	1099
812	1192
1046	1304
910	1068
1141	1237
1110	1278
976	1122
1024	1304
868	1248
968	1364
974	1372
1093	1209
942	1300
1186	1210
817	1201
995	1035
994	1056
973	1317
1084	1128
1067	1305
905	1303
811	1143
1151	1297
806	1208
1033	1097
1148	1218
950	1396
1123	1145
917	1347
945	1203
955	1347
1104	1196
1033	1369
878	1212
942	1328
921	1221
995	1217
1037	1293
1032	1052
999	1105
933	1163
875	1285
1120	1264
1095	1339
911	1049
951	1369
1102	1268
1085	1107
1077	1291
1007	1207
962	1414
969	1339
893	1049
930	1338
894	1070
907	1131
892	1158
1012	1262
1101	1241
966	986
911	1069
1082	1244
871	1131
1145	1317
974	994
853	1131
1054	1342
837	1255
980	1084
1114	1256
1007	1307
963	1251
911	1233
850	1198
897	1319
794	1192
918	1146
821	1133
867	1127
1095	1211
