HFSDDW
100	30	10
0	9	1	70	2	66	3	17	4	25	5	74	6	71	7	85	8	76	9	38
0	52	1	33	2	91	3	3	4	98	5	43	6	7	7	66	8	99	9	41
0	17	1	75	2	11	3	67	4	15	5	83	6	26	7	88	8	38	9	49
0	99	1	45	2	86	3	67	4	80	5	36	6	97	7	3	8	13	9	68
0	18	1	57	2	76	3	55	4	73	5	49	6	44	7	49	8	53	9	65
0	12	1	77	2	59	3	60	4	16	5	34	6	59	7	99	8	3	9	41
0	49	1	82	2	48	3	27	4	39	5	8	6	47	7	25	8	23	9	63
0	46	1	5	2	54	3	32	4	24	5	59	6	99	7	56	8	93	9	65
0	40	1	76	2	36	3	72	4	38	5	22	6	85	7	27	8	51	9	46
0	77	1	98	2	99	3	72	4	20	5	35	6	10	7	49	8	16	9	66
0	3	1	20	2	27	3	89	4	20	5	7	6	24	7	28	8	37	9	57
0	35	1	3	2	6	3	38	4	1	5	72	6	47	7	76	8	89	9	17
0	22	1	21	2	73	3	76	4	85	5	47	6	5	7	82	8	12	9	88
0	50	1	50	2	40	3	28	4	62	5	21	6	50	7	46	8	52	9	31
0	97	1	57	2	89	3	94	4	12	5	74	6	92	7	62	8	71	9	48
0	87	1	34	2	59	3	98	4	44	5	82	6	46	7	50	8	4	9	72
0	2	1	42	2	17	3	48	4	7	5	84	6	62	7	78	8	75	9	80
0	22	1	2	2	24	3	59	4	19	5	65	6	31	7	78	8	65	9	11
0	55	1	43	2	11	3	64	4	1	5	17	6	90	7	41	8	83	9	80
0	74	1	1	2	42	3	80	4	29	5	56	6	41	7	42	8	88	9	27
0	13	1	15	2	86	3	90	4	27	5	85	6	10	7	1	8	79	9	79
0	52	1	68	2	85	3	92	4	18	5	59	6	31	7	53	8	47	9	90
0	94	1	21	2	94	3	95	4	6	5	22	6	60	7	44	8	30	9	63
0	24	1	88	2	90	3	39	4	98	5	40	6	56	7	21	8	37	9	16
0	7	1	90	2	61	3	5	4	29	5	7	6	15	7	49	8	62	9	70
0	26	1	88	2	94	3	97	4	33	5	91	6	21	7	91	8	84	9	5
0	26	1	66	2	70	3	17	4	55	5	63	6	77	7	47	8	94	9	78
0	3	1	10	2	16	3	32	4	84	5	4	6	59	7	90	8	67	9	99
0	7	1	12	2	81	3	60	4	37	5	35	6	93	7	93	8	6	9	8
0	19	1	65	2	36	3	32	4	89	5	40	6	21	7	45	8	49	9	65
0	29	1	68	2	55	3	83	4	68	5	16	6	73	7	63	8	13	9	29
0	32	1	31	2	24	3	85	4	98	5	15	6	84	7	10	8	80	9	21
0	69	1	84	2	41	3	87	4	59	5	37	6	74	7	83	8	42	9	44
0	82	1	15	2	41	3	2	4	70	5	39	6	57	7	98	8	92	9	21
0	62	1	31	2	80	3	77	4	75	5	88	6	42	7	51	8	34	9	75
0	56	1	11	2	64	3	29	4	96	5	45	6	28	7	67	8	25	9	31
0	42	1	90	2	21	3	69	4	46	5	18	6	89	7	23	8	15	9	60
0	58	1	86	2	18	3	59	4	58	5	39	6	4	7	64	8	13	9	71
0	95	1	24	2	49	3	67	4	88	5	72	6	50	7	13	8	6	9	26
0	11	1	89	2	73	3	61	4	79	5	72	6	10	7	12	8	31	9	58
0	98	1	20	2	36	3	73	4	18	5	69	6	93	7	6	8	70	9	57
0	41	1	63	2	55	3	53	4	36	5	18	6	41	7	54	8	80	9	74
0	67	1	76	2	17	3	89	4	49	5	69	6	13	7	56	8	79	9	86
0	30	1	92	2	34	3	54	4	72	5	76	6	87	7	75	8	50	9	19
0	78	1	45	2	43	3	49	4	84	5	48	6	34	7	21	8	26	9	62
0	31	1	55	2	31	3	56	4	91	5	23	6	3	7	47	8	25	9	49
0	57	1	38	2	26	3	84	4	28	5	48	6	30	7	1	8	80	9	60
0	30	1	65	2	5	3	62	4	96	5	22	6	34	7	68	8	6	9	2
0	35	1	91	2	30	3	18	4	55	5	74	6	62	7	77	8	63	9	50
0	73	1	41	2	51	3	1	4	62	5	40	6	20	7	58	8	21	9	36
0	18	1	33	2	41	3	66	4	32	5	66	6	51	7	68	8	59	9	69
0	88	1	34	2	41	3	23	4	14	5	65	6	8	7	8	8	30	9	53
0	85	1	53	2	38	3	30	4	86	5	88	6	14	7	4	8	99	9	56
0	3	1	76	2	47	3	69	4	84	5	3	6	51	7	64	8	86	9	88
0	24	1	93	2	19	3	94	4	62	5	39	6	99	7	28	8	87	9	97
0	32	1	12	2	29	3	67	4	50	5	64	6	95	7	11	8	79	9	43
0	52	1	47	2	69	3	3	4	67	5	13	6	87	7	72	8	39	9	12
0	14	1	44	2	22	3	41	4	30	5	92	6	35	7	43	8	68	9	47
0	88	1	85	2	17	3	2	4	25	5	91	6	48	7	79	8	19	9	20
0	7	1	41	2	84	3	43	4	36	5	77	6	25	7	16	8	28	9	49
0	52	1	28	2	89	3	75	4	84	5	88	6	89	7	87	8	38	9	58
0	30	1	52	2	42	3	33	4	54	5	66	6	30	7	67	8	78	9	75
0	65	1	8	2	53	3	19	4	5	5	72	6	59	7	79	8	5	9	53
0	67	1	19	2	16	3	19	4	95	5	61	6	96	7	41	8	18	9	36
0	2	1	60	2	42	3	61	4	89	5	55	6	99	7	52	8	88	9	70
0	47	1	57	2	37	3	52	4	84	5	45	6	74	7	71	8	70	9	12
0	29	1	11	2	82	3	85	4	90	5	11	6	36	7	23	8	37	9	93
0	70	1	89	2	50	3	42	4	74	5	5	6	66	7	92	8	29	9	50
0	73	1	8	2	90	3	35	4	6	5	11	6	82	7	64	8	35	9	51
0	87	1	26	2	70	3	6	4	8	5	91	6	78	7	56	8	70	9	79
0	19	1	76	2	15	3	95	4	99	5	57	6	7	7	94	8	77	9	80
0	79	1	81	2	42	3	21	4	39	5	21	6	20	7	47	8	79	9	80
0	29	1	71	2	88	3	86	4	7	5	45	6	19	7	45	8	35	9	82
0	27	1	10	2	23	3	50	4	32	5	96	6	92	7	95	8	36	9	48
0	4	1	87	2	86	3	55	4	72	5	6	6	83	7	50	8	66	9	86
0	71	1	31	2	77	3	89	4	50	5	48	6	88	7	28	8	88	9	55
0	39	1	62	2	60	3	95	4	54	5	69	6	58	7	91	8	88	9	42
0	29	1	24	2	12	3	31	4	76	5	41	6	84	7	33	8	15	9	1
0	61	1	68	2	78	3	48	4	11	5	95	6	33	7	33	8	99	9	83
0	9	1	64	2	8	3	80	4	10	5	41	6	28	7	91	8	2	9	3
0	47	1	91	2	61	3	25	4	58	5	48	6	19	7	46	8	13	9	10
0	63	1	55	2	14	3	87	4	93	5	71	6	84	7	13	8	84	9	58
0	37	1	26	2	92	3	6	4	34	5	64	6	17	7	31	8	22	9	36
0	14	1	93	2	32	3	13	4	54	5	69	6	7	7	53	8	89	9	63
0	76	1	86	2	20	3	89	4	21	5	53	6	51	7	20	8	87	9	39
0	56	1	15	2	8	3	43	4	65	5	22	6	99	7	56	8	90	9	94
0	31	1	87	2	25	3	77	4	96	5	70	6	24	7	1	8	34	9	24
0	64	1	32	2	24	3	21	4	81	5	51	6	6	7	3	8	84	9	80
0	13	1	97	2	44	3	82	4	79	5	98	6	86	7	88	8	47	9	33
0	70	1	50	2	62	3	94	4	33	5	88	6	61	7	43	8	93	9	51
0	30	1	51	2	86	3	64	4	74	5	25	6	91	7	86	8	61	9	15
0	16	1	97	2	72	3	11	4	81	5	34	6	44	7	42	8	97	9	98
0	83	1	35	2	53	3	1	4	54	5	14	6	69	7	29	8	88	9	92
0	89	1	63	2	9	3	33	4	51	5	62	6	11	7	80	8	8	9	55
0	8	1	1	2	27	3	33	4	17	5	72	6	78	7	52	8	14	9	98
0	45	1	19	2	45	3	95	4	67	5	95	6	97	7	85	8	10	9	61
0	55	1	63	2	97	3	69	4	25	5	53	6	88	7	39	8	60	9	20
0	23	1	64	2	35	3	42	4	91	5	83	6	8	7	21	8	84	9	81
0	36	1	18	2	16	3	90	4	48	5	70	6	18	7	14	8	66	9	55
0	65	1	26	2	70	3	47	4	99	5	44	6	3	7	58	8	8	9	63
LBCmax: 2079
RELDUE
-1	1388	3	4
-1	1203	2	9
-1	1422	5	7
-1	1429	1	8
-1	1355	8	1
-1	1373	5	7
-1	1390	5	7
-1	1051	1	4
-1	1056	3	8
-1	1387	1	2
-1	1405	3	1
-1	1356	8	4
-1	1044	1	7
-1	1155	4	6
-1	1145	7	8
-1	1198	7	2
-1	1235	2	1
-1	1069	4	3
-1	1125	4	7
-1	1266	3	7
-1	1188	8	3
-1	1349	7	8
-1	1343	4	5
-1	1058	8	1
-1	1266	3	5
-1	1445	6	7
-1	1431	4	6
-1	1405	1	3
-1	1217	6	7
-1	1233	9	7
-1	1377	3	4
-1	1244	2	1
-1	1095	4	3
-1	1125	6	4
-1	1447	4	7
-1	1439	9	5
-1	1144	5	3
-1	1130	3	1
-1	1097	3	1
-1	1322	9	5
-1	1398	8	3
-1	1099	3	3
-1	1079	2	9
-1	1381	7	5
-1	1319	1	2
-1	1409	7	7
-1	1139	8	6
-1	1214	5	4
-1	1127	2	7
-1	1295	5	2
-1	1444	9	5
-1	1436	7	5
-1	1195	5	1
-1	1259	3	2
-1	1153	3	1
-1	1077	9	6
-1	1316	7	5
-1	1403	8	9
-1	1201	2	9
-1	1365	8	5
-1	1397	6	2
-1	1441	4	2
-1	1290	1	3
-1	1278	7	8
-1	1049	8	9
-1	1200	8	5
-1	1300	5	8
-1	1375	6	4
-1	1164	6	7
-1	1162	7	2
-1	1092	6	5
-1	1144	2	1
-1	1428	2	2
-1	1258	9	4
-1	1324	7	5
-1	1128	3	2
-1	1308	8	1
-1	1417	5	7
-1	1194	2	6
-1	1313	5	3
-1	1344	4	4
-1	1255	3	4
-1	1316	2	4
-1	1377	1	8
-1	1245	8	5
-1	1397	4	5
-1	1087	2	7
-1	1292	8	1
-1	1427	9	3
-1	1408	1	8
-1	1161	3	3
-1	1196	2	3
-1	1384	7	6
-1	1187	7	5
-1	1380	4	8
-1	1412	3	9
-1	1265	2	4
-1	1257	8	3
-1	1370	3	8
-1	1158	9	7
DDW
1360	1416
1179	1227
1337	1507
1386	1472
1328	1382
1263	1483
1376	1404
1030	1072
1035	1077
1332	1442
1293	1517
1234	1478
981	1107
1074	1236
1134	1156
1186	1210
1198	1272
962	1176
1046	1204
1203	1329
1093	1283
1268	1430
1276	1410
1047	1069
1241	1291
1387	1503
1388	1474
1279	1531
1095	1339
1147	1319
1253	1501
1219	1269
1051	1139
1091	1159
1331	1563
1410	1468
1052	1236
1028	1232
1064	1130
1190	1454
1300	1496
1033	1165
1036	1122
1367	1395
1306	1332
1339	1479
1082	1196
1153	1275
1082	1172
1191	1399
1300	1588
1393	1479
1171	1219
1196	1322
1038	1268
1012	1142
1224	1408
1333	1473
1177	1225
1256	1474
1327	1467
1412	1470
1264	1316
1201	1355
986	1112
1128	1272
1235	1365
1334	1416
1048	1280
1057	1267
1059	1125
1098	1190
1314	1542
1157	1359
1205	1443
1105	1151
1269	1347
1346	1488
1075	1313
1208	1418
1210	1478
1155	1355
1250	1382
1349	1405
1158	1332
1299	1495
1076	1098
1176	1408
1384	1470
1380	1436
1091	1231
1148	1244
1273	1495
1128	1246
1311	1449
1341	1483
1202	1328
1156	1358
1288	1452
1089	1227
