HFSDDW
50	30	10
0	45	1	42	2	63	3	85	4	34	5	17	6	54	7	38	8	75	9	70
0	77	1	2	2	94	3	87	4	56	5	60	6	98	7	86	8	29	9	94
0	63	1	30	2	29	3	36	4	74	5	54	6	94	7	44	8	79	9	80
0	30	1	87	2	65	3	9	4	18	5	61	6	26	7	43	8	79	9	38
0	76	1	38	2	73	3	74	4	69	5	39	6	77	7	63	8	94	9	34
0	18	1	63	2	26	3	57	4	92	5	15	6	13	7	28	8	12	9	79
0	23	1	10	2	59	3	95	4	40	5	89	6	36	7	86	8	70	9	95
0	34	1	55	2	7	3	91	4	18	5	26	6	57	7	55	8	67	9	35
0	76	1	31	2	50	3	45	4	63	5	66	6	62	7	9	8	16	9	3
0	48	1	98	2	32	3	99	4	16	5	66	6	79	7	78	8	34	9	80
0	3	1	90	2	93	3	98	4	99	5	62	6	56	7	34	8	40	9	67
0	58	1	58	2	61	3	76	4	4	5	91	6	60	7	14	8	33	9	73
0	27	1	28	2	70	3	68	4	48	5	36	6	24	7	8	8	75	9	51
0	46	1	78	2	21	3	87	4	32	5	86	6	38	7	52	8	45	9	1
0	11	1	28	2	68	3	48	4	44	5	89	6	38	7	55	8	96	9	25
0	7	1	65	2	46	3	60	4	53	5	75	6	20	7	25	8	50	9	63
0	38	1	49	2	59	3	88	4	21	5	79	6	37	7	74	8	45	9	17
0	53	1	8	2	68	3	32	4	63	5	99	6	59	7	23	8	25	9	58
0	98	1	69	2	12	3	51	4	45	5	81	6	33	7	61	8	34	9	57
0	66	1	14	2	2	3	82	4	63	5	62	6	69	7	80	8	28	9	65
0	52	1	63	2	10	3	79	4	71	5	99	6	96	7	15	8	96	9	53
0	17	1	97	2	1	3	92	4	65	5	68	6	38	7	8	8	43	9	40
0	46	1	76	2	40	3	88	4	51	5	40	6	6	7	86	8	68	9	2
0	30	1	78	2	94	3	60	4	6	5	35	6	59	7	32	8	80	9	46
0	84	1	19	2	64	3	80	4	41	5	68	6	13	7	10	8	17	9	94
0	25	1	61	2	37	3	87	4	19	5	76	6	24	7	22	8	28	9	31
0	93	1	10	2	46	3	95	4	24	5	38	6	4	7	41	8	86	9	31
0	10	1	6	2	28	3	97	4	55	5	28	6	13	7	59	8	48	9	83
0	27	1	96	2	70	3	74	4	77	5	69	6	41	7	8	8	41	9	30
0	11	1	38	2	4	3	50	4	53	5	75	6	72	7	68	8	57	9	3
0	65	1	72	2	24	3	86	4	85	5	19	6	34	7	40	8	33	9	90
0	63	1	65	2	74	3	45	4	4	5	96	6	40	7	72	8	19	9	55
0	96	1	96	2	99	3	56	4	20	5	72	6	2	7	78	8	45	9	80
0	56	1	44	2	2	3	45	4	19	5	55	6	73	7	83	8	88	9	58
0	35	1	2	2	74	3	51	4	67	5	46	6	63	7	59	8	46	9	56
0	36	1	99	2	50	3	3	4	7	5	69	6	73	7	67	8	67	9	13
0	17	1	55	2	94	3	53	4	35	5	19	6	63	7	29	8	27	9	49
0	24	1	56	2	83	3	61	4	20	5	94	6	22	7	49	8	89	9	73
0	9	1	43	2	32	3	89	4	45	5	56	6	94	7	99	8	39	9	50
0	82	1	7	2	17	3	75	4	41	5	79	6	7	7	22	8	16	9	48
0	83	1	34	2	33	3	97	4	33	5	79	6	16	7	89	8	83	9	12
0	47	1	25	2	78	3	93	4	5	5	73	6	24	7	6	8	9	9	79
0	25	1	64	2	90	3	77	4	67	5	17	6	39	7	9	8	20	9	40
0	87	1	1	2	33	3	42	4	90	5	74	6	11	7	35	8	56	9	65
0	40	1	6	2	16	3	27	4	3	5	57	6	29	7	24	8	71	9	67
0	56	1	2	2	13	3	37	4	23	5	19	6	44	7	55	8	31	9	16
0	41	1	8	2	69	3	43	4	24	5	47	6	91	7	36	8	3	9	31
0	63	1	89	2	49	3	44	4	39	5	20	6	48	7	64	8	74	9	10
0	88	1	16	2	37	3	52	4	84	5	86	6	87	7	95	8	19	9	71
0	31	1	55	2	4	3	41	4	25	5	32	6	36	7	73	8	4	9	56
LBCmax: 1342
RELDUE
-1	933	6	2
-1	1145	2	6
-1	571	9	7
-1	731	7	9
-1	442	4	9
-1	944	8	4
-1	825	5	9
-1	962	2	9
-1	1195	2	6
-1	429	8	3
-1	976	3	7
-1	1048	7	4
-1	1055	1	4
-1	577	9	1
-1	620	3	5
-1	606	3	1
-1	974	9	2
-1	545	5	6
-1	880	6	9
-1	703	3	7
-1	881	2	1
-1	1178	5	5
-1	545	4	9
-1	654	7	1
-1	1208	9	1
-1	461	3	2
-1	1089	1	8
-1	471	7	8
-1	557	5	7
-1	457	6	5
-1	1081	7	7
-1	1006	6	9
-1	889	6	8
-1	555	5	3
-1	752	5	5
-1	1180	4	3
-1	1164	4	1
-1	1178	1	3
-1	782	2	2
-1	537	1	2
-1	676	7	9
-1	548	1	3
-1	1186	2	2
-1	526	9	2
-1	405	5	6
-1	808	2	9
-1	1002	3	7
-1	1065	1	5
-1	512	5	6
-1	1202	8	6
DDW
849	1017
1053	1237
502	640
665	797
380	504
925	963
701	949
770	1154
1016	1374
390	468
839	1113
985	1111
918	1192
519	635
515	725
509	703
838	1110
507	583
748	1012
640	766
740	1022
1084	1272
458	632
536	772
1123	1293
415	507
882	1296
400	542
551	563
402	512
908	1254
895	1117
818	960
494	616
639	865
1086	1274
1083	1245
1025	1331
688	876
521	553
608	744
438	658
1091	1281
515	537
328	482
654	962
942	1062
884	1246
420	604
1130	1274
