HFSDDW
150	25	5
0	13	1	4	2	65	3	26	4	69
0	3	1	39	2	82	3	98	4	16
0	16	1	64	2	25	3	59	4	1
0	56	1	90	2	58	3	54	4	58
0	26	1	48	2	6	3	65	4	46
0	73	1	59	2	40	3	21	4	57
0	42	1	98	2	83	3	85	4	99
0	30	1	56	2	18	3	47	4	15
0	27	1	99	2	73	3	80	4	75
0	57	1	7	2	36	3	54	4	82
0	9	1	9	2	31	3	31	4	56
0	64	1	97	2	1	3	80	4	95
0	44	1	98	2	62	3	42	4	74
0	18	1	81	2	40	3	59	4	71
0	1	1	72	2	11	3	39	4	31
0	26	1	75	2	26	3	90	4	88
0	67	1	23	2	85	3	38	4	48
0	33	1	67	2	52	3	30	4	36
0	32	1	55	2	37	3	51	4	71
0	28	1	38	2	31	3	6	4	58
0	76	1	66	2	77	3	83	4	82
0	36	1	97	2	92	3	1	4	30
0	89	1	72	2	11	3	91	4	29
0	21	1	14	2	24	3	94	4	41
0	50	1	30	2	11	3	23	4	40
0	45	1	35	2	59	3	67	4	3
0	87	1	44	2	21	3	33	4	13
0	1	1	46	2	2	3	55	4	12
0	35	1	75	2	51	3	99	4	47
0	60	1	45	2	46	3	23	4	51
0	15	1	15	2	37	3	64	4	8
0	47	1	56	2	54	3	43	4	38
0	1	1	39	2	26	3	97	4	43
0	45	1	52	2	77	3	79	4	28
0	74	1	12	2	68	3	82	4	6
0	75	1	78	2	11	3	75	4	80
0	99	1	89	2	36	3	16	4	88
0	73	1	7	2	56	3	25	4	65
0	45	1	92	2	59	3	18	4	12
0	96	1	50	2	54	3	57	4	2
0	9	1	68	2	66	3	95	4	77
0	3	1	46	2	55	3	58	4	33
0	69	1	45	2	78	3	63	4	38
0	12	1	3	2	10	3	10	4	69
0	39	1	95	2	53	3	14	4	82
0	81	1	53	2	51	3	70	4	10
0	26	1	25	2	54	3	73	4	72
0	32	1	23	2	41	3	39	4	86
0	28	1	51	2	97	3	92	4	96
0	99	1	14	2	95	3	80	4	1
0	94	1	40	2	44	3	87	4	63
0	13	1	15	2	53	3	13	4	95
0	49	1	94	2	84	3	49	4	8
0	45	1	90	2	6	3	91	4	7
0	88	1	62	2	70	3	23	4	42
0	87	1	98	2	60	3	18	4	82
0	68	1	58	2	71	3	70	4	16
0	85	1	80	2	67	3	11	4	59
0	17	1	70	2	28	3	43	4	37
0	33	1	66	2	49	3	84	4	52
0	10	1	9	2	4	3	73	4	13
0	32	1	69	2	22	3	46	4	76
0	15	1	55	2	36	3	30	4	28
0	91	1	24	2	15	3	34	4	22
0	64	1	24	2	94	3	32	4	89
0	18	1	34	2	28	3	86	4	9
0	21	1	49	2	76	3	65	4	73
0	60	1	54	2	97	3	58	4	83
0	16	1	59	2	22	3	34	4	45
0	62	1	35	2	97	3	16	4	46
0	9	1	52	2	16	3	63	4	87
0	86	1	14	2	72	3	84	4	94
0	98	1	42	2	35	3	37	4	55
0	65	1	79	2	70	3	57	4	67
0	37	1	27	2	56	3	50	4	7
0	6	1	3	2	60	3	87	4	28
0	83	1	36	2	13	3	40	4	1
0	68	1	34	2	13	3	77	4	87
0	46	1	82	2	13	3	64	4	85
0	74	1	24	2	84	3	79	4	80
0	83	1	64	2	41	3	48	4	9
0	82	1	96	2	65	3	56	4	81
0	84	1	53	2	85	3	57	4	12
0	62	1	30	2	95	3	37	4	87
0	31	1	66	2	92	3	69	4	22
0	55	1	14	2	92	3	65	4	32
0	82	1	18	2	81	3	7	4	44
0	19	1	95	2	64	3	32	4	18
0	72	1	69	2	56	3	96	4	4
0	93	1	96	2	56	3	52	4	23
0	45	1	29	2	48	3	91	4	50
0	18	1	72	2	72	3	27	4	53
0	68	1	4	2	99	3	24	4	98
0	66	1	71	2	78	3	13	4	92
0	67	1	65	2	63	3	19	4	15
0	61	1	10	2	96	3	66	4	28
0	58	1	58	2	40	3	43	4	87
0	54	1	69	2	90	3	57	4	27
0	47	1	23	2	38	3	78	4	50
0	69	1	70	2	32	3	97	4	37
0	22	1	19	2	43	3	60	4	56
0	79	1	65	2	30	3	77	4	88
0	9	1	75	2	6	3	98	4	95
0	11	1	63	2	57	3	37	4	45
0	97	1	81	2	22	3	86	4	46
0	44	1	28	2	85	3	69	4	46
0	91	1	77	2	99	3	29	4	7
0	40	1	15	2	80	3	87	4	9
0	89	1	39	2	14	3	68	4	19
0	71	1	18	2	39	3	83	4	39
0	6	1	13	2	95	3	53	4	39
0	40	1	97	2	57	3	14	4	12
0	52	1	80	2	61	3	31	4	97
0	32	1	76	2	77	3	91	4	55
0	96	1	83	2	70	3	28	4	55
0	58	1	68	2	53	3	68	4	74
0	27	1	88	2	2	3	30	4	41
0	78	1	81	2	46	3	89	4	66
0	43	1	57	2	67	3	75	4	57
0	10	1	78	2	82	3	71	4	86
0	95	1	40	2	47	3	28	4	43
0	22	1	43	2	68	3	97	4	81
0	72	1	44	2	89	3	39	4	84
0	63	1	78	2	32	3	89	4	19
0	50	1	30	2	87	3	26	4	13
0	39	1	17	2	94	3	71	4	46
0	80	1	85	2	81	3	81	4	79
0	86	1	41	2	73	3	86	4	19
0	35	1	14	2	49	3	9	4	94
0	98	1	68	2	28	3	90	4	93
0	32	1	47	2	93	3	52	4	37
0	66	1	52	2	22	3	16	4	5
0	6	1	49	2	96	3	52	4	1
0	86	1	63	2	8	3	60	4	98
0	23	1	5	2	45	3	70	4	84
0	37	1	80	2	79	3	32	4	14
0	70	1	88	2	4	3	77	4	15
0	34	1	92	2	29	3	45	4	14
0	35	1	20	2	57	3	81	4	14
0	86	1	17	2	97	3	8	4	8
0	35	1	61	2	68	3	92	4	71
0	27	1	2	2	23	3	68	4	99
0	85	1	72	2	90	3	3	4	35
0	18	1	45	2	19	3	38	4	67
0	93	1	34	2	63	3	47	4	63
0	4	1	47	2	64	3	57	4	98
0	21	1	83	2	72	3	24	4	78
0	9	1	21	2	12	3	7	4	87
0	32	1	70	2	61	3	45	4	28
0	62	1	29	2	55	3	46	4	96
LBCmax: 1682
RELDUE
-1	520	1	8
-1	1468	6	6
-1	829	9	5
-1	501	6	2
-1	70	9	8
-1	0	5	7
-1	1478	8	2
-1	183	1	6
-1	323	8	4
-1	966	9	6
-1	1174	4	9
-1	456	7	4
-1	925	7	5
-1	1007	3	8
-1	1155	6	9
-1	0	2	7
-1	0	9	9
-1	952	8	1
-1	227	3	6
-1	272	3	1
-1	1455	6	8
-1	404	5	5
-1	35	9	4
-1	679	8	7
-1	428	5	4
-1	223	4	1
-1	1060	6	8
-1	132	6	2
-1	148	2	3
-1	0	9	4
-1	1084	3	7
-1	1374	5	1
-1	134	7	7
-1	864	7	9
-1	796	4	9
-1	228	3	3
-1	243	1	9
-1	375	1	6
-1	0	4	2
-1	1132	5	4
-1	18	7	6
-1	1513	3	3
-1	1210	5	1
-1	498	2	1
-1	0	4	7
-1	1431	9	1
-1	0	7	9
-1	1366	8	8
-1	953	4	4
-1	280	8	2
-1	864	6	9
-1	882	3	6
-1	369	2	2
-1	169	9	7
-1	1507	8	1
-1	0	7	1
-1	1264	8	6
-1	0	7	7
-1	0	5	2
-1	1362	5	7
-1	308	6	7
-1	1178	6	7
-1	0	1	2
-1	299	6	2
-1	1396	1	2
-1	1315	2	1
-1	153	4	3
-1	0	7	7
-1	43	3	7
-1	758	2	4
-1	1126	1	4
-1	981	2	3
-1	793	9	8
-1	609	3	2
-1	86	3	2
-1	1457	3	2
-1	708	8	1
-1	1052	5	9
-1	551	4	6
-1	511	6	9
-1	132	5	8
-1	1208	7	6
-1	694	8	6
-1	1383	7	5
-1	506	9	9
-1	34	5	8
-1	836	1	2
-1	1479	6	3
-1	872	5	3
-1	679	7	2
-1	478	9	5
-1	94	8	9
-1	302	9	1
-1	143	2	3
-1	656	7	7
-1	355	4	6
-1	1479	1	2
-1	743	8	3
-1	616	7	5
-1	158	5	4
-1	1109	1	7
-1	0	3	4
-1	1154	6	5
-1	26	1	7
-1	668	5	3
-1	1397	5	1
-1	0	9	4
-1	1274	9	1
-1	0	9	7
-1	0	7	8
-1	754	5	4
-1	43	7	2
-1	945	5	8
-1	908	7	8
-1	1062	3	4
-1	614	6	9
-1	316	7	4
-1	0	1	2
-1	1307	3	5
-1	1194	3	4
-1	311	9	4
-1	189	8	5
-1	535	3	4
-1	878	7	7
-1	112	2	7
-1	864	3	9
-1	510	8	7
-1	481	8	7
-1	1468	9	1
-1	1246	9	8
-1	1492	7	3
-1	1480	5	1
-1	268	7	5
-1	224	3	5
-1	916	3	8
-1	101	8	5
-1	0	5	3
-1	499	8	1
-1	547	6	3
-1	624	9	2
-1	0	2	9
-1	1076	6	6
-1	1396	1	6
-1	822	2	1
-1	1439	5	4
-1	266	2	2
-1	663	6	5
-1	909	6	7
-1	596	9	7
-1	0	8	7
DDW
515	525
1409	1527
746	912
456	546
57	83
0	0
1330	1626
165	201
265	381
811	1121
1151	1197
392	520
906	944
846	1168
1005	1305
0	0
0	0
781	1123
222	232
269	275
1368	1542
380	428
35	35
564	794
377	479
192	254
859	1261
131	133
127	169
0	0
1051	1117
1127	1621
121	147
821	907
772	820
226	230
219	267
356	394
0	0
1087	1177
17	19
1286	1740
1150	1270
418	578
0	0
1274	1588
0	0
1147	1585
791	1115
232	328
838	890
864	900
317	421
140	198
1356	1658
0	0
1226	1302
0	0
0	0
1294	1430
249	367
1060	1296
0	0
254	344
1215	1577
1249	1381
145	161
0	0
37	49
659	857
1047	1205
903	1059
761	825
499	719
71	101
1297	1617
694	722
989	1115
496	606
501	521
117	147
1172	1244
666	722
1148	1618
405	607
34	34
803	869
1287	1671
741	1003
625	733
392	564
78	110
275	329
129	157
617	695
302	408
1198	1760
669	817
598	634
153	163
1042	1176
0	0
1131	1177
25	27
595	741
1173	1621
0	0
1070	1478
0	0
0	0
648	860
36	50
898	992
763	1053
913	1211
516	712
297	335
0	0
1111	1503
1051	1337
308	314
166	212
519	551
817	939
94	130
769	959
408	612
414	548
1277	1659
1209	1283
1298	1686
1288	1672
260	276
208	240
769	1063
95	107
0	0
399	599
514	580
593	655
0	0
990	1162
1201	1591
690	954
1238	1640
263	269
583	743
782	1036
495	697
0	0
