HFSDDW
50	30	10
0	36	1	63	2	45	3	39	4	80	5	87	6	88	7	44	8	26	9	29
0	49	1	55	2	49	3	35	4	78	5	42	6	69	7	39	8	47	9	43
0	40	1	33	2	13	3	66	4	30	5	71	6	7	7	92	8	68	9	87
0	83	1	3	2	75	3	24	4	51	5	36	6	53	7	84	8	98	9	20
0	11	1	85	2	81	3	79	4	80	5	2	6	74	7	69	8	36	9	38
0	36	1	7	2	92	3	53	4	3	5	4	6	50	7	79	8	10	9	9
0	81	1	95	2	76	3	38	4	45	5	46	6	80	7	26	8	84	9	43
0	88	1	84	2	41	3	27	4	33	5	55	6	51	7	33	8	85	9	29
0	97	1	38	2	57	3	31	4	52	5	76	6	11	7	23	8	21	9	47
0	85	1	73	2	75	3	89	4	39	5	15	6	10	7	43	8	35	9	35
0	21	1	48	2	84	3	93	4	49	5	51	6	66	7	65	8	20	9	48
0	52	1	18	2	94	3	80	4	12	5	43	6	39	7	46	8	86	9	69
0	36	1	58	2	6	3	37	4	57	5	16	6	10	7	52	8	88	9	18
0	45	1	9	2	98	3	51	4	8	5	49	6	53	7	64	8	81	9	2
0	11	1	45	2	3	3	72	4	94	5	68	6	79	7	94	8	77	9	95
0	76	1	64	2	56	3	65	4	98	5	63	6	43	7	48	8	36	9	34
0	41	1	14	2	77	3	3	4	3	5	44	6	20	7	44	8	73	9	62
0	90	1	75	2	64	3	85	4	58	5	91	6	55	7	33	8	42	9	89
0	37	1	16	2	74	3	92	4	41	5	81	6	52	7	33	8	52	9	44
0	6	1	6	2	28	3	47	4	60	5	96	6	67	7	99	8	70	9	51
0	48	1	35	2	21	3	16	4	6	5	2	6	99	7	71	8	8	9	7
0	9	1	11	2	6	3	47	4	97	5	25	6	40	7	85	8	61	9	22
0	92	1	87	2	91	3	29	4	56	5	84	6	47	7	17	8	25	9	61
0	25	1	55	2	63	3	91	4	41	5	2	6	94	7	58	8	87	9	40
0	81	1	80	2	25	3	45	4	36	5	95	6	1	7	81	8	50	9	36
0	56	1	82	2	38	3	48	4	58	5	61	6	44	7	92	8	59	9	21
0	54	1	82	2	46	3	46	4	82	5	53	6	48	7	14	8	6	9	96
0	30	1	81	2	97	3	22	4	40	5	12	6	62	7	46	8	92	9	61
0	84	1	66	2	67	3	89	4	6	5	42	6	17	7	15	8	33	9	79
0	58	1	3	2	99	3	67	4	85	5	99	6	35	7	79	8	63	9	83
0	47	1	86	2	75	3	54	4	6	5	74	6	84	7	17	8	8	9	47
0	99	1	97	2	99	3	97	4	36	5	88	6	16	7	57	8	41	9	41
0	36	1	34	2	80	3	26	4	39	5	28	6	82	7	31	8	37	9	41
0	77	1	82	2	83	3	10	4	15	5	98	6	91	7	14	8	84	9	31
0	57	1	1	2	7	3	85	4	80	5	60	6	4	7	3	8	31	9	97
0	84	1	78	2	39	3	22	4	48	5	14	6	6	7	49	8	15	9	78
0	92	1	54	2	79	3	67	4	70	5	17	6	14	7	89	8	83	9	38
0	96	1	2	2	72	3	11	4	83	5	35	6	27	7	94	8	46	9	78
0	24	1	79	2	99	3	40	4	57	5	99	6	44	7	61	8	62	9	1
0	92	1	42	2	98	3	7	4	38	5	4	6	21	7	39	8	16	9	64
0	46	1	14	2	19	3	93	4	1	5	82	6	6	7	28	8	39	9	13
0	86	1	11	2	4	3	37	4	54	5	13	6	55	7	40	8	11	9	71
0	72	1	53	2	28	3	82	4	45	5	54	6	3	7	66	8	72	9	80
0	15	1	87	2	79	3	81	4	33	5	10	6	61	7	6	8	39	9	74
0	93	1	16	2	23	3	49	4	15	5	81	6	39	7	62	8	52	9	25
0	48	1	80	2	29	3	44	4	91	5	93	6	86	7	37	8	49	9	46
0	79	1	39	2	56	3	59	4	98	5	99	6	32	7	22	8	5	9	44
0	52	1	49	2	1	3	37	4	77	5	56	6	31	7	78	8	68	9	63
0	16	1	41	2	14	3	48	4	32	5	34	6	59	7	35	8	90	9	39
0	24	1	24	2	57	3	93	4	94	5	54	6	60	7	63	8	51	9	16
LBCmax: 1219
RELDUE
-1	736	3	5
-1	332	4	8
-1	826	7	5
-1	221	8	9
-1	1007	8	4
-1	1335	1	7
-1	1095	5	4
-1	1247	4	9
-1	933	8	2
-1	553	7	3
-1	884	5	2
-1	216	3	9
-1	966	1	7
-1	1162	3	7
-1	494	8	1
-1	592	7	2
-1	432	5	8
-1	222	9	4
-1	455	3	4
-1	907	8	6
-1	614	2	9
-1	1295	2	3
-1	507	3	8
-1	915	2	3
-1	370	2	8
-1	471	4	4
-1	1237	9	3
-1	213	1	1
-1	632	2	4
-1	404	7	1
-1	1293	3	1
-1	944	1	8
-1	450	7	8
-1	763	3	6
-1	278	5	9
-1	1319	6	4
-1	1137	4	2
-1	190	2	6
-1	1036	1	1
-1	515	7	3
-1	779	6	1
-1	934	6	1
-1	960	7	4
-1	790	2	2
-1	1057	8	8
-1	317	3	9
-1	785	6	7
-1	1002	3	1
-1	888	8	4
-1	806	6	4
DDW
692	780
312	352
760	892
214	228
987	1027
1202	1468
986	1204
1135	1359
914	952
531	575
875	893
212	220
889	1043
1104	1220
469	519
574	610
410	454
200	244
446	464
871	943
571	657
1269	1321
466	548
851	979
344	396
433	509
1138	1336
198	228
575	689
396	412
1190	1396
878	1010
428	472
732	794
256	300
1306	1332
1103	1171
180	200
943	1129
474	556
748	810
897	971
950	970
750	830
972	1142
314	320
761	809
982	1022
852	924
798	814
