HFSDDW
50	25	5
0	50	1	4	2	47	3	26	4	85
0	52	1	39	2	80	3	17	4	6
0	86	1	16	2	10	3	37	4	44
0	99	1	77	2	20	3	40	4	51
0	44	1	23	2	47	3	35	4	89
0	60	1	30	2	31	3	73	4	67
0	67	1	13	2	77	3	35	4	40
0	2	1	62	2	59	3	59	4	11
0	24	1	41	2	4	3	72	4	39
0	67	1	3	2	11	3	85	4	81
0	22	1	60	2	70	3	70	4	11
0	28	1	57	2	13	3	36	4	25
0	23	1	9	2	8	3	49	4	38
0	73	1	38	2	74	3	97	4	43
0	37	1	18	2	61	3	30	4	28
0	3	1	19	2	74	3	96	4	22
0	57	1	20	2	45	3	91	4	45
0	8	1	43	2	8	3	24	4	12
0	45	1	50	2	23	3	35	4	88
0	16	1	34	2	54	3	35	4	65
0	29	1	28	2	13	3	43	4	44
0	5	1	99	2	41	3	42	4	9
0	9	1	82	2	17	3	14	4	67
0	4	1	64	2	16	3	5	4	31
0	31	1	31	2	51	3	85	4	97
0	87	1	95	2	26	3	42	4	12
0	69	1	65	2	40	3	31	4	93
0	29	1	7	2	3	3	47	4	41
0	8	1	2	2	65	3	16	4	4
0	62	1	34	2	9	3	67	4	84
0	51	1	18	2	50	3	4	4	35
0	98	1	77	2	28	3	45	4	57
0	9	1	73	2	99	3	30	4	40
0	44	1	43	2	85	3	21	4	38
0	96	1	62	2	68	3	63	4	23
0	29	1	66	2	35	3	82	4	36
0	53	1	86	2	59	3	57	4	61
0	51	1	16	2	36	3	96	4	94
0	52	1	79	2	57	3	89	4	32
0	34	1	3	2	35	3	76	4	60
0	19	1	48	2	88	3	30	4	88
0	89	1	50	2	86	3	80	4	6
0	33	1	42	2	45	3	9	4	5
0	23	1	15	2	43	3	69	4	88
0	29	1	7	2	89	3	26	4	86
0	18	1	5	2	78	3	31	4	88
0	27	1	31	2	59	3	23	4	17
0	5	1	98	2	30	3	68	4	71
0	2	1	29	2	55	3	90	4	62
0	10	1	34	2	48	3	85	4	10
LBCmax: 573
RELDUE
-1	423	3	2
-1	470	6	8
-1	476	8	4
-1	502	8	7
-1	437	9	3
-1	414	6	6
-1	469	9	7
-1	473	8	3
-1	451	8	4
-1	483	3	2
-1	499	4	1
-1	483	3	8
-1	464	5	8
-1	507	9	7
-1	492	2	6
-1	402	3	8
-1	496	8	1
-1	426	5	7
-1	507	9	1
-1	516	4	4
-1	429	8	9
-1	499	7	6
-1	486	5	8
-1	515	4	2
-1	502	1	6
-1	516	5	4
-1	460	4	1
-1	514	3	2
-1	474	8	7
-1	489	3	9
-1	497	4	1
-1	466	5	4
-1	508	1	7
-1	426	7	9
-1	481	2	2
-1	478	3	7
-1	477	9	8
-1	484	3	4
-1	507	4	7
-1	406	4	7
-1	454	5	8
-1	442	6	5
-1	500	1	8
-1	514	5	8
-1	501	7	3
-1	435	9	3
-1	486	7	4
-1	474	9	7
-1	415	4	3
-1	472	5	7
DDW
415	431
432	508
471	481
407	597
411	463
348	480
427	511
421	525
383	519
391	575
419	579
469	497
436	492
441	573
443	541
354	450
451	541
422	430
466	548
490	542
403	455
404	594
462	510
422	608
472	532
413	619
368	552
452	576
389	559
430	548
403	591
457	475
488	528
362	490
423	539
464	492
401	553
411	557
482	532
382	430
413	495
358	526
485	515
427	601
446	556
361	509
481	491
465	483
336	494
430	514
