HFSDDW
50	50	10
0	60	1	85	2	14	3	60	4	96	5	25	6	78	7	82	8	19	9	86
0	96	1	78	2	28	3	99	4	17	5	77	6	87	7	19	8	92	9	84
0	43	1	30	2	5	3	71	4	14	5	62	6	30	7	74	8	64	9	53
0	86	1	62	2	29	3	76	4	90	5	80	6	44	7	97	8	86	9	87
0	82	1	7	2	70	3	32	4	80	5	84	6	86	7	8	8	55	9	2
0	41	1	71	2	3	3	64	4	96	5	31	6	80	7	43	8	46	9	35
0	94	1	5	2	19	3	66	4	99	5	35	6	49	7	51	8	10	9	37
0	34	1	89	2	32	3	6	4	2	5	37	6	60	7	72	8	90	9	30
0	76	1	22	2	20	3	63	4	13	5	16	6	59	7	64	8	80	9	60
0	99	1	2	2	51	3	52	4	92	5	78	6	88	7	4	8	33	9	46
0	35	1	35	2	98	3	19	4	67	5	51	6	39	7	97	8	62	9	59
0	70	1	9	2	52	3	17	4	59	5	73	6	85	7	56	8	54	9	83
0	75	1	85	2	71	3	49	4	37	5	32	6	39	7	79	8	14	9	24
0	49	1	56	2	40	3	45	4	95	5	41	6	23	7	2	8	95	9	61
0	76	1	62	2	2	3	21	4	89	5	91	6	49	7	35	8	93	9	20
0	92	1	32	2	50	3	49	4	70	5	50	6	63	7	50	8	81	9	35
0	13	1	59	2	83	3	39	4	11	5	15	6	68	7	8	8	22	9	18
0	50	1	84	2	61	3	92	4	8	5	13	6	83	7	50	8	60	9	46
0	83	1	4	2	86	3	94	4	31	5	17	6	6	7	91	8	74	9	46
0	77	1	73	2	20	3	60	4	49	5	17	6	78	7	63	8	11	9	75
0	23	1	42	2	14	3	75	4	69	5	9	6	71	7	58	8	42	9	58
0	66	1	14	2	89	3	36	4	52	5	9	6	73	7	89	8	8	9	93
0	9	1	77	2	33	3	75	4	40	5	76	6	64	7	1	8	43	9	90
0	35	1	20	2	40	3	84	4	23	5	41	6	90	7	11	8	25	9	23
0	45	1	48	2	49	3	17	4	79	5	64	6	84	7	84	8	8	9	40
0	44	1	88	2	56	3	17	4	66	5	46	6	10	7	38	8	36	9	92
0	45	1	71	2	16	3	51	4	24	5	47	6	73	7	5	8	13	9	11
0	19	1	62	2	65	3	85	4	48	5	61	6	28	7	16	8	96	9	76
0	92	1	79	2	92	3	3	4	47	5	46	6	63	7	23	8	19	9	77
0	32	1	52	2	75	3	32	4	77	5	74	6	33	7	98	8	93	9	33
0	90	1	79	2	72	3	96	4	22	5	81	6	24	7	71	8	68	9	6
0	18	1	93	2	42	3	59	4	1	5	66	6	78	7	13	8	4	9	77
0	83	1	50	2	86	3	36	4	79	5	67	6	87	7	33	8	8	9	74
0	29	1	30	2	23	3	63	4	85	5	14	6	8	7	96	8	81	9	66
0	22	1	92	2	54	3	13	4	60	5	39	6	11	7	16	8	32	9	12
0	96	1	20	2	94	3	16	4	50	5	41	6	92	7	37	8	18	9	54
0	94	1	91	2	63	3	94	4	76	5	88	6	70	7	78	8	74	9	86
0	58	1	81	2	31	3	38	4	56	5	90	6	95	7	73	8	75	9	41
0	56	1	71	2	1	3	96	4	77	5	9	6	35	7	8	8	14	9	45
0	22	1	71	2	78	3	27	4	71	5	31	6	29	7	60	8	36	9	71
0	68	1	33	2	42	3	45	4	53	5	15	6	88	7	57	8	60	9	59
0	45	1	19	2	61	3	77	4	98	5	23	6	90	7	67	8	18	9	68
0	54	1	63	2	64	3	30	4	65	5	87	6	4	7	5	8	66	9	25
0	61	1	36	2	38	3	5	4	72	5	24	6	30	7	55	8	43	9	62
0	20	1	78	2	47	3	54	4	1	5	3	6	11	7	2	8	29	9	49
0	41	1	62	2	42	3	68	4	18	5	6	6	68	7	13	8	80	9	66
0	12	1	84	2	90	3	35	4	97	5	9	6	81	7	57	8	5	9	74
0	93	1	35	2	24	3	56	4	48	5	76	6	16	7	10	8	29	9	62
0	77	1	2	2	75	3	18	4	84	5	99	6	94	7	69	8	86	9	67
0	55	1	18	2	75	3	77	4	50	5	36	6	87	7	13	8	57	9	92
LBCmax: 919
RELDUE
-1	210	3	2
-1	388	6	6
-1	628	8	1
-1	391	8	6
-1	396	4	8
-1	122	5	9
-1	304	8	1
-1	568	5	8
-1	206	1	5
-1	324	7	6
-1	586	1	8
-1	416	1	7
-1	549	4	1
-1	190	6	3
-1	583	6	3
-1	148	4	1
-1	143	6	6
-1	491	8	7
-1	371	4	9
-1	634	6	3
-1	167	4	5
-1	159	8	8
-1	480	3	7
-1	298	3	4
-1	200	9	9
-1	512	9	8
-1	422	8	3
-1	347	4	4
-1	121	1	9
-1	159	2	7
-1	578	5	6
-1	111	9	2
-1	385	4	4
-1	297	4	2
-1	318	3	8
-1	219	4	1
-1	116	8	5
-1	208	3	6
-1	437	1	3
-1	527	4	7
-1	429	8	3
-1	137	4	7
-1	358	3	5
-1	335	3	4
-1	519	3	5
-1	623	7	5
-1	281	7	8
-1	407	8	8
-1	579	5	7
-1	313	5	9
DDW
202	218
380	396
615	641
387	395
376	416
112	132
301	307
545	591
185	227
298	350
563	609
383	449
516	582
179	201
525	641
144	152
139	147
471	511
341	401
577	691
162	172
143	175
437	523
274	322
196	204
461	563
405	439
344	350
114	128
151	167
566	590
108	114
350	420
282	312
305	331
204	234
115	117
202	214
424	450
495	559
403	455
125	149
344	372
315	355
509	529
567	679
278	284
395	419
521	637
291	335
