HFSDDW
100	50	10
0	45	1	52	2	68	3	32	4	22	5	90	6	36	7	93	8	17	9	11
0	11	1	14	2	30	3	49	4	21	5	86	6	76	7	45	8	96	9	26
0	75	1	74	2	66	3	60	4	78	5	61	6	78	7	19	8	41	9	86
0	75	1	68	2	76	3	42	4	59	5	93	6	11	7	2	8	84	9	52
0	40	1	85	2	16	3	42	4	97	5	67	6	53	7	27	8	60	9	29
0	47	1	18	2	50	3	21	4	84	5	70	6	85	7	9	8	53	9	61
0	12	1	18	2	52	3	30	4	36	5	42	6	38	7	87	8	90	9	28
0	75	1	74	2	60	3	44	4	86	5	90	6	59	7	25	8	63	9	12
0	8	1	52	2	58	3	13	4	40	5	58	6	18	7	56	8	58	9	88
0	8	1	3	2	48	3	23	4	40	5	22	6	33	7	85	8	7	9	56
0	29	1	66	2	36	3	32	4	53	5	72	6	58	7	7	8	34	9	93
0	12	1	61	2	45	3	42	4	54	5	59	6	59	7	39	8	90	9	77
0	24	1	82	2	29	3	3	4	21	5	73	6	27	7	37	8	4	9	65
0	57	1	73	2	18	3	8	4	82	5	41	6	17	7	27	8	60	9	68
0	1	1	12	2	23	3	64	4	76	5	46	6	57	7	6	8	69	9	80
0	62	1	93	2	95	3	30	4	32	5	47	6	37	7	34	8	12	9	80
0	45	1	21	2	3	3	68	4	37	5	38	6	44	7	38	8	60	9	13
0	43	1	33	2	79	3	22	4	77	5	12	6	60	7	64	8	26	9	74
0	16	1	21	2	68	3	23	4	3	5	63	6	78	7	88	8	75	9	36
0	5	1	82	2	15	3	80	4	23	5	79	6	10	7	54	8	28	9	38
0	3	1	20	2	46	3	56	4	38	5	30	6	15	7	73	8	52	9	21
0	86	1	73	2	8	3	38	4	65	5	25	6	53	7	79	8	66	9	74
0	60	1	55	2	63	3	25	4	9	5	61	6	18	7	99	8	98	9	97
0	2	1	7	2	37	3	88	4	72	5	95	6	74	7	12	8	85	9	72
0	48	1	5	2	36	3	55	4	49	5	32	6	74	7	77	8	15	9	98
0	26	1	31	2	87	3	53	4	78	5	47	6	57	7	22	8	47	9	76
0	12	1	15	2	75	3	55	4	19	5	80	6	36	7	20	8	65	9	69
0	50	1	42	2	93	3	93	4	26	5	55	6	20	7	9	8	76	9	77
0	86	1	41	2	84	3	1	4	71	5	71	6	19	7	83	8	10	9	26
0	39	1	53	2	65	3	9	4	61	5	34	6	30	7	81	8	36	9	68
0	95	1	55	2	12	3	46	4	48	5	84	6	37	7	93	8	28	9	23
0	27	1	49	2	46	3	69	4	90	5	71	6	31	7	74	8	83	9	47
0	61	1	52	2	10	3	40	4	30	5	97	6	77	7	84	8	33	9	92
0	26	1	39	2	72	3	8	4	82	5	32	6	29	7	38	8	53	9	87
0	35	1	26	2	56	3	87	4	98	5	90	6	8	7	95	8	19	9	89
0	3	1	56	2	98	3	88	4	7	5	43	6	45	7	72	8	17	9	50
0	8	1	53	2	60	3	36	4	97	5	88	6	76	7	38	8	87	9	58
0	43	1	92	2	22	3	95	4	13	5	36	6	96	7	23	8	42	9	39
0	90	1	81	2	66	3	44	4	89	5	69	6	40	7	83	8	1	9	39
0	87	1	57	2	22	3	3	4	79	5	81	6	65	7	21	8	90	9	10
0	14	1	69	2	8	3	60	4	47	5	11	6	34	7	3	8	75	9	71
0	47	1	22	2	31	3	77	4	60	5	26	6	86	7	17	8	46	9	28
0	48	1	93	2	37	3	48	4	71	5	85	6	71	7	19	8	16	9	31
0	71	1	76	2	32	3	32	4	26	5	21	6	73	7	6	8	96	9	79
0	36	1	38	2	8	3	30	4	92	5	65	6	27	7	44	8	42	9	54
0	94	1	48	2	74	3	62	4	61	5	21	6	32	7	59	8	89	9	61
0	39	1	16	2	86	3	45	4	99	5	71	6	89	7	98	8	52	9	40
0	52	1	81	2	20	3	67	4	92	5	11	6	85	7	8	8	56	9	7
0	59	1	27	2	77	3	62	4	36	5	23	6	2	7	70	8	70	9	5
0	88	1	15	2	17	3	36	4	40	5	20	6	51	7	63	8	30	9	22
0	75	1	28	2	92	3	3	4	2	5	14	6	28	7	8	8	70	9	50
0	36	1	25	2	4	3	82	4	2	5	13	6	38	7	25	8	9	9	76
0	69	1	20	2	28	3	47	4	51	5	38	6	65	7	84	8	27	9	72
0	60	1	22	2	77	3	35	4	31	5	32	6	34	7	75	8	61	9	23
0	94	1	93	2	99	3	20	4	68	5	64	6	11	7	34	8	34	9	28
0	82	1	27	2	55	3	54	4	52	5	55	6	99	7	45	8	51	9	63
0	49	1	44	2	81	3	97	4	90	5	14	6	48	7	69	8	51	9	70
0	78	1	63	2	64	3	85	4	81	5	76	6	21	7	8	8	78	9	87
0	28	1	31	2	50	3	99	4	90	5	33	6	67	7	24	8	82	9	76
0	32	1	89	2	24	3	97	4	74	5	51	6	13	7	2	8	30	9	55
0	17	1	42	2	82	3	64	4	49	5	19	6	63	7	69	8	72	9	75
0	35	1	91	2	66	3	64	4	36	5	18	6	94	7	81	8	8	9	57
0	47	1	25	2	86	3	75	4	38	5	89	6	40	7	66	8	12	9	31
0	64	1	19	2	78	3	24	4	71	5	85	6	49	7	85	8	51	9	72
0	70	1	97	2	51	3	8	4	42	5	41	6	23	7	60	8	62	9	57
0	56	1	32	2	94	3	72	4	8	5	91	6	56	7	8	8	27	9	60
0	79	1	96	2	58	3	41	4	12	5	17	6	14	7	42	8	93	9	50
0	68	1	9	2	31	3	36	4	86	5	50	6	73	7	79	8	34	9	97
0	66	1	80	2	5	3	55	4	74	5	32	6	25	7	7	8	17	9	79
0	30	1	41	2	58	3	90	4	93	5	74	6	40	7	11	8	95	9	26
0	28	1	81	2	67	3	12	4	88	5	48	6	1	7	58	8	85	9	58
0	19	1	77	2	74	3	30	4	94	5	98	6	92	7	4	8	66	9	79
0	92	1	8	2	26	3	14	4	20	5	27	6	51	7	40	8	43	9	13
0	10	1	62	2	83	3	9	4	69	5	84	6	14	7	92	8	66	9	27
0	32	1	66	2	21	3	59	4	60	5	53	6	67	7	29	8	96	9	94
0	81	1	37	2	44	3	16	4	33	5	20	6	56	7	53	8	92	9	61
0	97	1	61	2	16	3	72	4	48	5	57	6	93	7	65	8	60	9	10
0	85	1	1	2	37	3	40	4	48	5	26	6	86	7	67	8	54	9	66
0	60	1	22	2	44	3	49	4	32	5	73	6	18	7	67	8	75	9	50
0	29	1	60	2	1	3	6	4	30	5	70	6	50	7	48	8	11	9	4
0	60	1	2	2	68	3	86	4	9	5	81	6	1	7	5	8	68	9	8
0	34	1	89	2	99	3	26	4	2	5	75	6	18	7	67	8	41	9	75
0	39	1	26	2	90	3	11	4	80	5	26	6	99	7	31	8	10	9	77
0	76	1	39	2	56	3	51	4	7	5	58	6	54	7	57	8	41	9	50
0	73	1	14	2	99	3	68	4	16	5	40	6	61	7	74	8	5	9	55
0	53	1	83	2	7	3	35	4	64	5	34	6	12	7	57	8	7	9	83
0	81	1	69	2	95	3	90	4	31	5	94	6	33	7	48	8	19	9	43
0	21	1	61	2	26	3	90	4	3	5	26	6	27	7	23	8	94	9	40
0	64	1	26	2	27	3	54	4	25	5	92	6	32	7	22	8	86	9	73
0	47	1	96	2	50	3	58	4	68	5	5	6	18	7	10	8	37	9	21
0	8	1	13	2	55	3	61	4	34	5	92	6	57	7	16	8	33	9	39
0	8	1	88	2	62	3	66	4	19	5	56	6	42	7	41	8	66	9	39
0	63	1	12	2	62	3	46	4	96	5	25	6	11	7	68	8	23	9	98
0	8	1	18	2	86	3	73	4	33	5	51	6	70	7	66	8	21	9	32
0	35	1	16	2	88	3	48	4	66	5	58	6	34	7	84	8	39	9	13
0	62	1	77	2	44	3	97	4	58	5	96	6	51	7	10	8	64	9	10
0	82	1	88	2	93	3	35	4	31	5	89	6	3	7	89	8	34	9	67
0	86	1	75	2	21	3	34	4	4	5	47	6	23	7	14	8	80	9	39
0	90	1	26	2	30	3	10	4	36	5	31	6	74	7	88	8	16	9	36
0	99	1	61	2	3	3	12	4	50	5	46	6	22	7	54	8	18	9	76
LBCmax: 1361
RELDUE
-1	866	3	1
-1	775	4	2
-1	821	2	8
-1	990	4	1
-1	623	9	1
-1	1117	3	1
-1	870	2	9
-1	489	1	2
-1	1174	3	4
-1	496	6	9
-1	1013	9	6
-1	711	8	1
-1	643	9	6
-1	615	5	2
-1	560	2	9
-1	864	2	6
-1	889	5	8
-1	1095	8	8
-1	1212	6	9
-1	1222	7	8
-1	537	5	1
-1	519	8	4
-1	1009	2	7
-1	1206	1	6
-1	961	7	2
-1	615	9	9
-1	1007	9	2
-1	482	6	6
-1	1088	3	3
-1	880	2	6
-1	615	4	2
-1	966	9	9
-1	1200	9	6
-1	445	5	4
-1	1083	2	3
-1	782	5	4
-1	1026	6	8
-1	888	5	8
-1	1090	7	4
-1	811	8	3
-1	1018	5	8
-1	931	4	9
-1	1183	1	2
-1	446	7	3
-1	915	2	2
-1	922	6	3
-1	670	7	2
-1	1036	4	3
-1	1165	2	9
-1	1180	4	5
-1	1122	2	7
-1	718	4	5
-1	864	6	6
-1	552	4	1
-1	899	7	7
-1	754	8	8
-1	991	5	9
-1	841	1	5
-1	436	7	9
-1	416	9	8
-1	517	9	3
-1	795	2	9
-1	627	6	3
-1	702	6	5
-1	1106	4	2
-1	454	7	8
-1	736	1	3
-1	605	1	8
-1	758	5	9
-1	1004	3	4
-1	1063	8	6
-1	409	5	4
-1	412	3	7
-1	809	8	8
-1	612	2	8
-1	831	5	2
-1	562	9	6
-1	971	6	9
-1	699	5	4
-1	446	8	4
-1	1171	1	9
-1	1196	7	6
-1	543	1	1
-1	1134	8	2
-1	983	8	2
-1	1123	1	8
-1	509	7	5
-1	1056	9	4
-1	771	7	8
-1	737	6	9
-1	1016	4	7
-1	593	3	5
-1	859	6	6
-1	1082	8	4
-1	701	7	2
-1	630	4	1
-1	712	1	9
-1	888	4	9
-1	565	8	9
-1	868	4	3
DDW
710	1022
659	891
665	977
802	1178
517	729
949	1285
792	948
445	533
1010	1338
476	516
962	1064
619	803
540	746
498	732
554	566
812	916
782	996
1062	1128
970	1454
1124	1320
510	564
467	571
928	1090
1025	1387
807	1115
492	738
836	1178
405	559
1044	1132
862	898
547	683
821	1111
1092	1308
409	481
1072	1094
673	891
852	1200
817	959
926	1254
657	965
977	1059
857	1005
1006	1360
392	500
750	1080
774	1070
630	710
1015	1057
955	1375
1156	1204
1043	1201
610	826
855	873
546	558
881	917
686	822
922	1060
807	875
419	453
345	487
419	615
684	906
589	665
618	786
951	1261
404	504
699	773
551	659
614	902
924	1084
967	1159
393	425
375	449
801	817
581	643
690	972
478	646
816	1126
580	818
442	450
995	1347
1017	1375
440	646
1111	1157
826	1140
943	1303
433	585
972	1140
725	817
649	825
945	1087
516	670
816	902
887	1277
694	708
561	699
691	733
861	915
458	672
799	937
