HFSDDW
150	25	5
0	59	1	70	2	96	3	3	4	44
0	65	1	99	2	67	3	72	4	51
0	37	1	2	2	9	3	60	4	45
0	41	1	51	2	72	3	50	4	16
0	81	1	63	2	31	3	53	4	90
0	90	1	20	2	92	3	54	4	74
0	63	1	87	2	68	3	71	4	59
0	50	1	93	2	56	3	13	4	77
0	95	1	39	2	99	3	15	4	80
0	3	1	93	2	67	3	63	4	94
0	36	1	1	2	6	3	60	4	28
0	96	1	40	2	43	3	12	4	54
0	45	1	7	2	13	3	97	4	88
0	49	1	33	2	38	3	2	4	95
0	48	1	94	2	59	3	72	4	21
0	43	1	64	2	16	3	72	4	88
0	96	1	53	2	29	3	59	4	38
0	62	1	82	2	8	3	43	4	62
0	10	1	50	2	45	3	59	4	32
0	88	1	26	2	2	3	27	4	31
0	70	1	55	2	66	3	68	4	47
0	41	1	41	2	33	3	40	4	84
0	33	1	25	2	71	3	24	4	57
0	92	1	77	2	54	3	60	4	27
0	67	1	25	2	94	3	39	4	85
0	97	1	50	2	1	3	41	4	32
0	18	1	62	2	89	3	41	4	19
0	42	1	87	2	61	3	13	4	96
0	21	1	50	2	68	3	58	4	30
0	85	1	79	2	22	3	2	4	40
0	12	1	72	2	42	3	99	4	64
0	45	1	61	2	27	3	83	4	49
0	91	1	41	2	91	3	9	4	67
0	70	1	35	2	30	3	5	4	16
0	6	1	17	2	41	3	63	4	7
0	18	1	57	2	36	3	10	4	99
0	19	1	29	2	99	3	2	4	21
0	46	1	21	2	89	3	77	4	73
0	80	1	60	2	78	3	64	4	6
0	79	1	58	2	60	3	91	4	59
0	50	1	49	2	17	3	85	4	35
0	94	1	31	2	78	3	93	4	47
0	87	1	25	2	18	3	83	4	30
0	62	1	42	2	90	3	87	4	22
0	50	1	46	2	52	3	31	4	36
0	45	1	39	2	76	3	57	4	27
0	60	1	97	2	45	3	50	4	49
0	69	1	13	2	14	3	66	4	26
0	15	1	42	2	96	3	31	4	86
0	56	1	42	2	94	3	35	4	44
0	38	1	67	2	72	3	69	4	9
0	5	1	97	2	85	3	50	4	89
0	56	1	55	2	21	3	67	4	86
0	90	1	79	2	67	3	34	4	60
0	50	1	28	2	25	3	62	4	7
0	8	1	49	2	22	3	45	4	79
0	3	1	44	2	42	3	14	4	88
0	93	1	26	2	75	3	41	4	44
0	72	1	27	2	63	3	77	4	69
0	60	1	21	2	30	3	44	4	95
0	76	1	75	2	60	3	74	4	94
0	11	1	42	2	10	3	63	4	2
0	55	1	75	2	40	3	70	4	87
0	13	1	13	2	8	3	78	4	93
0	64	1	5	2	26	3	89	4	88
0	23	1	64	2	48	3	92	4	47
0	87	1	20	2	78	3	49	4	4
0	28	1	83	2	68	3	20	4	77
0	51	1	16	2	13	3	40	4	89
0	97	1	87	2	93	3	89	4	57
0	47	1	14	2	51	3	51	4	31
0	72	1	49	2	71	3	86	4	72
0	46	1	94	2	18	3	16	4	14
0	35	1	97	2	90	3	67	4	59
0	30	1	45	2	88	3	1	4	43
0	49	1	91	2	85	3	1	4	90
0	35	1	71	2	58	3	35	4	99
0	73	1	69	2	27	3	19	4	32
0	79	1	13	2	81	3	47	4	31
0	56	1	98	2	97	3	26	4	54
0	99	1	96	2	26	3	31	4	28
0	3	1	25	2	50	3	8	4	82
0	80	1	63	2	70	3	95	4	37
0	75	1	37	2	82	3	16	4	40
0	66	1	70	2	72	3	36	4	80
0	18	1	63	2	41	3	69	4	86
0	50	1	94	2	59	3	47	4	91
0	39	1	45	2	27	3	8	4	97
0	49	1	19	2	19	3	36	4	51
0	17	1	42	2	86	3	11	4	56
0	19	1	17	2	81	3	85	4	88
0	30	1	24	2	90	3	51	4	11
0	39	1	83	2	81	3	22	4	33
0	86	1	4	2	24	3	5	4	98
0	30	1	10	2	74	3	19	4	91
0	47	1	51	2	37	3	85	4	64
0	75	1	77	2	31	3	14	4	67
0	34	1	14	2	73	3	58	4	61
0	15	1	55	2	76	3	97	4	59
0	65	1	38	2	97	3	3	4	64
0	13	1	18	2	82	3	13	4	26
0	9	1	42	2	63	3	94	4	41
0	78	1	87	2	6	3	87	4	35
0	61	1	53	2	67	3	54	4	99
0	73	1	30	2	65	3	43	4	83
0	75	1	34	2	77	3	59	4	26
0	10	1	54	2	34	3	21	4	51
0	57	1	95	2	19	3	87	4	58
0	91	1	50	2	79	3	18	4	82
0	27	1	50	2	89	3	62	4	97
0	13	1	70	2	43	3	4	4	91
0	83	1	53	2	39	3	29	4	51
0	75	1	65	2	4	3	68	4	32
0	25	1	53	2	84	3	36	4	78
0	66	1	35	2	80	3	96	4	8
0	23	1	50	2	48	3	60	4	56
0	25	1	45	2	16	3	61	4	14
0	39	1	11	2	30	3	30	4	67
0	5	1	57	2	89	3	37	4	83
0	27	1	47	2	11	3	86	4	58
0	74	1	65	2	53	3	84	4	32
0	78	1	90	2	47	3	96	4	68
0	33	1	6	2	78	3	72	4	26
0	30	1	49	2	42	3	55	4	93
0	15	1	23	2	55	3	68	4	73
0	10	1	45	2	43	3	13	4	81
0	75	1	40	2	61	3	3	4	82
0	60	1	92	2	31	3	30	4	35
0	48	1	64	2	34	3	61	4	35
0	99	1	78	2	18	3	11	4	53
0	77	1	6	2	56	3	92	4	44
0	51	1	10	2	84	3	11	4	23
0	34	1	48	2	34	3	16	4	92
0	93	1	44	2	75	3	89	4	66
0	38	1	19	2	13	3	20	4	46
0	50	1	89	2	94	3	34	4	74
0	31	1	27	2	33	3	60	4	4
0	70	1	84	2	68	3	59	4	32
0	50	1	8	2	21	3	8	4	2
0	1	1	30	2	19	3	68	4	42
0	55	1	3	2	28	3	45	4	16
0	59	1	92	2	36	3	47	4	93
0	62	1	16	2	50	3	37	4	91
0	7	1	15	2	74	3	12	4	23
0	10	1	75	2	17	3	58	4	16
0	30	1	98	2	5	3	19	4	46
0	21	1	70	2	27	3	92	4	19
0	28	1	99	2	88	3	45	4	44
0	77	1	49	2	22	3	65	4	70
0	35	1	58	2	83	3	16	4	94
LBCmax: 1752
RELDUE
-1	1668	3	7
-1	1153	1	1
-1	298	4	3
-1	976	8	4
-1	736	2	4
-1	1576	1	9
-1	1682	3	2
-1	1403	8	4
-1	671	3	1
-1	1671	8	5
-1	1242	4	1
-1	1720	2	2
-1	465	7	4
-1	205	6	3
-1	1449	3	8
-1	1783	4	9
-1	1730	6	4
-1	1189	8	6
-1	482	5	2
-1	1283	1	4
-1	302	1	2
-1	643	6	2
-1	687	8	7
-1	1357	4	8
-1	957	5	7
-1	1242	5	6
-1	1119	5	9
-1	1073	8	3
-1	1713	6	8
-1	1601	4	1
-1	1438	7	5
-1	429	1	3
-1	1729	1	2
-1	597	3	8
-1	1232	4	2
-1	1310	8	2
-1	1279	1	4
-1	1591	5	2
-1	1233	5	9
-1	860	3	9
-1	914	9	7
-1	687	8	6
-1	1224	4	8
-1	1215	4	7
-1	1638	6	5
-1	1743	9	6
-1	734	8	1
-1	520	7	5
-1	1802	1	3
-1	1546	1	7
-1	982	4	6
-1	1925	5	3
-1	1333	8	4
-1	1101	6	2
-1	1709	5	6
-1	1200	8	6
-1	640	6	4
-1	869	1	9
-1	194	7	5
-1	1422	8	3
-1	631	7	6
-1	784	2	8
-1	1617	3	2
-1	997	3	9
-1	408	7	9
-1	987	2	2
-1	1918	8	5
-1	1796	5	4
-1	900	3	5
-1	313	7	1
-1	679	2	3
-1	314	2	9
-1	1884	7	3
-1	1549	1	5
-1	543	1	8
-1	1543	7	5
-1	1346	4	8
-1	1399	9	7
-1	1646	4	7
-1	1142	1	7
-1	682	1	6
-1	774	4	5
-1	1198	5	7
-1	342	7	1
-1	794	8	6
-1	1440	7	2
-1	1024	8	8
-1	803	1	4
-1	815	5	3
-1	207	1	9
-1	844	2	8
-1	585	9	9
-1	1571	2	6
-1	1738	7	1
-1	404	6	7
-1	304	9	5
-1	997	5	1
-1	402	9	6
-1	982	9	7
-1	826	4	1
-1	1752	5	1
-1	866	6	4
-1	1547	1	5
-1	1664	7	6
-1	1042	7	5
-1	843	3	2
-1	216	6	1
-1	1712	5	3
-1	732	7	5
-1	341	4	9
-1	1782	9	7
-1	1169	5	1
-1	1150	7	2
-1	980	7	8
-1	915	8	5
-1	1785	5	8
-1	1514	9	1
-1	1450	4	2
-1	378	2	6
-1	896	8	6
-1	1891	8	1
-1	1290	3	1
-1	1155	4	8
-1	867	9	5
-1	1397	5	7
-1	268	9	4
-1	670	4	4
-1	320	1	8
-1	1320	5	5
-1	414	7	9
-1	720	8	9
-1	1118	8	3
-1	592	1	5
-1	994	3	5
-1	1318	6	4
-1	1743	1	1
-1	1154	7	7
-1	1462	2	9
-1	1227	4	5
-1	1879	6	8
-1	1398	2	3
-1	1239	3	1
-1	245	5	2
-1	649	4	5
-1	353	1	6
-1	1603	6	6
-1	1362	8	8
-1	766	8	9
-1	998	3	1
-1	546	1	9
DDW
1568	1768
1095	1211
274	322
956	996
684	788
1434	1718
1564	1800
1305	1501
651	691
1638	1704
1180	1304
1703	1737
423	507
187	223
1333	1565
1676	1890
1609	1851
1106	1272
443	521
1168	1398
299	305
592	694
653	721
1343	1371
880	1034
1192	1292
1085	1153
976	1170
1542	1884
1553	1649
1337	1539
412	446
1643	1815
549	645
1195	1269
1205	1415
1215	1343
1559	1623
1171	1295
791	929
868	960
632	742
1187	1261
1094	1336
1605	1671
1638	1848
675	793
468	572
1766	1838
1500	1592
953	1011
1790	2060
1293	1373
1079	1123
1555	1863
1092	1308
576	704
799	939
186	202
1379	1465
593	669
713	855
1488	1746
897	1097
388	428
977	997
1784	2052
1760	1832
837	963
282	344
665	693
298	330
1827	1941
1534	1564
521	565
1497	1589
1279	1413
1329	1469
1498	1794
1119	1165
634	730
751	797
1114	1282
318	366
715	873
1426	1454
1004	1044
779	827
734	896
199	215
768	920
538	632
1430	1712
1703	1773
396	412
286	322
987	1007
386	418
933	1031
809	843
1577	1927
805	927
1485	1609
1614	1714
1021	1063
767	919
207	225
1661	1763
666	798
321	361
1693	1871
1111	1227
1046	1254
960	1000
851	979
1714	1856
1469	1559
1436	1464
340	416
851	941
1702	2080
1238	1342
1120	1190
841	893
1383	1411
257	279
623	717
314	326
1201	1439
381	447
698	742
1096	1140
586	598
914	1074
1278	1358
1569	1917
1050	1258
1389	1535
1153	1301
1841	1917
1300	1496
1127	1351
233	257
623	675
318	388
1539	1667
1226	1498
712	820
948	1048
497	595
