HFSDDW
100	15	5
0	1	1	14	2	77	3	30	4	80
0	70	1	33	2	85	3	84	4	23
0	18	1	37	2	62	3	43	4	36
0	40	1	20	2	41	3	86	4	18
0	1	1	81	2	11	3	20	4	30
0	47	1	75	2	37	3	24	4	88
0	9	1	7	2	39	3	24	4	57
0	39	1	78	2	69	3	36	4	77
0	18	1	93	2	81	3	9	4	42
0	35	1	75	2	49	3	40	4	69
0	79	1	74	2	15	3	35	4	99
0	20	1	4	2	58	3	1	4	33
0	95	1	96	2	61	3	96	4	14
0	11	1	98	2	38	3	86	4	96
0	61	1	50	2	6	3	10	4	1
0	8	1	99	2	2	3	78	4	94
0	72	1	27	2	97	3	55	4	9
0	35	1	92	2	5	3	25	4	38
0	36	1	21	2	69	3	3	4	82
0	22	1	32	2	85	3	94	4	31
0	37	1	38	2	63	3	43	4	8
0	29	1	68	2	6	3	34	4	92
0	20	1	2	2	79	3	6	4	61
0	68	1	98	2	7	3	87	4	79
0	18	1	93	2	14	3	49	4	60
0	40	1	81	2	3	3	27	4	79
0	75	1	15	2	8	3	47	4	58
0	35	1	64	2	54	3	48	4	79
0	66	1	87	2	71	3	32	4	18
0	35	1	42	2	64	3	42	4	14
0	23	1	26	2	97	3	15	4	14
0	44	1	24	2	15	3	82	4	67
0	48	1	65	2	78	3	55	4	17
0	5	1	94	2	33	3	48	4	27
0	5	1	44	2	58	3	9	4	14
0	31	1	23	2	81	3	31	4	26
0	98	1	17	2	61	3	13	4	57
0	50	1	18	2	92	3	34	4	15
0	11	1	50	2	72	3	80	4	31
0	2	1	10	2	17	3	16	4	13
0	41	1	10	2	17	3	15	4	10
0	78	1	67	2	89	3	2	4	83
0	21	1	43	2	83	3	57	4	68
0	31	1	4	2	65	3	97	4	67
0	87	1	2	2	98	3	34	4	17
0	55	1	72	2	78	3	77	4	13
0	21	1	7	2	65	3	19	4	85
0	89	1	1	2	46	3	4	4	79
0	83	1	29	2	91	3	51	4	93
0	67	1	66	2	15	3	12	4	1
0	97	1	44	2	19	3	49	4	25
0	39	1	11	2	83	3	98	4	55
0	6	1	88	2	13	3	89	4	62
0	15	1	77	2	64	3	72	4	79
0	31	1	58	2	61	3	19	4	83
0	59	1	11	2	48	3	40	4	49
0	88	1	58	2	67	3	77	4	15
0	77	1	88	2	17	3	93	4	46
0	79	1	18	2	47	3	49	4	73
0	94	1	16	2	2	3	89	4	79
0	90	1	3	2	42	3	33	4	69
0	40	1	83	2	99	3	65	4	65
0	29	1	63	2	43	3	50	4	66
0	47	1	22	2	36	3	74	4	85
0	27	1	60	2	70	3	27	4	99
0	13	1	11	2	13	3	46	4	89
0	43	1	9	2	58	3	61	4	59
0	86	1	16	2	35	3	8	4	75
0	93	1	88	2	52	3	28	4	18
0	16	1	74	2	97	3	82	4	26
0	73	1	80	2	28	3	5	4	53
0	30	1	32	2	16	3	33	4	56
0	30	1	70	2	54	3	75	4	23
0	20	1	5	2	82	3	90	4	80
0	32	1	87	2	28	3	98	4	91
0	38	1	9	2	42	3	9	4	84
0	39	1	13	2	30	3	20	4	17
0	63	1	81	2	54	3	9	4	30
0	55	1	99	2	3	3	51	4	46
0	24	1	34	2	76	3	6	4	97
0	12	1	92	2	7	3	3	4	94
0	85	1	52	2	29	3	14	4	15
0	21	1	89	2	7	3	49	4	18
0	17	1	41	2	35	3	59	4	60
0	39	1	51	2	73	3	61	4	25
0	32	1	85	2	77	3	53	4	67
0	5	1	33	2	36	3	12	4	72
0	46	1	7	2	27	3	26	4	31
0	11	1	52	2	41	3	94	4	9
0	65	1	92	2	53	3	33	4	30
0	82	1	99	2	17	3	46	4	59
0	60	1	19	2	45	3	77	4	62
0	1	1	75	2	76	3	46	4	11
0	88	1	53	2	95	3	76	4	72
0	11	1	15	2	10	3	28	4	49
0	86	1	11	2	79	3	53	4	60
0	39	1	32	2	45	3	24	4	85
0	5	1	16	2	90	3	52	4	12
0	27	1	61	2	49	3	63	4	30
0	36	1	76	2	94	3	83	4	21
LBCmax: 1751
RELDUE
-1	1004	4	1
-1	1898	6	6
-1	1689	5	6
-1	1513	7	9
-1	1077	8	1
-1	1592	8	9
-1	1825	2	6
-1	1810	9	7
-1	1893	4	5
-1	1642	7	7
-1	1404	5	3
-1	1291	7	7
-1	1850	9	7
-1	1062	8	2
-1	1119	3	2
-1	1601	1	6
-1	1194	5	7
-1	1427	2	7
-1	1512	7	5
-1	935	9	5
-1	1641	1	9
-1	1536	3	8
-1	1332	2	9
-1	1547	3	2
-1	1351	5	5
-1	1392	3	8
-1	1560	4	4
-1	1357	7	2
-1	1904	3	9
-1	1021	6	7
-1	977	8	6
-1	1035	6	6
-1	1884	9	2
-1	1211	4	4
-1	1375	4	2
-1	1313	9	9
-1	1444	6	3
-1	1757	7	6
-1	918	9	9
-1	1053	5	9
-1	1025	5	7
-1	1153	7	8
-1	1857	9	3
-1	1707	2	1
-1	1523	1	9
-1	1792	4	8
-1	1593	8	2
-1	1204	7	5
-1	1296	3	7
-1	1519	9	9
-1	928	6	9
-1	1126	7	3
-1	1236	5	4
-1	1694	2	2
-1	1376	7	1
-1	1395	3	4
-1	1441	4	7
-1	1016	3	2
-1	1037	9	7
-1	1611	7	6
-1	907	9	3
-1	1343	3	5
-1	1833	7	2
-1	1746	1	5
-1	1539	5	2
-1	1244	4	3
-1	1333	1	6
-1	1513	4	5
-1	1614	9	4
-1	1732	4	5
-1	1031	2	1
-1	1363	4	9
-1	1383	7	1
-1	1333	5	2
-1	1836	9	6
-1	1362	6	5
-1	1605	9	3
-1	1552	9	3
-1	898	6	2
-1	1486	5	4
-1	1725	3	7
-1	1230	6	5
-1	936	7	9
-1	1260	4	8
-1	968	3	7
-1	1778	2	5
-1	1725	4	3
-1	1064	5	9
-1	1761	9	4
-1	1907	7	7
-1	1799	6	9
-1	1303	6	9
-1	1595	6	8
-1	1234	4	7
-1	1020	6	2
-1	1609	8	7
-1	1247	8	1
-1	986	2	4
-1	1042	5	8
-1	1154	2	7
DDW
863	1145
1613	2183
1402	1976
1468	1558
980	1174
1576	1608
1770	1880
1557	2063
1552	2234
1609	1675
1306	1502
1214	1368
1665	2035
871	1253
951	1287
1489	1713
1158	1230
1241	1613
1225	1799
757	1113
1428	1854
1321	1751
1279	1385
1485	1609
1108	1594
1281	1503
1342	1778
1248	1466
1885	1923
1011	1031
899	1055
1014	1056
1827	1941
969	1453
1361	1389
1064	1562
1401	1487
1599	1915
808	1028
927	1179
882	1168
992	1314
1541	2173
1519	1895
1279	1767
1559	2025
1497	1689
963	1445
1218	1374
1246	1792
872	984
912	1340
1001	1471
1575	1813
1335	1417
1116	1674
1282	1600
884	1148
985	1089
1595	1627
834	980
1128	1558
1576	2090
1449	2043
1324	1754
1169	1319
1293	1373
1362	1664
1340	1888
1455	2009
990	1072
1159	1567
1369	1397
1226	1440
1726	1946
1090	1634
1316	1894
1335	1769
817	979
1397	1575
1690	1760
1058	1402
917	955
1210	1310
823	1113
1600	1956
1656	1794
883	1245
1462	2060
1888	1926
1637	1961
1160	1446
1531	1659
1086	1382
979	1061
1319	1899
1235	1259
976	996
865	1219
1027	1281
