HFSDDW
50	15	5
0	4	1	26	2	92	3	50	4	61
0	38	1	5	2	44	3	12	4	59
0	4	1	67	2	9	3	38	4	87
0	8	1	66	2	26	3	55	4	47
0	47	1	53	2	66	3	26	4	28
0	48	1	75	2	73	3	87	4	11
0	7	1	10	2	18	3	44	4	56
0	52	1	60	2	18	3	90	4	65
0	62	1	12	2	36	3	46	4	89
0	43	1	34	2	22	3	73	4	73
0	91	1	94	2	23	3	18	4	98
0	50	1	60	2	67	3	22	4	13
0	63	1	31	2	56	3	1	4	52
0	94	1	50	2	65	3	81	4	36
0	47	1	49	2	36	3	89	4	84
0	35	1	18	2	20	3	36	4	85
0	14	1	54	2	99	3	15	4	20
0	13	1	87	2	99	3	45	4	7
0	91	1	93	2	95	3	77	4	3
0	32	1	55	2	35	3	93	4	95
0	92	1	69	2	40	3	38	4	26
0	42	1	59	2	33	3	33	4	63
0	33	1	40	2	31	3	37	4	99
0	10	1	31	2	42	3	81	4	40
0	7	1	50	2	20	3	75	4	44
0	54	1	54	2	59	3	87	4	53
0	79	1	83	2	27	3	41	4	92
0	45	1	14	2	62	3	88	4	77
0	54	1	55	2	67	3	82	4	73
0	52	1	62	2	58	3	78	4	92
0	1	1	14	2	53	3	53	4	88
0	43	1	49	2	65	3	94	4	71
0	88	1	1	2	45	3	80	4	83
0	50	1	14	2	90	3	45	4	54
0	95	1	69	2	53	3	5	4	86
0	52	1	83	2	38	3	2	4	91
0	91	1	95	2	80	3	94	4	53
0	66	1	30	2	73	3	52	4	49
0	95	1	49	2	68	3	17	4	88
0	53	1	10	2	86	3	98	4	24
0	39	1	72	2	14	3	24	4	96
0	31	1	60	2	49	3	66	4	36
0	60	1	11	2	63	3	3	4	79
0	93	1	20	2	50	3	27	4	17
0	21	1	40	2	38	3	95	4	59
0	47	1	2	2	37	3	16	4	33
0	43	1	96	2	40	3	78	4	53
0	20	1	81	2	57	3	98	4	22
0	7	1	80	2	7	3	16	4	89
0	85	1	85	2	66	3	37	4	95
LBCmax: 1092
RELDUE
-1	333	2	1
-1	499	2	7
-1	499	8	7
-1	643	1	5
-1	129	7	6
-1	759	6	2
-1	335	2	9
-1	231	8	9
-1	533	3	2
-1	434	4	1
-1	304	3	2
-1	262	1	9
-1	331	7	5
-1	327	7	1
-1	724	2	3
-1	526	9	6
-1	577	9	8
-1	666	6	6
-1	430	2	3
-1	504	4	3
-1	189	7	8
-1	514	8	2
-1	450	8	7
-1	144	5	1
-1	178	6	9
-1	373	6	3
-1	323	4	2
-1	251	9	1
-1	145	9	2
-1	592	1	3
-1	514	1	1
-1	340	4	4
-1	760	7	1
-1	241	2	4
-1	757	3	3
-1	653	7	1
-1	350	7	1
-1	489	4	4
-1	601	3	9
-1	463	1	1
-1	666	9	7
-1	520	4	2
-1	717	7	6
-1	427	2	8
-1	713	8	6
-1	653	7	9
-1	411	2	1
-1	591	3	7
-1	254	4	4
-1	279	4	8
DDW
313	353
489	509
459	539
617	669
125	133
713	805
315	355
222	240
490	576
408	460
280	328
236	288
324	338
294	360
695	753
505	547
537	617
646	686
396	464
499	509
172	206
499	529
423	477
132	156
167	189
343	403
294	352
231	271
132	158
551	633
509	519
309	371
714	806
234	248
719	795
594	712
315	385
484	494
541	661
454	472
659	673
473	567
703	731
414	440
649	777
601	705
374	448
573	609
234	274
254	304
