HFSDDW
100	50	10
0	63	1	1	2	78	3	42	4	77	5	84	6	46	7	13	8	53	9	92
0	39	1	88	2	54	3	50	4	41	5	53	6	32	7	63	8	2	9	98
0	14	1	28	2	85	3	77	4	98	5	58	6	2	7	98	8	53	9	85
0	13	1	18	2	33	3	11	4	21	5	95	6	30	7	52	8	35	9	22
0	43	1	99	2	72	3	93	4	39	5	93	6	69	7	22	8	46	9	57
0	85	1	7	2	35	3	95	4	20	5	36	6	16	7	2	8	44	9	19
0	82	1	48	2	59	3	67	4	80	5	21	6	55	7	43	8	29	9	45
0	24	1	79	2	29	3	80	4	55	5	14	6	55	7	91	8	39	9	5
0	89	1	80	2	52	3	96	4	1	5	6	6	83	7	38	8	90	9	85
0	80	1	29	2	8	3	16	4	39	5	94	6	40	7	6	8	14	9	19
0	39	1	26	2	92	3	2	4	34	5	6	6	77	7	54	8	40	9	6
0	80	1	24	2	62	3	39	4	30	5	3	6	96	7	63	8	67	9	74
0	37	1	17	2	52	3	44	4	65	5	94	6	71	7	14	8	42	9	60
0	74	1	50	2	78	3	20	4	66	5	63	6	87	7	50	8	62	9	94
0	29	1	30	2	97	3	85	4	6	5	57	6	66	7	68	8	85	9	36
0	98	1	77	2	39	3	39	4	81	5	22	6	74	7	49	8	37	9	39
0	34	1	64	2	12	3	79	4	32	5	30	6	45	7	43	8	73	9	66
0	16	1	46	2	1	3	72	4	46	5	8	6	20	7	67	8	39	9	9
0	29	1	3	2	28	3	7	4	62	5	96	6	12	7	40	8	39	9	45
0	89	1	39	2	14	3	23	4	60	5	64	6	18	7	19	8	53	9	75
0	12	1	24	2	95	3	20	4	21	5	53	6	77	7	66	8	93	9	73
0	2	1	7	2	10	3	29	4	11	5	31	6	37	7	6	8	18	9	36
0	19	1	6	2	5	3	29	4	77	5	76	6	32	7	77	8	12	9	81
0	90	1	2	2	15	3	64	4	96	5	6	6	8	7	9	8	85	9	9
0	20	1	45	2	46	3	65	4	43	5	82	6	29	7	85	8	13	9	29
0	28	1	12	2	1	3	17	4	56	5	7	6	19	7	67	8	42	9	44
0	22	1	99	2	55	3	12	4	83	5	1	6	92	7	46	8	32	9	5
0	24	1	29	2	20	3	9	4	17	5	74	6	59	7	39	8	85	9	94
0	48	1	46	2	65	3	82	4	54	5	78	6	1	7	97	8	8	9	90
0	86	1	40	2	66	3	42	4	87	5	20	6	90	7	35	8	81	9	42
0	90	1	82	2	54	3	8	4	6	5	98	6	91	7	91	8	1	9	82
0	47	1	80	2	81	3	48	4	96	5	75	6	35	7	72	8	57	9	5
0	1	1	94	2	39	3	41	4	19	5	83	6	63	7	78	8	21	9	96
0	83	1	24	2	57	3	44	4	5	5	65	6	92	7	57	8	77	9	55
0	87	1	9	2	97	3	26	4	43	5	7	6	59	7	19	8	46	9	13
0	85	1	19	2	77	3	77	4	42	5	95	6	44	7	13	8	89	9	22
0	36	1	14	2	70	3	4	4	98	5	23	6	23	7	38	8	43	9	31
0	82	1	78	2	94	3	3	4	18	5	91	6	96	7	14	8	98	9	12
0	25	1	44	2	32	3	9	4	12	5	65	6	47	7	80	8	2	9	9
0	22	1	80	2	67	3	55	4	19	5	73	6	38	7	94	8	27	9	21
0	83	1	21	2	75	3	16	4	30	5	8	6	24	7	75	8	59	9	50
0	98	1	31	2	15	3	77	4	97	5	92	6	81	7	62	8	92	9	34
0	76	1	43	2	36	3	34	4	9	5	3	6	11	7	40	8	83	9	44
0	53	1	3	2	86	3	77	4	29	5	4	6	69	7	17	8	78	9	5
0	42	1	72	2	21	3	52	4	11	5	91	6	66	7	89	8	58	9	27
0	92	1	76	2	3	3	92	4	44	5	41	6	85	7	42	8	7	9	28
0	96	1	84	2	91	3	16	4	97	5	96	6	44	7	37	8	49	9	93
0	23	1	64	2	83	3	87	4	92	5	5	6	22	7	84	8	24	9	18
0	37	1	22	2	81	3	57	4	51	5	77	6	99	7	93	8	34	9	87
0	19	1	27	2	11	3	51	4	8	5	58	6	80	7	5	8	55	9	14
0	47	1	30	2	40	3	64	4	4	5	29	6	92	7	15	8	1	9	40
0	19	1	2	2	18	3	88	4	91	5	75	6	3	7	35	8	64	9	20
0	96	1	50	2	3	3	62	4	75	5	96	6	53	7	33	8	80	9	34
0	24	1	18	2	30	3	10	4	70	5	8	6	81	7	17	8	53	9	23
0	84	1	85	2	93	3	93	4	68	5	18	6	10	7	23	8	59	9	33
0	55	1	46	2	40	3	35	4	17	5	97	6	27	7	78	8	89	9	8
0	76	1	60	2	35	3	67	4	16	5	2	6	71	7	8	8	18	9	84
0	94	1	85	2	81	3	42	4	36	5	12	6	57	7	10	8	93	9	58
0	87	1	30	2	73	3	48	4	79	5	78	6	77	7	94	8	93	9	73
0	80	1	3	2	28	3	46	4	47	5	25	6	51	7	27	8	78	9	67
0	46	1	2	2	5	3	75	4	38	5	70	6	64	7	97	8	98	9	6
0	41	1	18	2	85	3	31	4	21	5	46	6	86	7	87	8	87	9	37
0	25	1	76	2	15	3	45	4	4	5	92	6	57	7	36	8	95	9	12
0	61	1	31	2	31	3	27	4	13	5	85	6	25	7	98	8	10	9	10
0	15	1	79	2	96	3	88	4	32	5	63	6	17	7	97	8	25	9	2
0	39	1	64	2	39	3	41	4	42	5	69	6	86	7	60	8	71	9	46
0	13	1	28	2	3	3	87	4	44	5	11	6	86	7	59	8	19	9	35
0	21	1	87	2	78	3	78	4	23	5	46	6	80	7	27	8	13	9	40
0	75	1	60	2	12	3	94	4	73	5	97	6	91	7	89	8	84	9	43
0	99	1	65	2	27	3	63	4	96	5	86	6	76	7	10	8	44	9	22
0	77	1	58	2	78	3	90	4	80	5	51	6	86	7	60	8	19	9	96
0	88	1	59	2	47	3	32	4	71	5	52	6	17	7	8	8	14	9	47
0	19	1	96	2	74	3	76	4	35	5	55	6	60	7	15	8	81	9	36
0	69	1	71	2	83	3	91	4	63	5	17	6	82	7	22	8	14	9	22
0	12	1	32	2	71	3	87	4	54	5	40	6	18	7	95	8	91	9	45
0	70	1	69	2	95	3	96	4	4	5	80	6	83	7	3	8	55	9	26
0	90	1	71	2	78	3	83	4	28	5	18	6	76	7	56	8	68	9	54
0	70	1	95	2	93	3	91	4	36	5	86	6	26	7	87	8	22	9	95
0	38	1	65	2	24	3	37	4	65	5	1	6	76	7	86	8	87	9	82
0	34	1	80	2	67	3	88	4	32	5	40	6	53	7	88	8	60	9	37
0	63	1	61	2	27	3	37	4	74	5	75	6	75	7	4	8	60	9	17
0	55	1	96	2	81	3	59	4	87	5	26	6	47	7	41	8	18	9	28
0	42	1	89	2	68	3	86	4	21	5	90	6	28	7	6	8	60	9	95
0	34	1	37	2	27	3	84	4	32	5	76	6	38	7	86	8	62	9	89
0	25	1	72	2	27	3	71	4	27	5	37	6	98	7	8	8	1	9	7
0	93	1	12	2	70	3	33	4	95	5	73	6	93	7	41	8	17	9	84
0	47	1	69	2	43	3	64	4	83	5	18	6	69	7	96	8	28	9	12
0	87	1	61	2	78	3	29	4	3	5	69	6	63	7	97	8	59	9	83
0	91	1	21	2	5	3	54	4	3	5	22	6	67	7	94	8	89	9	58
0	83	1	96	2	70	3	78	4	42	5	55	6	29	7	62	8	88	9	9
0	68	1	3	2	80	3	88	4	19	5	33	6	33	7	42	8	30	9	26
0	11	1	95	2	81	3	33	4	93	5	27	6	65	7	89	8	62	9	61
0	51	1	75	2	8	3	69	4	29	5	91	6	90	7	1	8	86	9	47
0	40	1	2	2	9	3	51	4	16	5	88	6	41	7	16	8	35	9	70
0	88	1	26	2	64	3	63	4	48	5	87	6	16	7	38	8	84	9	16
0	90	1	40	2	99	3	27	4	58	5	92	6	94	7	11	8	60	9	28
0	42	1	33	2	55	3	82	4	86	5	10	6	86	7	31	8	17	9	6
0	85	1	49	2	54	3	92	4	72	5	25	6	11	7	44	8	22	9	41
0	75	1	53	2	17	3	70	4	57	5	1	6	2	7	82	8	92	9	24
0	93	1	30	2	56	3	8	4	28	5	56	6	70	7	81	8	77	9	39
LBCmax: 1384
RELDUE
-1	150	6	4
-1	1313	6	9
-1	423	8	6
-1	1232	4	5
-1	553	2	2
-1	711	2	7
-1	1320	7	1
-1	247	6	9
-1	890	5	2
-1	597	6	1
-1	1269	8	1
-1	836	5	4
-1	1369	2	5
-1	404	1	8
-1	858	4	9
-1	1375	6	8
-1	355	9	6
-1	1315	1	8
-1	496	9	9
-1	1322	4	2
-1	244	3	3
-1	201	5	4
-1	660	3	7
-1	1433	3	7
-1	293	1	7
-1	908	3	3
-1	1432	3	7
-1	783	1	5
-1	1027	8	2
-1	366	7	3
-1	888	5	6
-1	540	1	3
-1	1064	5	3
-1	1290	7	2
-1	694	9	8
-1	1393	9	5
-1	584	7	5
-1	659	8	5
-1	696	5	2
-1	350	1	4
-1	345	2	4
-1	1432	7	7
-1	521	6	3
-1	964	6	3
-1	715	5	6
-1	739	9	7
-1	709	2	2
-1	641	6	6
-1	909	3	3
-1	670	8	9
-1	699	1	2
-1	1323	7	3
-1	911	8	7
-1	1409	6	8
-1	564	8	6
-1	1471	9	6
-1	791	2	3
-1	512	1	2
-1	1077	9	4
-1	1167	6	2
-1	802	7	5
-1	675	6	4
-1	743	8	2
-1	661	3	6
-1	1232	9	2
-1	866	3	3
-1	1294	4	2
-1	216	4	1
-1	1232	6	5
-1	988	8	9
-1	928	7	8
-1	1218	4	9
-1	756	6	3
-1	283	6	8
-1	1115	1	4
-1	334	7	9
-1	1202	6	6
-1	1218	2	6
-1	855	6	4
-1	1076	4	7
-1	337	5	9
-1	928	9	7
-1	1397	3	7
-1	494	3	9
-1	1189	9	1
-1	1087	5	4
-1	1152	5	7
-1	1178	5	9
-1	863	1	6
-1	745	7	5
-1	739	5	4
-1	209	5	5
-1	1105	4	4
-1	1051	6	7
-1	1071	1	8
-1	1192	5	2
-1	827	1	1
-1	1382	4	7
-1	1255	9	7
-1	1372	6	9
DDW
148	152
1208	1418
381	465
1220	1244
503	603
683	739
1267	1373
222	272
872	908
579	615
1193	1345
752	920
1273	1465
368	440
832	884
1361	1389
337	373
1249	1381
481	511
1190	1454
242	246
187	215
594	726
1419	1447
275	311
872	944
1375	1489
744	822
996	1058
340	392
879	897
518	562
1053	1075
1174	1406
652	736
1282	1504
555	613
626	692
654	738
346	354
310	380
1332	1532
490	552
887	1041
686	744
695	783
666	752
628	654
827	991
636	704
678	720
1257	1389
865	957
1310	1508
513	615
1412	1530
720	862
466	558
1023	1131
1097	1237
722	882
608	742
691	795
628	694
1207	1257
849	883
1178	1410
199	233
1183	1281
939	1037
872	984
1206	1230
688	824
275	291
1004	1226
317	351
1178	1226
1194	1242
787	923
1065	1087
307	367
909	947
1313	1481
450	538
1130	1248
1022	1152
1037	1267
1131	1225
854	872
730	760
665	813
194	224
994	1216
1040	1062
1060	1082
1180	1204
744	910
1368	1396
1180	1330
1345	1399
