HFSDDW
100	15	5
0	82	1	67	2	86	3	28	4	14
0	46	1	98	2	42	3	52	4	81
0	5	1	34	2	91	3	83	4	45
0	24	1	66	2	1	3	92	4	26
0	60	1	48	2	92	3	84	4	66
0	89	1	52	2	43	3	8	4	96
0	31	1	59	2	19	3	55	4	51
0	37	1	66	2	95	3	79	4	25
0	49	1	50	2	74	3	88	4	34
0	4	1	49	2	91	3	3	4	92
0	31	1	20	2	98	3	36	4	28
0	34	1	74	2	3	3	62	4	24
0	94	1	56	2	34	3	55	4	50
0	46	1	16	2	36	3	32	4	8
0	58	1	70	2	22	3	68	4	77
0	10	1	73	2	4	3	50	4	62
0	40	1	61	2	40	3	16	4	66
0	12	1	60	2	82	3	27	4	17
0	63	1	63	2	34	3	55	4	31
0	92	1	16	2	20	3	39	4	88
0	88	1	14	2	60	3	95	4	34
0	60	1	98	2	31	3	59	4	18
0	61	1	71	2	53	3	99	4	83
0	33	1	17	2	19	3	89	4	39
0	86	1	33	2	9	3	15	4	45
0	95	1	37	2	66	3	37	4	84
0	94	1	54	2	65	3	62	4	74
0	27	1	1	2	44	3	81	4	6
0	14	1	29	2	24	3	10	4	56
0	92	1	10	2	34	3	71	4	97
0	76	1	96	2	30	3	99	4	2
0	55	1	5	2	45	3	51	4	39
0	24	1	32	2	93	3	74	4	24
0	7	1	6	2	90	3	26	4	56
0	33	1	72	2	38	3	83	4	25
0	57	1	9	2	99	3	59	4	53
0	85	1	3	2	95	3	40	4	8
0	98	1	24	2	65	3	60	4	19
0	23	1	56	2	93	3	43	4	82
0	82	1	35	2	50	3	85	4	49
0	86	1	19	2	8	3	15	4	65
0	5	1	58	2	47	3	74	4	45
0	47	1	5	2	85	3	98	4	53
0	21	1	37	2	54	3	66	4	26
0	82	1	41	2	31	3	8	4	34
0	76	1	78	2	95	3	1	4	43
0	22	1	59	2	14	3	10	4	66
0	66	1	95	2	80	3	74	4	4
0	40	1	77	2	90	3	15	4	72
0	18	1	71	2	94	3	89	4	62
0	46	1	81	2	83	3	60	4	66
0	46	1	88	2	1	3	81	4	89
0	26	1	63	2	46	3	32	4	24
0	88	1	90	2	75	3	32	4	87
0	26	1	56	2	80	3	63	4	86
0	6	1	50	2	16	3	35	4	16
0	5	1	84	2	7	3	39	4	97
0	41	1	75	2	54	3	43	4	21
0	78	1	94	2	99	3	85	4	77
0	76	1	31	2	59	3	91	4	84
0	27	1	95	2	62	3	2	4	37
0	89	1	1	2	21	3	74	4	61
0	95	1	72	2	65	3	65	4	84
0	42	1	57	2	8	3	34	4	83
0	13	1	37	2	32	3	12	4	9
0	31	1	57	2	94	3	85	4	10
0	75	1	91	2	25	3	51	4	88
0	10	1	22	2	5	3	3	4	9
0	40	1	55	2	80	3	82	4	25
0	6	1	29	2	34	3	1	4	36
0	20	1	24	2	25	3	8	4	71
0	90	1	63	2	51	3	93	4	6
0	32	1	7	2	35	3	64	4	86
0	5	1	48	2	14	3	76	4	75
0	21	1	52	2	6	3	26	4	44
0	57	1	56	2	50	3	87	4	4
0	3	1	23	2	94	3	50	4	90
0	51	1	66	2	17	3	80	4	98
0	46	1	70	2	12	3	96	4	76
0	33	1	21	2	17	3	96	4	21
0	58	1	15	2	58	3	26	4	15
0	67	1	18	2	99	3	64	4	14
0	34	1	14	2	64	3	89	4	4
0	9	1	13	2	84	3	74	4	35
0	38	1	31	2	34	3	78	4	29
0	50	1	41	2	9	3	49	4	11
0	37	1	40	2	53	3	66	4	45
0	87	1	65	2	68	3	35	4	23
0	33	1	67	2	53	3	66	4	64
0	33	1	7	2	22	3	93	4	67
0	21	1	36	2	42	3	62	4	82
0	28	1	80	2	79	3	97	4	65
0	27	1	10	2	50	3	53	4	77
0	94	1	60	2	97	3	45	4	16
0	43	1	44	2	50	3	51	4	2
0	71	1	77	2	68	3	15	4	95
0	44	1	19	2	16	3	82	4	89
0	2	1	97	2	91	3	84	4	18
0	8	1	86	2	70	3	70	4	95
0	24	1	17	2	99	3	89	4	69
LBCmax: 1946
RELDUE
-1	1045	6	9
-1	299	9	6
-1	1090	3	7
-1	1101	4	8
-1	475	5	8
-1	1094	6	6
-1	1200	8	6
-1	1257	3	9
-1	901	7	7
-1	315	4	5
-1	783	3	7
-1	334	5	6
-1	959	5	7
-1	217	8	2
-1	442	4	5
-1	283	2	9
-1	1294	2	7
-1	991	5	4
-1	941	2	7
-1	1073	4	7
-1	1328	7	6
-1	997	2	9
-1	345	5	8
-1	517	1	2
-1	295	6	2
-1	865	3	1
-1	1056	2	7
-1	1122	6	9
-1	844	5	3
-1	1102	2	5
-1	838	8	2
-1	1098	4	1
-1	1122	6	7
-1	717	4	2
-1	461	1	9
-1	601	8	1
-1	691	3	6
-1	635	8	7
-1	871	5	6
-1	339	1	6
-1	375	6	7
-1	270	6	3
-1	556	2	2
-1	1061	7	5
-1	976	1	5
-1	1306	8	8
-1	434	5	9
-1	995	9	5
-1	766	2	1
-1	1224	3	7
-1	539	4	8
-1	760	1	7
-1	616	3	3
-1	356	8	5
-1	1040	9	8
-1	242	4	9
-1	1316	2	5
-1	767	8	1
-1	1001	6	1
-1	973	8	5
-1	232	1	8
-1	272	2	5
-1	608	1	9
-1	1162	5	3
-1	840	7	3
-1	1048	6	5
-1	575	3	3
-1	437	2	8
-1	1118	6	8
-1	1204	1	9
-1	955	4	3
-1	854	6	2
-1	314	2	9
-1	796	6	1
-1	892	1	8
-1	1252	8	1
-1	636	3	8
-1	647	7	6
-1	904	7	6
-1	351	6	4
-1	626	7	5
-1	256	8	6
-1	551	3	9
-1	982	6	9
-1	757	3	1
-1	272	4	7
-1	677	1	9
-1	960	1	8
-1	1039	3	9
-1	414	4	2
-1	647	3	5
-1	1286	3	9
-1	996	4	6
-1	1260	3	5
-1	302	6	6
-1	298	2	1
-1	1025	3	7
-1	757	3	8
-1	416	4	9
-1	1290	9	2
DDW
982	1108
251	347
916	1264
1079	1123
437	513
1061	1127
972	1428
1169	1345
766	1036
252	378
736	830
287	381
911	1007
195	239
438	446
272	294
1216	1372
803	1179
903	979
923	1223
1142	1514
957	1037
321	369
450	584
242	348
796	934
950	1162
1021	1223
726	962
1047	1157
763	913
1032	1164
1100	1144
695	739
378	544
535	667
587	795
610	660
775	967
319	359
326	424
219	321
473	639
934	1188
898	1054
1175	1437
360	508
836	1154
659	873
1200	1248
469	609
692	828
511	721
338	374
926	1154
235	249
1198	1434
736	798
961	1041
963	983
200	264
242	302
529	687
1034	1290
739	941
838	1258
500	650
424	450
973	1263
1084	1324
860	1050
828	880
289	339
653	939
874	910
1052	1452
579	693
550	744
859	949
319	383
557	695
220	292
468	634
854	1110
659	855
218	326
609	745
797	1123
914	1164
352	476
628	666
1145	1427
797	1195
1121	1399
263	341
292	304
964	1086
719	795
412	420
1174	1406
