HFSDDW
100	25	5
0	47	1	2	2	36	3	22	4	43
0	8	1	57	2	67	3	41	4	91
0	65	1	77	2	32	3	77	4	19
0	50	1	62	2	23	3	68	4	17
0	82	1	29	2	46	3	64	4	12
0	93	1	56	2	81	3	55	4	59
0	23	1	86	2	91	3	58	4	91
0	89	1	27	2	26	3	12	4	1
0	83	1	37	2	20	3	35	4	63
0	70	1	63	2	42	3	70	4	67
0	30	1	69	2	48	3	52	4	77
0	19	1	55	2	72	3	10	4	50
0	51	1	75	2	12	3	81	4	69
0	79	1	85	2	73	3	85	4	29
0	24	1	37	2	12	3	67	4	33
0	46	1	10	2	12	3	1	4	42
0	31	1	15	2	11	3	88	4	30
0	53	1	38	2	39	3	81	4	73
0	35	1	54	2	16	3	62	4	50
0	9	1	25	2	39	3	65	4	84
0	84	1	89	2	56	3	41	4	44
0	92	1	58	2	80	3	19	4	32
0	10	1	44	2	72	3	67	4	19
0	36	1	64	2	24	3	51	4	16
0	41	1	46	2	92	3	13	4	94
0	69	1	21	2	50	3	17	4	25
0	21	1	70	2	46	3	16	4	58
0	41	1	58	2	70	3	45	4	38
0	94	1	58	2	20	3	49	4	64
0	91	1	82	2	48	3	43	4	15
0	44	1	2	2	87	3	50	4	44
0	38	1	96	2	44	3	46	4	74
0	71	1	9	2	63	3	94	4	11
0	39	1	97	2	56	3	10	4	78
0	78	1	94	2	79	3	14	4	21
0	83	1	27	2	43	3	49	4	4
0	86	1	72	2	7	3	3	4	81
0	19	1	83	2	96	3	72	4	20
0	45	1	15	2	24	3	70	4	66
0	86	1	94	2	26	3	39	4	25
0	93	1	27	2	39	3	65	4	36
0	49	1	23	2	73	3	29	4	60
0	12	1	54	2	94	3	42	4	87
0	99	1	2	2	60	3	13	4	92
0	56	1	2	2	83	3	89	4	33
0	64	1	71	2	9	3	48	4	35
0	88	1	1	2	5	3	24	4	11
0	60	1	34	2	42	3	67	4	32
0	96	1	10	2	67	3	12	4	9
0	91	1	20	2	81	3	82	4	66
0	85	1	34	2	13	3	46	4	69
0	92	1	44	2	49	3	32	4	72
0	78	1	15	2	26	3	94	4	72
0	11	1	49	2	70	3	32	4	28
0	65	1	59	2	93	3	81	4	96
0	46	1	34	2	71	3	80	4	42
0	44	1	89	2	26	3	81	4	49
0	55	1	87	2	58	3	55	4	18
0	16	1	84	2	11	3	95	4	53
0	81	1	83	2	73	3	40	4	97
0	42	1	49	2	50	3	54	4	2
0	26	1	41	2	32	3	50	4	23
0	59	1	72	2	68	3	89	4	28
0	89	1	88	2	44	3	45	4	17
0	24	1	90	2	16	3	14	4	12
0	81	1	49	2	98	3	28	4	15
0	62	1	60	2	31	3	83	4	1
0	94	1	40	2	71	3	80	4	24
0	14	1	56	2	8	3	32	4	59
0	44	1	16	2	21	3	67	4	64
0	93	1	39	2	29	3	24	4	74
0	51	1	34	2	36	3	43	4	20
0	76	1	42	2	5	3	36	4	60
0	98	1	42	2	85	3	89	4	33
0	50	1	17	2	64	3	21	4	3
0	67	1	83	2	83	3	55	4	68
0	65	1	29	2	31	3	64	4	21
0	24	1	32	2	8	3	9	4	49
0	61	1	4	2	29	3	60	4	48
0	72	1	52	2	72	3	71	4	60
0	3	1	31	2	32	3	34	4	14
0	76	1	75	2	8	3	21	4	7
0	68	1	50	2	81	3	74	4	55
0	48	1	12	2	40	3	15	4	37
0	67	1	34	2	77	3	40	4	72
0	47	1	87	2	5	3	73	4	31
0	16	1	11	2	12	3	94	4	66
0	35	1	96	2	96	3	50	4	45
0	48	1	24	2	87	3	2	4	81
0	11	1	22	2	55	3	5	4	1
0	60	1	12	2	58	3	35	4	92
0	68	1	53	2	91	3	62	4	67
0	88	1	70	2	35	3	89	4	91
0	58	1	38	2	86	3	8	4	21
0	51	1	15	2	90	3	70	4	88
0	43	1	47	2	75	3	59	4	61
0	25	1	33	2	99	3	73	4	70
0	5	1	53	2	77	3	3	4	97
0	81	1	5	2	35	3	82	4	56
0	78	1	89	2	97	3	11	4	24
LBCmax: 1193
RELDUE
-1	1222	9	7
-1	786	3	8
-1	918	3	5
-1	1365	9	8
-1	943	2	8
-1	909	8	2
-1	605	1	1
-1	1404	3	2
-1	908	4	6
-1	950	3	7
-1	614	1	7
-1	1283	8	4
-1	751	2	2
-1	362	8	2
-1	874	4	3
-1	1028	5	4
-1	1206	7	3
-1	1092	4	9
-1	581	2	8
-1	1389	8	5
-1	413	4	8
-1	1082	2	4
-1	1361	9	2
-1	480	5	6
-1	825	9	4
-1	907	3	4
-1	1305	6	8
-1	459	1	2
-1	528	9	9
-1	484	6	1
-1	995	6	7
-1	943	5	9
-1	1138	3	5
-1	779	5	7
-1	1422	6	3
-1	1414	1	6
-1	1381	7	8
-1	539	4	2
-1	643	5	4
-1	649	4	1
-1	1359	7	3
-1	1137	3	1
-1	733	1	2
-1	986	7	9
-1	1268	3	3
-1	403	1	3
-1	1218	2	8
-1	770	8	6
-1	822	4	3
-1	1546	1	5
-1	439	7	7
-1	694	9	6
-1	1302	4	7
-1	644	6	8
-1	582	5	8
-1	497	7	5
-1	976	5	6
-1	795	3	4
-1	897	5	5
-1	394	8	2
-1	1156	8	5
-1	504	4	4
-1	1233	3	7
-1	781	4	9
-1	1507	9	7
-1	1223	8	2
-1	503	4	9
-1	1523	3	1
-1	492	3	6
-1	1011	6	3
-1	1198	5	8
-1	1025	4	5
-1	806	5	6
-1	1483	8	5
-1	387	5	5
-1	827	2	9
-1	707	4	8
-1	733	6	2
-1	764	3	5
-1	780	4	6
-1	1240	4	6
-1	892	9	7
-1	1188	1	5
-1	534	1	6
-1	402	3	3
-1	658	1	8
-1	1193	8	6
-1	852	6	9
-1	555	2	9
-1	1283	9	7
-1	795	8	8
-1	944	5	4
-1	1193	6	9
-1	607	8	5
-1	1045	3	2
-1	1213	7	8
-1	1456	3	1
-1	1503	9	8
-1	1030	9	7
-1	403	4	1
DDW
1100	1344
747	825
872	964
1324	1406
858	1028
854	964
587	623
1165	1643
863	953
808	1092
608	620
1193	1373
653	849
308	416
734	1014
915	1141
1158	1254
972	1212
569	593
1347	1431
355	471
952	1212
1266	1456
461	499
718	932
853	961
1135	1475
386	532
459	597
407	561
975	1015
849	1037
1001	1275
639	919
1351	1493
1216	1612
1201	1561
496	582
637	649
597	701
1142	1576
910	1364
682	784
868	1104
1230	1306
371	435
1169	1267
685	855
781	863
1391	1701
373	505
638	750
1146	1458
605	683
535	629
408	586
791	1161
787	803
798	996
382	406
1006	1306
469	539
1171	1295
711	851
1296	1718
1088	1358
428	578
1279	1767
438	546
981	1041
982	1414
861	1189
725	887
1261	1705
360	414
711	943
665	749
616	850
756	772
741	819
1215	1265
874	910
1045	1331
518	550
398	406
566	750
978	1408
792	912
500	610
1193	1373
668	922
831	1057
978	1408
492	722
888	1202
1092	1334
1223	1689
1232	1774
834	1226
351	455
