HFSDDW
50	30	10
0	54	1	35	2	51	3	42	4	80	5	42	6	55	7	41	8	49	9	9
0	82	1	4	2	78	3	72	4	71	5	22	6	59	7	62	8	51	9	32
0	54	1	68	2	7	3	59	4	15	5	49	6	46	7	46	8	79	9	18
0	42	1	64	2	25	3	33	4	8	5	13	6	61	7	67	8	55	9	70
0	96	1	88	2	14	3	93	4	68	5	80	6	2	7	92	8	37	9	73
0	44	1	39	2	20	3	80	4	75	5	86	6	29	7	91	8	27	9	31
0	96	1	10	2	62	3	32	4	67	5	18	6	78	7	46	8	64	9	59
0	61	1	92	2	8	3	80	4	36	5	65	6	54	7	13	8	91	9	35
0	48	1	53	2	9	3	6	4	73	5	3	6	45	7	45	8	58	9	21
0	83	1	69	2	41	3	25	4	74	5	86	6	26	7	82	8	27	9	50
0	2	1	56	2	28	3	78	4	12	5	52	6	32	7	39	8	45	9	10
0	33	1	16	2	1	3	91	4	82	5	43	6	2	7	56	8	58	9	64
0	73	1	34	2	88	3	44	4	75	5	92	6	51	7	83	8	6	9	49
0	40	1	71	2	86	3	41	4	34	5	92	6	25	7	30	8	94	9	22
0	70	1	7	2	99	3	48	4	88	5	67	6	69	7	49	8	42	9	32
0	85	1	69	2	25	3	62	4	77	5	67	6	68	7	84	8	4	9	20
0	1	1	49	2	33	3	96	4	69	5	61	6	30	7	59	8	58	9	90
0	19	1	71	2	62	3	37	4	94	5	67	6	34	7	40	8	56	9	8
0	23	1	3	2	41	3	74	4	63	5	70	6	47	7	25	8	64	9	66
0	25	1	40	2	27	3	75	4	21	5	22	6	73	7	4	8	78	9	27
0	38	1	10	2	91	3	51	4	14	5	15	6	8	7	88	8	67	9	10
0	34	1	28	2	29	3	95	4	96	5	98	6	8	7	58	8	33	9	99
0	15	1	6	2	94	3	92	4	66	5	78	6	45	7	87	8	16	9	73
0	93	1	31	2	61	3	29	4	69	5	13	6	12	7	90	8	61	9	49
0	62	1	59	2	57	3	55	4	33	5	96	6	12	7	31	8	78	9	22
0	14	1	16	2	70	3	79	4	13	5	33	6	16	7	98	8	85	9	35
0	69	1	21	2	72	3	94	4	16	5	3	6	67	7	99	8	27	9	84
0	87	1	18	2	96	3	84	4	37	5	56	6	48	7	40	8	60	9	70
0	66	1	14	2	9	3	94	4	60	5	78	6	61	7	81	8	17	9	37
0	97	1	13	2	5	3	26	4	79	5	42	6	87	7	62	8	39	9	30
0	29	1	13	2	5	3	94	4	35	5	95	6	19	7	86	8	43	9	56
0	84	1	75	2	39	3	16	4	69	5	55	6	12	7	77	8	35	9	38
0	42	1	86	2	82	3	90	4	86	5	75	6	14	7	70	8	5	9	94
0	68	1	86	2	2	3	30	4	41	5	54	6	10	7	15	8	60	9	64
0	60	1	74	2	38	3	60	4	52	5	22	6	73	7	89	8	57	9	24
0	30	1	10	2	28	3	1	4	88	5	43	6	30	7	15	8	8	9	59
0	82	1	48	2	81	3	48	4	88	5	98	6	74	7	10	8	74	9	15
0	46	1	97	2	18	3	70	4	77	5	67	6	48	7	23	8	38	9	65
0	2	1	25	2	14	3	80	4	65	5	59	6	58	7	1	8	41	9	98
0	25	1	95	2	8	3	1	4	82	5	13	6	92	7	90	8	72	9	53
0	48	1	64	2	15	3	43	4	78	5	33	6	92	7	57	8	24	9	21
0	94	1	8	2	76	3	43	4	57	5	58	6	35	7	2	8	83	9	30
0	40	1	73	2	68	3	76	4	90	5	50	6	90	7	17	8	88	9	65
0	75	1	58	2	50	3	85	4	17	5	38	6	10	7	71	8	2	9	32
0	66	1	2	2	77	3	21	4	5	5	17	6	20	7	64	8	43	9	24
0	77	1	91	2	7	3	43	4	13	5	74	6	95	7	38	8	52	9	28
0	42	1	75	2	68	3	58	4	46	5	37	6	57	7	90	8	26	9	19
0	48	1	64	2	99	3	51	4	63	5	39	6	96	7	48	8	72	9	74
0	31	1	26	2	73	3	64	4	87	5	83	6	51	7	8	8	73	9	43
0	43	1	72	2	19	3	74	4	90	5	91	6	34	7	20	8	74	9	67
LBCmax: 1248
RELDUE
-1	523	9	3
-1	447	5	2
-1	471	8	1
-1	435	2	5
-1	564	5	9
-1	408	7	6
-1	604	9	1
-1	513	7	1
-1	575	7	6
-1	558	6	9
-1	570	3	5
-1	493	2	9
-1	539	7	9
-1	569	3	2
-1	617	2	8
-1	415	7	1
-1	378	5	8
-1	382	8	7
-1	550	3	6
-1	530	2	1
-1	587	9	3
-1	500	1	8
-1	416	1	3
-1	582	1	2
-1	565	3	6
-1	565	2	4
-1	486	7	8
-1	438	4	4
-1	527	2	5
-1	553	4	9
-1	386	8	9
-1	566	4	7
-1	558	3	6
-1	385	2	1
-1	409	3	9
-1	378	7	2
-1	592	4	6
-1	497	1	9
-1	596	5	3
-1	559	9	5
-1	604	8	1
-1	613	8	6
-1	441	6	3
-1	624	3	7
-1	534	4	4
-1	613	6	7
-1	388	2	3
-1	476	2	9
-1	567	9	4
-1	558	6	4
DDW
518	528
402	492
424	518
418	452
513	615
404	412
598	610
503	523
529	621
530	586
519	621
449	537
501	577
512	626
611	623
378	452
374	382
351	413
544	556
525	535
564	610
470	530
387	445
530	634
542	588
508	622
437	535
429	447
506	548
542	564
382	390
555	577
519	597
362	408
393	425
340	416
580	604
472	522
554	638
525	593
586	622
607	619
397	485
562	686
502	566
564	662
380	396
462	490
550	584
536	580
