HFSDDW
50	50	10
0	10	1	88	2	70	3	52	4	66	5	79	6	51	7	23	8	51	9	59
0	23	1	8	2	43	3	8	4	25	5	24	6	84	7	39	8	43	9	82
0	65	1	26	2	42	3	89	4	12	5	14	6	38	7	96	8	30	9	25
0	68	1	78	2	20	3	51	4	27	5	91	6	19	7	59	8	53	9	3
0	85	1	37	2	44	3	80	4	86	5	48	6	25	7	38	8	89	9	56
0	34	1	25	2	89	3	80	4	50	5	83	6	47	7	81	8	40	9	53
0	41	1	54	2	92	3	26	4	90	5	45	6	87	7	91	8	81	9	34
0	5	1	26	2	86	3	40	4	96	5	28	6	81	7	61	8	3	9	63
0	88	1	1	2	7	3	74	4	91	5	44	6	89	7	39	8	2	9	43
0	44	1	38	2	19	3	1	4	62	5	32	6	44	7	19	8	89	9	42
0	60	1	33	2	57	3	56	4	51	5	8	6	38	7	49	8	84	9	23
0	2	1	86	2	78	3	77	4	64	5	40	6	47	7	19	8	35	9	47
0	55	1	49	2	90	3	38	4	89	5	67	6	8	7	86	8	78	9	65
0	83	1	63	2	71	3	60	4	4	5	56	6	44	7	51	8	24	9	83
0	6	1	40	2	55	3	79	4	42	5	57	6	59	7	42	8	37	9	22
0	84	1	26	2	84	3	43	4	86	5	12	6	43	7	19	8	67	9	83
0	99	1	52	2	70	3	19	4	39	5	38	6	16	7	18	8	73	9	8
0	96	1	96	2	95	3	51	4	42	5	15	6	94	7	11	8	96	9	32
0	9	1	66	2	49	3	57	4	80	5	57	6	79	7	29	8	73	9	92
0	14	1	25	2	83	3	40	4	83	5	53	6	69	7	36	8	40	9	4
0	42	1	41	2	68	3	29	4	25	5	88	6	31	7	33	8	1	9	72
0	17	1	32	2	23	3	35	4	75	5	34	6	3	7	14	8	39	9	81
0	59	1	87	2	45	3	81	4	94	5	71	6	13	7	56	8	67	9	88
0	45	1	59	2	70	3	93	4	90	5	67	6	98	7	21	8	32	9	92
0	27	1	46	2	28	3	2	4	75	5	81	6	3	7	49	8	64	9	50
0	50	1	56	2	96	3	59	4	44	5	54	6	96	7	86	8	34	9	54
0	75	1	75	2	66	3	12	4	27	5	58	6	62	7	30	8	44	9	8
0	35	1	82	2	82	3	47	4	54	5	13	6	60	7	43	8	7	9	14
0	69	1	63	2	91	3	17	4	39	5	89	6	62	7	12	8	49	9	37
0	71	1	12	2	86	3	78	4	17	5	52	6	80	7	16	8	75	9	17
0	20	1	72	2	6	3	57	4	15	5	68	6	73	7	50	8	5	9	32
0	94	1	54	2	79	3	21	4	84	5	13	6	83	7	49	8	73	9	37
0	96	1	50	2	81	3	7	4	36	5	23	6	95	7	5	8	30	9	3
0	32	1	44	2	67	3	90	4	94	5	97	6	58	7	34	8	3	9	70
0	16	1	12	2	7	3	17	4	43	5	18	6	33	7	66	8	93	9	5
0	68	1	31	2	43	3	39	4	20	5	69	6	91	7	98	8	21	9	91
0	72	1	69	2	20	3	3	4	99	5	50	6	86	7	89	8	27	9	87
0	54	1	50	2	47	3	3	4	21	5	84	6	43	7	64	8	64	9	19
0	90	1	30	2	11	3	26	4	34	5	1	6	2	7	29	8	70	9	25
0	6	1	60	2	14	3	11	4	98	5	47	6	91	7	5	8	18	9	92
0	31	1	43	2	39	3	7	4	50	5	19	6	84	7	40	8	18	9	35
0	26	1	27	2	34	3	3	4	1	5	42	6	59	7	94	8	68	9	98
0	48	1	58	2	20	3	2	4	81	5	94	6	36	7	36	8	4	9	74
0	93	1	39	2	47	3	71	4	87	5	47	6	90	7	5	8	75	9	15
0	17	1	62	2	11	3	35	4	98	5	78	6	26	7	12	8	10	9	57
0	87	1	96	2	36	3	19	4	45	5	72	6	24	7	38	8	25	9	56
0	82	1	48	2	36	3	44	4	42	5	87	6	80	7	63	8	15	9	54
0	51	1	55	2	20	3	53	4	82	5	86	6	48	7	84	8	3	9	4
0	69	1	25	2	27	3	47	4	86	5	96	6	3	7	29	8	27	9	15
0	24	1	53	2	80	3	19	4	33	5	68	6	26	7	66	8	93	9	12
LBCmax: 827
RELDUE
-1	901	5	4
-1	724	1	5
-1	894	3	5
-1	692	3	9
-1	442	3	1
-1	575	6	7
-1	798	6	3
-1	823	9	4
-1	594	5	4
-1	700	2	8
-1	535	3	5
-1	610	5	1
-1	587	3	6
-1	517	6	7
-1	846	1	5
-1	699	8	2
-1	522	7	5
-1	854	7	3
-1	697	7	4
-1	639	6	6
-1	833	8	3
-1	671	4	3
-1	592	9	4
-1	908	6	7
-1	562	7	5
-1	899	4	7
-1	785	4	5
-1	414	5	9
-1	517	9	1
-1	482	2	6
-1	716	8	6
-1	820	8	8
-1	867	3	4
-1	865	1	2
-1	439	5	7
-1	445	7	1
-1	553	8	6
-1	763	1	9
-1	619	1	2
-1	682	1	8
-1	507	1	9
-1	514	9	6
-1	870	1	1
-1	757	7	2
-1	863	1	7
-1	829	4	7
-1	503	3	1
-1	706	7	2
-1	573	4	6
-1	786	1	5
DDW
865	937
688	760
876	912
623	761
407	477
552	598
718	878
749	897
558	630
665	735
487	583
561	659
528	646
496	538
795	897
629	769
485	559
828	880
648	746
620	658
775	891
604	738
580	604
826	990
540	584
890	908
714	856
377	451
470	564
443	521
673	759
779	861
858	876
813	917
413	465
414	476
509	597
687	839
563	675
621	743
497	517
468	560
809	931
712	802
785	941
779	879
468	538
642	770
544	602
723	849
