HFSDDW
100	30	10
0	45	1	15	2	30	3	29	4	32	5	4	6	78	7	35	8	65	9	87
0	18	1	94	2	87	3	63	4	50	5	61	6	54	7	18	8	63	9	94
0	62	1	31	2	93	3	6	4	37	5	6	6	44	7	28	8	25	9	42
0	96	1	90	2	23	3	78	4	11	5	10	6	41	7	79	8	88	9	73
0	4	1	8	2	16	3	46	4	82	5	70	6	92	7	27	8	81	9	48
0	64	1	93	2	83	3	10	4	99	5	15	6	22	7	25	8	92	9	26
0	60	1	50	2	10	3	23	4	90	5	27	6	71	7	9	8	53	9	40
0	21	1	75	2	29	3	90	4	91	5	55	6	16	7	47	8	24	9	66
0	13	1	17	2	47	3	77	4	78	5	3	6	8	7	13	8	79	9	96
0	88	1	16	2	86	3	63	4	13	5	53	6	98	7	92	8	56	9	56
0	98	1	84	2	73	3	41	4	27	5	88	6	64	7	93	8	19	9	45
0	98	1	74	2	2	3	26	4	13	5	43	6	3	7	33	8	45	9	87
0	20	1	58	2	29	3	57	4	51	5	5	6	89	7	66	8	77	9	38
0	56	1	23	2	91	3	67	4	68	5	28	6	43	7	7	8	51	9	90
0	39	1	14	2	94	3	34	4	97	5	14	6	15	7	60	8	50	9	70
0	51	1	65	2	48	3	68	4	36	5	40	6	55	7	17	8	89	9	22
0	99	1	98	2	17	3	81	4	88	5	75	6	83	7	34	8	58	9	84
0	99	1	96	2	82	3	55	4	49	5	6	6	64	7	95	8	59	9	38
0	90	1	29	2	17	3	8	4	87	5	91	6	75	7	24	8	31	9	28
0	73	1	27	2	17	3	29	4	91	5	41	6	97	7	13	8	45	9	22
0	31	1	81	2	2	3	65	4	70	5	54	6	83	7	93	8	19	9	31
0	76	1	60	2	58	3	52	4	32	5	70	6	81	7	9	8	94	9	97
0	1	1	60	2	3	3	31	4	12	5	73	6	80	7	54	8	64	9	9
0	9	1	52	2	50	3	37	4	8	5	10	6	27	7	52	8	38	9	33
0	8	1	82	2	5	3	1	4	52	5	13	6	68	7	64	8	96	9	21
0	59	1	88	2	18	3	48	4	22	5	70	6	78	7	71	8	53	9	96
0	73	1	30	2	30	3	11	4	22	5	24	6	11	7	21	8	45	9	23
0	43	1	29	2	71	3	62	4	89	5	18	6	55	7	3	8	79	9	99
0	5	1	17	2	57	3	43	4	49	5	20	6	35	7	2	8	15	9	37
0	31	1	56	2	99	3	41	4	59	5	78	6	53	7	94	8	78	9	28
0	3	1	48	2	19	3	74	4	78	5	30	6	17	7	56	8	58	9	4
0	16	1	76	2	91	3	54	4	91	5	57	6	73	7	86	8	61	9	2
0	89	1	9	2	6	3	9	4	91	5	87	6	30	7	30	8	3	9	12
0	65	1	61	2	24	3	51	4	96	5	57	6	97	7	83	8	65	9	19
0	4	1	78	2	43	3	11	4	22	5	55	6	64	7	46	8	50	9	3
0	6	1	66	2	33	3	77	4	39	5	94	6	42	7	11	8	82	9	90
0	1	1	86	2	54	3	47	4	39	5	54	6	53	7	41	8	57	9	35
0	60	1	89	2	22	3	42	4	98	5	11	6	65	7	94	8	86	9	37
0	23	1	84	2	80	3	99	4	6	5	98	6	28	7	46	8	13	9	3
0	15	1	86	2	1	3	74	4	19	5	17	6	25	7	96	8	72	9	67
0	3	1	24	2	88	3	16	4	43	5	16	6	45	7	91	8	78	9	29
0	30	1	47	2	24	3	46	4	68	5	16	6	7	7	54	8	42	9	41
0	26	1	7	2	29	3	55	4	20	5	73	6	89	7	47	8	24	9	82
0	85	1	69	2	23	3	20	4	34	5	99	6	95	7	65	8	57	9	90
0	53	1	37	2	68	3	83	4	73	5	68	6	62	7	54	8	7	9	3
0	10	1	71	2	54	3	32	4	42	5	95	6	95	7	34	8	96	9	69
0	27	1	98	2	68	3	96	4	43	5	60	6	25	7	5	8	12	9	69
0	21	1	42	2	97	3	51	4	87	5	88	6	39	7	45	8	82	9	52
0	11	1	35	2	41	3	21	4	72	5	15	6	15	7	91	8	78	9	39
0	5	1	62	2	69	3	87	4	64	5	55	6	69	7	71	8	41	9	13
0	43	1	58	2	43	3	37	4	82	5	68	6	74	7	4	8	45	9	53
0	57	1	50	2	51	3	44	4	58	5	91	6	57	7	47	8	24	9	29
0	46	1	34	2	27	3	73	4	65	5	58	6	72	7	10	8	87	9	32
0	20	1	67	2	5	3	70	4	9	5	53	6	91	7	4	8	38	9	4
0	40	1	12	2	46	3	25	4	82	5	54	6	11	7	25	8	30	9	72
0	98	1	22	2	47	3	12	4	66	5	10	6	31	7	70	8	72	9	25
0	96	1	65	2	16	3	13	4	34	5	89	6	46	7	81	8	36	9	6
0	99	1	53	2	9	3	21	4	88	5	34	6	87	7	2	8	90	9	12
0	47	1	48	2	80	3	16	4	34	5	97	6	20	7	92	8	4	9	99
0	22	1	22	2	32	3	14	4	8	5	75	6	96	7	34	8	91	9	92
0	8	1	30	2	89	3	24	4	72	5	45	6	13	7	27	8	23	9	33
0	22	1	30	2	79	3	61	4	77	5	48	6	84	7	99	8	79	9	36
0	69	1	53	2	78	3	36	4	83	5	78	6	22	7	95	8	13	9	14
0	38	1	54	2	10	3	97	4	4	5	18	6	58	7	56	8	43	9	88
0	84	1	93	2	70	3	71	4	77	5	91	6	43	7	70	8	37	9	59
0	90	1	96	2	54	3	56	4	24	5	54	6	51	7	53	8	41	9	94
0	23	1	18	2	15	3	10	4	94	5	68	6	21	7	81	8	57	9	60
0	89	1	29	2	56	3	91	4	52	5	76	6	83	7	8	8	59	9	91
0	35	1	52	2	59	3	53	4	23	5	42	6	99	7	54	8	74	9	50
0	66	1	6	2	16	3	49	4	65	5	66	6	78	7	61	8	76	9	9
0	71	1	61	2	13	3	77	4	70	5	62	6	40	7	63	8	4	9	48
0	70	1	44	2	93	3	49	4	59	5	71	6	59	7	62	8	86	9	53
0	69	1	66	2	8	3	8	4	93	5	84	6	14	7	8	8	26	9	86
0	97	1	23	2	31	3	50	4	20	5	74	6	39	7	81	8	83	9	61
0	2	1	37	2	50	3	27	4	79	5	23	6	12	7	66	8	89	9	94
0	7	1	17	2	74	3	24	4	40	5	5	6	54	7	5	8	83	9	85
0	49	1	32	2	38	3	18	4	50	5	48	6	13	7	44	8	29	9	85
0	33	1	77	2	78	3	26	4	51	5	32	6	17	7	80	8	29	9	71
0	72	1	47	2	19	3	32	4	79	5	81	6	49	7	8	8	11	9	16
0	20	1	34	2	98	3	97	4	13	5	70	6	98	7	33	8	76	9	31
0	10	1	68	2	38	3	4	4	61	5	30	6	38	7	49	8	73	9	8
0	88	1	73	2	75	3	13	4	14	5	2	6	14	7	7	8	39	9	69
0	99	1	6	2	34	3	14	4	66	5	98	6	79	7	81	8	14	9	81
0	34	1	84	2	5	3	97	4	62	5	4	6	10	7	15	8	70	9	50
0	43	1	99	2	34	3	3	4	27	5	46	6	59	7	86	8	83	9	11
0	56	1	92	2	93	3	8	4	32	5	4	6	35	7	24	8	38	9	63
0	50	1	57	2	36	3	92	4	74	5	5	6	69	7	78	8	51	9	10
0	92	1	98	2	36	3	89	4	27	5	99	6	72	7	31	8	86	9	20
0	39	1	93	2	97	3	3	4	25	5	41	6	90	7	96	8	66	9	58
0	69	1	85	2	76	3	7	4	99	5	85	6	64	7	42	8	28	9	23
0	76	1	81	2	36	3	73	4	19	5	57	6	56	7	5	8	81	9	33
0	32	1	5	2	38	3	18	4	24	5	57	6	59	7	33	8	67	9	33
0	14	1	73	2	12	3	92	4	41	5	8	6	22	7	30	8	89	9	41
0	36	1	30	2	3	3	64	4	43	5	58	6	58	7	24	8	84	9	67
0	84	1	85	2	16	3	34	4	26	5	65	6	48	7	59	8	82	9	42
0	27	1	31	2	74	3	94	4	9	5	4	6	69	7	43	8	33	9	11
0	35	1	27	2	15	3	40	4	96	5	2	6	2	7	74	8	75	9	66
0	99	1	35	2	49	3	1	4	49	5	28	6	57	7	78	8	67	9	76
0	60	1	63	2	48	3	48	4	14	5	5	6	56	7	8	8	55	9	39
0	89	1	16	2	91	3	73	4	32	5	58	6	71	7	75	8	37	9	25
LBCmax: 2082
RELDUE
-1	1306	5	1
-1	1347	9	6
-1	1390	7	3
-1	1110	4	5
-1	1219	7	2
-1	1423	4	1
-1	1384	1	6
-1	1348	2	4
-1	1234	5	9
-1	1377	5	7
-1	1235	3	5
-1	1417	7	1
-1	1357	3	6
-1	1276	6	2
-1	1254	3	5
-1	1339	8	3
-1	1370	9	2
-1	1320	3	4
-1	1150	2	9
-1	1426	4	8
-1	1229	2	8
-1	1430	3	5
-1	1120	1	3
-1	1189	3	3
-1	1358	3	4
-1	1391	6	8
-1	1222	6	8
-1	1355	9	1
-1	1324	4	9
-1	1417	3	1
-1	1280	7	3
-1	1383	2	2
-1	1216	3	2
-1	1216	2	9
-1	1093	4	7
-1	1400	2	6
-1	1373	6	6
-1	1169	6	4
-1	1061	3	3
-1	1134	9	1
-1	1133	3	3
-1	1385	8	9
-1	1297	9	1
-1	1350	6	2
-1	1427	2	3
-1	1454	1	3
-1	1204	7	3
-1	1186	1	8
-1	1133	7	1
-1	1294	2	9
-1	1371	1	4
-1	1057	9	6
-1	1245	2	1
-1	1224	2	9
-1	1371	3	5
-1	1333	7	1
-1	1267	9	2
-1	1241	7	4
-1	1209	4	2
-1	1285	3	3
-1	1241	5	1
-1	1070	7	2
-1	1064	7	9
-1	1275	8	3
-1	1137	6	7
-1	1310	7	2
-1	1242	1	1
-1	1181	1	9
-1	1224	4	3
-1	1312	8	9
-1	1423	8	7
-1	1241	9	6
-1	1300	5	9
-1	1056	4	6
-1	1334	5	6
-1	1302	4	5
-1	1173	8	9
-1	1228	5	1
-1	1220	6	8
-1	1362	8	2
-1	1228	2	8
-1	1077	4	5
-1	1262	8	5
-1	1071	1	8
-1	1086	1	8
-1	1264	1	2
-1	1179	4	3
-1	1449	4	7
-1	1303	2	1
-1	1217	6	7
-1	1173	6	3
-1	1173	8	9
-1	1418	3	2
-1	1233	4	2
-1	1351	6	9
-1	1103	3	6
-1	1361	4	6
-1	1063	7	1
-1	1253	4	4
-1	1157	8	9
DDW
1058	1554
1212	1482
1251	1529
944	1276
1061	1377
1338	1508
1356	1412
1213	1483
1086	1382
1170	1584
1000	1470
1247	1587
1303	1411
1238	1314
1091	1417
1085	1593
1343	1397
1214	1426
1092	1208
1255	1597
1180	1278
1187	1673
1053	1187
1165	1213
1209	1507
1266	1516
1026	1418
1138	1572
1152	1496
1318	1516
1178	1382
1162	1604
1155	1277
1058	1374
907	1279
1372	1428
1153	1593
1146	1192
976	1146
907	1361
1099	1167
1136	1634
1128	1466
1107	1593
1398	1456
1236	1672
1096	1312
1115	1257
906	1360
1074	1514
1111	1631
846	1268
1208	1282
1163	1285
1152	1590
1306	1360
1204	1330
1129	1353
1149	1269
1234	1336
1117	1365
1006	1134
872	1256
1211	1339
1046	1228
1271	1349
1143	1341
1051	1311
1151	1297
1155	1469
1380	1466
1229	1253
1287	1313
1003	1109
1201	1467
1224	1380
1114	1232
1117	1339
1208	1232
1144	1580
982	1474
959	1195
1047	1477
900	1242
988	1184
1163	1365
1026	1332
1159	1739
1068	1538
1034	1400
974	1372
1079	1267
1177	1659
1184	1282
1202	1500
915	1291
1347	1375
978	1148
1115	1391
937	1377
