HFSDDW
100	15	5
0	15	1	25	2	77	3	16	4	19
0	73	1	71	2	81	3	74	4	52
0	21	1	38	2	10	3	64	4	20
0	35	1	9	2	71	3	55	4	25
0	72	1	36	2	60	3	28	4	11
0	60	1	29	2	9	3	39	4	60
0	79	1	51	2	84	3	18	4	26
0	90	1	26	2	46	3	68	4	13
0	99	1	79	2	12	3	54	4	20
0	69	1	24	2	72	3	93	4	74
0	76	1	47	2	6	3	2	4	3
0	79	1	64	2	50	3	6	4	58
0	44	1	62	2	43	3	15	4	72
0	70	1	53	2	92	3	39	4	30
0	9	1	62	2	3	3	43	4	26
0	92	1	24	2	7	3	8	4	41
0	37	1	57	2	15	3	64	4	84
0	33	1	45	2	82	3	15	4	47
0	26	1	76	2	41	3	10	4	68
0	37	1	36	2	97	3	81	4	50
0	17	1	31	2	34	3	64	4	66
0	14	1	45	2	63	3	76	4	11
0	55	1	57	2	42	3	64	4	22
0	87	1	48	2	79	3	31	4	40
0	25	1	71	2	78	3	92	4	4
0	32	1	21	2	92	3	74	4	88
0	56	1	27	2	26	3	58	4	25
0	7	1	24	2	51	3	98	4	70
0	88	1	81	2	6	3	4	4	91
0	69	1	34	2	76	3	88	4	81
0	89	1	57	2	66	3	42	4	25
0	45	1	52	2	41	3	61	4	34
0	92	1	52	2	89	3	88	4	54
0	29	1	32	2	84	3	40	4	15
0	63	1	96	2	80	3	60	4	51
0	44	1	65	2	74	3	1	4	35
0	97	1	45	2	4	3	92	4	98
0	98	1	60	2	84	3	33	4	79
0	54	1	82	2	90	3	65	4	77
0	36	1	91	2	18	3	50	4	63
0	37	1	50	2	36	3	73	4	18
0	92	1	77	2	6	3	90	4	81
0	80	1	77	2	41	3	26	4	36
0	48	1	48	2	97	3	90	4	55
0	68	1	48	2	51	3	61	4	61
0	81	1	7	2	16	3	83	4	15
0	52	1	48	2	25	3	38	4	97
0	48	1	9	2	30	3	74	4	6
0	22	1	54	2	93	3	52	4	99
0	76	1	42	2	64	3	30	4	29
0	87	1	94	2	28	3	94	4	94
0	88	1	98	2	75	3	13	4	37
0	85	1	61	2	23	3	75	4	29
0	33	1	53	2	3	3	28	4	87
0	40	1	18	2	23	3	84	4	33
0	15	1	55	2	99	3	61	4	84
0	39	1	43	2	86	3	54	4	28
0	57	1	20	2	30	3	44	4	10
0	49	1	33	2	18	3	38	4	20
0	61	1	31	2	19	3	24	4	67
0	24	1	40	2	36	3	42	4	89
0	69	1	72	2	43	3	61	4	79
0	34	1	99	2	14	3	29	4	98
0	43	1	75	2	69	3	48	4	71
0	13	1	23	2	58	3	19	4	38
0	8	1	1	2	85	3	65	4	72
0	83	1	36	2	76	3	94	4	60
0	99	1	8	2	44	3	64	4	58
0	84	1	77	2	68	3	64	4	75
0	50	1	19	2	88	3	39	4	77
0	85	1	62	2	70	3	52	4	55
0	1	1	81	2	17	3	4	4	82
0	69	1	87	2	78	3	89	4	96
0	97	1	24	2	20	3	68	4	98
0	35	1	31	2	5	3	89	4	87
0	35	1	54	2	94	3	44	4	88
0	88	1	13	2	46	3	87	4	86
0	21	1	65	2	25	3	40	4	59
0	19	1	90	2	41	3	82	4	89
0	97	1	99	2	79	3	68	4	77
0	26	1	99	2	20	3	40	4	42
0	55	1	58	2	80	3	65	4	20
0	47	1	86	2	73	3	15	4	93
0	56	1	42	2	90	3	3	4	75
0	32	1	99	2	79	3	10	4	80
0	45	1	89	2	22	3	1	4	89
0	36	1	75	2	27	3	66	4	62
0	89	1	92	2	6	3	46	4	31
0	63	1	85	2	60	3	20	4	13
0	32	1	17	2	26	3	88	4	33
0	56	1	9	2	76	3	92	4	45
0	27	1	20	2	11	3	60	4	96
0	65	1	36	2	80	3	75	4	83
0	71	1	60	2	8	3	53	4	5
0	64	1	36	2	45	3	72	4	12
0	47	1	40	2	60	3	96	4	49
0	29	1	64	2	33	3	68	4	34
0	28	1	98	2	34	3	21	4	36
0	70	1	82	2	46	3	49	4	66
0	28	1	5	2	84	3	37	4	41
LBCmax: 1896
RELDUE
-1	1219	7	1
-1	982	1	3
-1	1224	5	7
-1	1269	8	2
-1	1208	8	9
-1	1021	7	6
-1	1188	8	3
-1	964	7	7
-1	1253	5	6
-1	1320	4	1
-1	1279	2	9
-1	1174	7	1
-1	1000	5	7
-1	988	6	9
-1	1208	4	9
-1	952	8	2
-1	957	9	5
-1	993	5	1
-1	1105	5	8
-1	1160	8	8
-1	1223	7	9
-1	1045	5	9
-1	1277	6	4
-1	1013	5	7
-1	1077	4	2
-1	1260	5	4
-1	1292	2	6
-1	1314	9	8
-1	971	4	1
-1	1268	8	8
-1	1109	2	8
-1	1158	7	9
-1	1035	1	6
-1	1159	6	4
-1	1243	7	7
-1	1021	2	6
-1	1295	7	5
-1	1132	4	3
-1	1326	4	7
-1	1002	4	2
-1	1192	3	8
-1	1307	6	3
-1	1153	5	4
-1	1034	9	4
-1	1131	5	7
-1	987	6	5
-1	1206	1	1
-1	1081	7	8
-1	1252	3	6
-1	1193	8	9
-1	1043	7	2
-1	1300	9	7
-1	1111	9	8
-1	1253	7	7
-1	1208	3	7
-1	1121	4	6
-1	1032	6	6
-1	1158	6	3
-1	1139	3	5
-1	1275	5	7
-1	1057	7	3
-1	1202	8	1
-1	1320	1	7
-1	1312	6	6
-1	1159	7	5
-1	1069	1	8
-1	1087	8	5
-1	1169	4	1
-1	1073	9	8
-1	1135	4	6
-1	985	7	2
-1	1152	1	8
-1	995	3	1
-1	1051	9	4
-1	1296	5	4
-1	1243	6	8
-1	1220	2	2
-1	1191	3	5
-1	1209	4	8
-1	1038	7	3
-1	1002	3	1
-1	1159	9	7
-1	1009	7	6
-1	1106	7	2
-1	1172	3	5
-1	1136	4	4
-1	994	1	8
-1	1110	9	5
-1	1278	2	9
-1	1069	7	1
-1	1316	7	2
-1	1084	2	4
-1	1320	8	2
-1	999	7	7
-1	1272	2	8
-1	1318	7	1
-1	1314	2	2
-1	1168	4	6
-1	1203	3	4
-1	1010	1	7
DDW
1146	1292
815	1149
1187	1261
1256	1282
966	1450
970	1072
1010	1366
906	1022
1190	1316
1096	1544
1177	1381
1080	1268
970	1030
840	1136
1075	1341
933	971
775	1139
864	1122
895	1315
1032	1288
1003	1443
1024	1066
1022	1532
912	1114
915	1239
1159	1361
1214	1370
1051	1577
893	1049
1179	1357
1042	1176
961	1355
838	1232
1147	1171
1057	1429
827	1215
1282	1308
1098	1166
1220	1432
872	1132
1061	1323
1202	1412
1038	1268
951	1117
1018	1244
918	1056
977	1435
995	1167
1089	1415
1098	1288
887	1199
1131	1469
1011	1211
1103	1403
1003	1413
1076	1166
857	1207
996	1320
1071	1207
1109	1441
856	1258
1022	1382
1069	1571
1076	1548
1032	1286
941	1197
978	1196
1146	1192
858	1288
999	1271
975	995
956	1348
945	1045
977	1125
1283	1309
1119	1367
1074	1366
1036	1346
967	1451
945	1131
902	1102
950	1368
938	1080
1095	1117
1020	1324
988	1284
914	1074
1032	1188
1214	1342
941	1197
1290	1342
997	1171
1096	1544
839	1159
1094	1450
1107	1529
1183	1445
1016	1320
998	1408
828	1192
