HFSDDW
100	25	5
0	86	1	44	2	26	3	5	4	79
0	9	1	16	2	76	3	23	4	31
0	37	1	2	2	95	3	83	4	54
0	19	1	81	2	87	3	24	4	44
0	65	1	14	2	95	3	30	4	88
0	17	1	17	2	45	3	99	4	81
0	49	1	65	2	91	3	59	4	14
0	73	1	99	2	15	3	86	4	91
0	50	1	57	2	6	3	9	4	53
0	44	1	6	2	22	3	52	4	83
0	71	1	2	2	16	3	4	4	8
0	73	1	48	2	95	3	16	4	62
0	91	1	70	2	76	3	41	4	82
0	71	1	11	2	36	3	69	4	81
0	20	1	66	2	1	3	33	4	93
0	8	1	8	2	86	3	77	4	45
0	12	1	95	2	93	3	17	4	10
0	47	1	50	2	87	3	52	4	41
0	25	1	4	2	99	3	24	4	99
0	80	1	80	2	65	3	27	4	81
0	34	1	69	2	53	3	70	4	63
0	6	1	1	2	82	3	10	4	99
0	65	1	61	2	18	3	71	4	51
0	96	1	76	2	60	3	31	4	35
0	22	1	23	2	84	3	29	4	57
0	16	1	67	2	77	3	33	4	14
0	28	1	43	2	60	3	96	4	12
0	43	1	43	2	24	3	53	4	5
0	47	1	67	2	77	3	52	4	75
0	63	1	85	2	28	3	73	4	4
0	4	1	20	2	34	3	92	4	60
0	11	1	84	2	24	3	13	4	48
0	39	1	24	2	50	3	96	4	71
0	23	1	2	2	22	3	60	4	9
0	54	1	53	2	8	3	27	4	88
0	54	1	45	2	32	3	54	4	94
0	30	1	39	2	4	3	30	4	10
0	9	1	10	2	68	3	36	4	1
0	58	1	19	2	11	3	5	4	65
0	23	1	17	2	81	3	80	4	53
0	61	1	63	2	68	3	64	4	50
0	51	1	12	2	7	3	5	4	6
0	66	1	53	2	70	3	18	4	18
0	1	1	20	2	21	3	86	4	63
0	14	1	34	2	85	3	60	4	51
0	35	1	43	2	3	3	61	4	65
0	38	1	64	2	51	3	2	4	34
0	67	1	70	2	39	3	80	4	59
0	96	1	3	2	63	3	31	4	34
0	6	1	49	2	92	3	87	4	65
0	4	1	96	2	94	3	18	4	40
0	27	1	77	2	9	3	14	4	15
0	9	1	9	2	45	3	40	4	68
0	2	1	2	2	69	3	84	4	51
0	31	1	80	2	41	3	27	4	67
0	11	1	70	2	55	3	26	4	45
0	86	1	50	2	16	3	96	4	61
0	41	1	69	2	34	3	62	4	7
0	89	1	61	2	26	3	65	4	51
0	87	1	58	2	24	3	63	4	32
0	4	1	80	2	9	3	36	4	35
0	23	1	56	2	68	3	50	4	29
0	56	1	23	2	83	3	68	4	28
0	58	1	93	2	49	3	78	4	27
0	33	1	67	2	8	3	77	4	62
0	69	1	55	2	75	3	76	4	80
0	53	1	47	2	92	3	93	4	41
0	7	1	42	2	79	3	61	4	39
0	85	1	2	2	84	3	33	4	50
0	66	1	78	2	57	3	37	4	93
0	94	1	9	2	46	3	36	4	99
0	37	1	72	2	31	3	74	4	66
0	68	1	80	2	91	3	70	4	76
0	10	1	30	2	89	3	28	4	22
0	17	1	14	2	88	3	40	4	42
0	32	1	82	2	75	3	28	4	95
0	90	1	98	2	38	3	83	4	85
0	44	1	2	2	56	3	94	4	5
0	34	1	12	2	6	3	95	4	70
0	5	1	10	2	14	3	56	4	41
0	36	1	88	2	30	3	16	4	76
0	80	1	21	2	6	3	93	4	68
0	54	1	97	2	4	3	78	4	75
0	70	1	43	2	9	3	84	4	33
0	9	1	74	2	95	3	23	4	88
0	6	1	9	2	92	3	69	4	38
0	22	1	69	2	19	3	87	4	59
0	3	1	69	2	23	3	7	4	5
0	24	1	95	2	63	3	26	4	50
0	36	1	8	2	27	3	21	4	1
0	61	1	1	2	30	3	24	4	32
0	62	1	92	2	7	3	27	4	71
0	72	1	28	2	37	3	56	4	46
0	85	1	79	2	17	3	20	4	72
0	1	1	20	2	3	3	79	4	9
0	13	1	12	2	69	3	73	4	52
0	97	1	81	2	72	3	69	4	76
0	21	1	39	2	95	3	55	4	97
0	10	1	62	2	95	3	35	4	33
0	95	1	59	2	7	3	80	4	65
LBCmax: 1123
RELDUE
-1	722	5	1
-1	955	4	9
-1	387	3	1
-1	660	9	8
-1	1009	5	6
-1	619	7	1
-1	996	1	1
-1	674	5	2
-1	436	2	9
-1	467	3	1
-1	681	7	9
-1	494	4	6
-1	563	9	3
-1	843	9	9
-1	840	3	1
-1	952	7	3
-1	715	6	7
-1	793	3	1
-1	874	6	2
-1	505	8	7
-1	647	7	9
-1	903	8	3
-1	753	5	7
-1	485	8	3
-1	763	6	1
-1	595	7	8
-1	498	5	6
-1	799	3	5
-1	653	7	8
-1	428	9	9
-1	700	2	1
-1	367	5	5
-1	941	9	5
-1	390	5	3
-1	977	8	5
-1	373	5	1
-1	835	2	6
-1	500	4	7
-1	804	2	1
-1	569	1	2
-1	495	5	6
-1	939	4	3
-1	879	4	8
-1	575	7	9
-1	648	5	7
-1	918	4	8
-1	533	2	8
-1	476	5	6
-1	740	4	4
-1	616	4	1
-1	601	3	5
-1	954	5	1
-1	519	5	7
-1	707	7	9
-1	464	3	6
-1	831	4	6
-1	539	7	7
-1	913	5	5
-1	909	7	3
-1	750	2	1
-1	458	7	6
-1	534	8	2
-1	357	1	7
-1	344	8	3
-1	779	1	7
-1	650	3	8
-1	564	7	1
-1	509	9	1
-1	878	2	3
-1	803	7	6
-1	453	1	8
-1	552	6	8
-1	1000	4	8
-1	641	1	5
-1	347	4	9
-1	720	9	2
-1	360	3	3
-1	514	3	7
-1	849	6	4
-1	856	1	8
-1	399	9	4
-1	358	8	6
-1	395	3	5
-1	374	8	7
-1	839	7	4
-1	757	4	4
-1	859	5	5
-1	571	1	9
-1	938	9	9
-1	482	7	3
-1	846	6	4
-1	934	9	1
-1	602	7	2
-1	390	6	5
-1	448	7	3
-1	972	5	7
-1	918	3	9
-1	871	7	7
-1	808	9	9
-1	1009	6	8
DDW
578	866
888	1022
333	441
528	792
888	1130
551	687
857	1135
573	775
410	462
430	504
586	776
435	553
490	636
708	978
815	865
847	1057
636	794
666	920
699	1049
490	520
524	770
831	975
738	768
436	534
610	916
512	678
473	523
719	879
555	751
398	458
693	707
360	374
866	1016
316	464
909	1045
347	399
718	952
405	595
716	892
552	586
446	544
779	1099
835	923
535	615
564	732
753	1083
512	554
428	524
607	873
585	647
583	619
925	983
415	623
629	785
380	548
731	931
512	566
867	959
900	918
608	892
426	490
513	555
353	361
279	409
717	841
566	734
536	592
438	580
790	966
675	931
371	535
480	624
940	1060
532	750
302	392
698	742
346	374
432	596
696	1002
839	873
359	439
304	412
344	446
333	415
805	873
621	893
842	876
474	668
919	957
410	554
829	863
841	1027
494	710
343	437
372	524
914	1030
762	1074
819	923
654	962
999	1019
