HFSDDW
200	15	5
0	40	1	41	2	17	3	36	4	30
0	66	1	11	2	71	3	27	4	68
0	2	1	34	2	52	3	44	4	55
0	62	1	54	2	6	3	78	4	42
0	74	1	20	2	44	3	25	4	74
0	89	1	4	2	19	3	61	4	4
0	98	1	29	2	72	3	48	4	15
0	68	1	85	2	48	3	72	4	10
0	94	1	45	2	1	3	98	4	50
0	95	1	11	2	25	3	4	4	93
0	14	1	13	2	59	3	3	4	95
0	20	1	96	2	92	3	61	4	40
0	63	1	92	2	10	3	24	4	70
0	73	1	61	2	5	3	29	4	87
0	77	1	6	2	33	3	69	4	47
0	29	1	19	2	46	3	74	4	78
0	78	1	78	2	16	3	67	4	90
0	85	1	70	2	69	3	52	4	95
0	71	1	92	2	86	3	32	4	46
0	3	1	36	2	77	3	28	4	76
0	35	1	6	2	96	3	17	4	16
0	9	1	79	2	89	3	55	4	66
0	1	1	51	2	18	3	83	4	61
0	85	1	76	2	42	3	33	4	85
0	4	1	91	2	52	3	34	4	16
0	85	1	20	2	2	3	23	4	45
0	93	1	41	2	18	3	98	4	44
0	73	1	82	2	99	3	52	4	82
0	6	1	80	2	15	3	86	4	94
0	21	1	75	2	4	3	70	4	60
0	26	1	93	2	44	3	43	4	73
0	43	1	54	2	62	3	1	4	31
0	89	1	78	2	66	3	11	4	72
0	60	1	34	2	20	3	39	4	88
0	4	1	77	2	90	3	51	4	80
0	23	1	77	2	65	3	40	4	95
0	10	1	16	2	32	3	62	4	19
0	99	1	97	2	75	3	25	4	1
0	20	1	20	2	98	3	21	4	93
0	27	1	14	2	4	3	15	4	35
0	86	1	55	2	64	3	81	4	57
0	48	1	4	2	92	3	62	4	50
0	65	1	88	2	23	3	5	4	21
0	73	1	47	2	5	3	91	4	72
0	62	1	59	2	94	3	38	4	69
0	84	1	78	2	70	3	58	4	53
0	10	1	73	2	51	3	6	4	9
0	55	1	52	2	50	3	6	4	71
0	96	1	5	2	13	3	75	4	36
0	31	1	96	2	93	3	99	4	20
0	80	1	10	2	13	3	42	4	72
0	28	1	60	2	26	3	13	4	73
0	70	1	33	2	35	3	9	4	41
0	91	1	38	2	18	3	96	4	66
0	22	1	97	2	98	3	21	4	76
0	58	1	46	2	20	3	3	4	38
0	87	1	84	2	71	3	39	4	73
0	99	1	61	2	9	3	33	4	80
0	94	1	26	2	37	3	32	4	1
0	63	1	70	2	4	3	35	4	44
0	93	1	79	2	97	3	33	4	98
0	83	1	11	2	91	3	66	4	14
0	82	1	41	2	23	3	74	4	86
0	85	1	62	2	95	3	36	4	41
0	31	1	29	2	84	3	16	4	71
0	95	1	60	2	66	3	20	4	13
0	88	1	43	2	85	3	59	4	45
0	8	1	87	2	38	3	40	4	90
0	89	1	70	2	43	3	20	4	98
0	54	1	3	2	63	3	46	4	16
0	2	1	74	2	67	3	93	4	13
0	65	1	94	2	82	3	62	4	3
0	23	1	44	2	71	3	53	4	25
0	39	1	55	2	64	3	30	4	78
0	98	1	25	2	55	3	46	4	52
0	60	1	85	2	65	3	17	4	18
0	92	1	96	2	21	3	5	4	12
0	15	1	75	2	91	3	46	4	79
0	13	1	5	2	76	3	38	4	67
0	45	1	98	2	89	3	94	4	60
0	98	1	39	2	34	3	68	4	18
0	76	1	19	2	22	3	42	4	53
0	80	1	30	2	65	3	45	4	10
0	26	1	24	2	67	3	42	4	11
0	64	1	63	2	18	3	50	4	65
0	93	1	49	2	18	3	79	4	8
0	62	1	95	2	70	3	57	4	19
0	54	1	63	2	52	3	86	4	35
0	96	1	54	2	50	3	93	4	99
0	83	1	39	2	32	3	28	4	41
0	21	1	31	2	48	3	84	4	95
0	36	1	22	2	84	3	3	4	24
0	28	1	2	2	42	3	35	4	90
0	84	1	60	2	9	3	26	4	56
0	63	1	71	2	80	3	7	4	14
0	11	1	14	2	24	3	50	4	82
0	54	1	18	2	89	3	39	4	86
0	31	1	48	2	85	3	61	4	82
0	33	1	79	2	50	3	63	4	8
0	94	1	12	2	15	3	4	4	16
0	23	1	30	2	6	3	72	4	77
0	49	1	51	2	41	3	70	4	85
0	22	1	97	2	34	3	21	4	70
0	11	1	12	2	4	3	48	4	60
0	37	1	75	2	48	3	44	4	24
0	84	1	22	2	18	3	99	4	19
0	98	1	98	2	21	3	35	4	59
0	24	1	12	2	18	3	61	4	38
0	80	1	7	2	15	3	76	4	61
0	36	1	45	2	29	3	93	4	96
0	83	1	8	2	67	3	44	4	79
0	48	1	82	2	62	3	49	4	93
0	27	1	33	2	42	3	51	4	86
0	24	1	76	2	99	3	61	4	46
0	98	1	93	2	42	3	11	4	79
0	30	1	61	2	71	3	82	4	88
0	39	1	93	2	25	3	3	4	36
0	91	1	32	2	77	3	56	4	12
0	41	1	50	2	69	3	68	4	11
0	48	1	65	2	63	3	90	4	38
0	59	1	46	2	67	3	47	4	98
0	90	1	66	2	56	3	64	4	49
0	86	1	12	2	79	3	60	4	54
0	34	1	8	2	39	3	16	4	95
0	91	1	98	2	43	3	50	4	5
0	48	1	25	2	74	3	99	4	32
0	65	1	98	2	81	3	45	4	29
0	93	1	26	2	77	3	5	4	45
0	25	1	75	2	14	3	7	4	25
0	30	1	71	2	9	3	14	4	77
0	40	1	26	2	47	3	94	4	46
0	60	1	3	2	18	3	43	4	50
0	66	1	91	2	57	3	32	4	84
0	88	1	30	2	34	3	32	4	61
0	8	1	30	2	35	3	70	4	70
0	16	1	85	2	36	3	26	4	74
0	77	1	16	2	61	3	23	4	92
0	39	1	51	2	86	3	98	4	68
0	90	1	9	2	35	3	54	4	79
0	34	1	19	2	81	3	23	4	36
0	1	1	37	2	77	3	52	4	69
0	10	1	90	2	76	3	25	4	31
0	75	1	66	2	91	3	69	4	72
0	50	1	30	2	34	3	40	4	45
0	38	1	43	2	35	3	63	4	70
0	99	1	95	2	81	3	91	4	36
0	96	1	4	2	14	3	89	4	73
0	41	1	39	2	9	3	53	4	82
0	48	1	75	2	62	3	68	4	92
0	25	1	17	2	65	3	81	4	30
0	4	1	85	2	41	3	78	4	98
0	57	1	2	2	14	3	82	4	70
0	15	1	10	2	85	3	88	4	34
0	71	1	53	2	3	3	95	4	32
0	12	1	22	2	80	3	58	4	96
0	62	1	81	2	66	3	71	4	46
0	82	1	30	2	99	3	61	4	33
0	12	1	63	2	35	3	90	4	16
0	39	1	26	2	27	3	83	4	68
0	38	1	89	2	73	3	35	4	21
0	72	1	15	2	70	3	50	4	18
0	82	1	5	2	83	3	81	4	36
0	76	1	35	2	43	3	36	4	87
0	84	1	11	2	24	3	56	4	22
0	9	1	18	2	12	3	79	4	93
0	85	1	94	2	97	3	89	4	58
0	73	1	9	2	32	3	50	4	74
0	68	1	60	2	50	3	43	4	50
0	8	1	79	2	54	3	55	4	40
0	4	1	83	2	90	3	96	4	84
0	28	1	65	2	17	3	14	4	12
0	54	1	4	2	90	3	56	4	32
0	87	1	8	2	93	3	23	4	63
0	67	1	4	2	92	3	62	4	20
0	24	1	61	2	80	3	7	4	15
0	30	1	63	2	57	3	39	4	89
0	3	1	4	2	1	3	6	4	31
0	8	1	92	2	19	3	38	4	20
0	65	1	69	2	93	3	11	4	63
0	1	1	86	2	31	3	91	4	72
0	1	1	90	2	29	3	77	4	60
0	67	1	85	2	11	3	98	4	82
0	90	1	47	2	51	3	67	4	30
0	83	1	7	2	87	3	92	4	56
0	75	1	85	2	55	3	43	4	55
0	54	1	67	2	69	3	43	4	14
0	43	1	33	2	65	3	67	4	88
0	13	1	75	2	24	3	46	4	63
0	22	1	81	2	20	3	55	4	29
0	18	1	19	2	26	3	81	4	79
0	94	1	98	2	39	3	36	4	96
0	16	1	36	2	86	3	22	4	6
0	99	1	16	2	67	3	85	4	39
0	58	1	81	2	84	3	78	4	17
0	9	1	82	2	42	3	29	4	34
0	93	1	65	2	99	3	14	4	37
0	36	1	41	2	88	3	64	4	20
0	45	1	93	2	30	3	70	4	73
0	77	1	89	2	2	3	40	4	64
0	7	1	15	2	34	3	16	4	70
LBCmax: 3614
RELDUE
-1	1876	4	1
-1	1823	6	6
-1	2114	7	2
-1	2486	8	7
-1	2617	9	4
-1	1336	6	3
-1	2310	5	4
-1	1311	1	4
-1	1124	6	6
-1	1151	8	8
-1	2169	4	5
-1	1862	5	1
-1	2648	2	6
-1	2937	7	7
-1	2599	5	6
-1	2357	8	4
-1	1684	4	5
-1	1147	4	2
-1	2508	7	2
-1	3136	9	4
-1	2494	1	7
-1	2213	3	8
-1	1391	6	9
-1	1197	3	7
-1	1950	8	7
-1	1508	7	6
-1	2836	3	5
-1	1134	3	9
-1	2491	5	5
-1	1671	4	2
-1	2796	4	2
-1	1758	3	3
-1	2897	6	2
-1	2031	8	1
-1	1088	1	9
-1	1124	6	5
-1	3118	7	4
-1	1588	7	7
-1	3110	3	6
-1	1256	5	3
-1	2996	4	1
-1	2883	8	8
-1	1683	9	3
-1	2537	2	8
-1	1590	3	5
-1	1977	6	3
-1	1450	7	7
-1	1437	9	9
-1	2600	5	9
-1	1192	3	4
-1	2798	1	3
-1	1342	7	9
-1	2574	1	2
-1	1548	9	8
-1	1199	7	5
-1	2917	7	8
-1	1516	1	2
-1	2001	8	4
-1	1620	3	5
-1	2193	4	4
-1	1754	1	9
-1	2260	8	6
-1	2074	3	4
-1	2706	7	9
-1	1608	5	8
-1	1494	2	3
-1	2219	4	1
-1	1700	2	2
-1	2933	3	8
-1	2559	7	7
-1	2492	3	4
-1	1179	2	7
-1	1291	7	7
-1	2335	3	6
-1	1224	9	5
-1	2864	7	1
-1	1613	6	9
-1	2107	4	1
-1	2860	5	2
-1	3226	7	7
-1	1141	5	1
-1	2482	3	9
-1	1787	3	4
-1	2382	5	9
-1	2127	9	6
-1	2537	2	4
-1	2437	7	6
-1	2432	1	6
-1	1916	8	1
-1	1424	8	6
-1	2862	1	2
-1	2201	9	9
-1	3222	2	2
-1	2001	6	5
-1	2755	7	1
-1	1820	7	2
-1	1893	2	9
-1	2230	3	3
-1	2012	1	2
-1	1179	4	4
-1	3011	2	3
-1	3004	6	3
-1	1758	4	3
-1	1125	3	1
-1	1953	9	7
-1	2703	3	4
-1	1135	3	1
-1	1323	6	3
-1	1408	1	4
-1	1588	7	2
-1	2387	7	1
-1	2662	2	8
-1	2394	9	1
-1	1647	3	8
-1	2135	3	7
-1	2526	6	6
-1	1557	7	4
-1	2945	4	8
-1	1663	5	6
-1	2325	6	9
-1	2311	9	6
-1	3040	6	1
-1	3037	8	3
-1	2592	8	1
-1	2950	3	9
-1	1375	2	6
-1	1210	5	3
-1	2544	6	2
-1	2834	2	8
-1	2658	4	4
-1	2054	9	4
-1	2637	7	2
-1	1178	1	6
-1	2764	6	8
-1	1299	7	8
-1	1391	7	5
-1	1808	8	8
-1	1746	2	1
-1	1512	5	2
-1	2678	9	6
-1	2485	2	2
-1	2198	6	3
-1	2107	6	1
-1	1412	2	5
-1	2291	8	3
-1	1284	6	7
-1	3060	3	2
-1	2658	9	5
-1	3119	9	4
-1	1313	9	3
-1	1346	7	9
-1	2201	4	4
-1	1650	2	7
-1	2941	8	6
-1	2122	1	5
-1	3224	6	1
-1	3220	8	7
-1	2419	2	8
-1	1428	8	4
-1	1662	6	1
-1	2576	4	2
-1	1845	1	4
-1	1743	2	1
-1	2004	2	6
-1	2787	9	7
-1	3004	2	1
-1	2567	2	7
-1	2883	9	3
-1	1432	7	2
-1	1828	1	8
-1	1802	2	5
-1	3064	4	3
-1	2517	6	6
-1	2239	9	6
-1	3094	1	1
-1	1196	6	5
-1	2017	8	9
-1	2709	8	5
-1	1385	8	9
-1	2750	2	2
-1	1568	5	2
-1	1806	7	3
-1	2678	4	6
-1	2604	9	1
-1	2395	7	9
-1	3107	1	6
-1	2070	4	7
-1	1491	8	8
-1	1726	7	8
-1	1328	8	6
-1	1424	2	6
-1	2642	6	8
-1	1401	1	7
-1	3104	3	2
-1	1185	9	5
-1	1723	4	7
-1	1539	1	9
-1	1187	3	9
-1	1878	8	1
-1	2540	9	1
DDW
1595	2157
1513	2133
1755	2473
2436	2536
2591	2643
1323	1349
2218	2402
1285	1337
1090	1158
932	1370
1844	2494
1843	1881
2569	2727
2555	3319
2573	2625
1909	2805
1482	1886
941	1353
2358	2658
2697	3575
2319	2669
1881	2545
1321	1461
1125	1269
1736	2164
1402	1614
2467	3205
1032	1236
2242	2740
1370	1972
2768	2824
1512	2004
2347	3447
1706	2356
892	1284
1045	1203
2588	3648
1413	1763
2612	3608
1231	1281
2666	3326
2797	2969
1666	1700
2030	3044
1352	1828
1819	2135
1262	1638
1308	1566
2132	3068
1097	1287
2574	3022
1074	1610
2136	3012
1471	1625
1019	1379
2334	3500
1319	1713
1781	2221
1442	1798
1864	2522
1614	1894
1921	2599
1804	2344
2544	2868
1302	1914
1464	1524
2152	2286
1564	1836
2464	3402
2175	2943
2442	2542
1167	1191
1265	1317
2242	2428
1175	1273
2721	3007
1371	1855
1981	2233
2545	3175
3129	3323
981	1301
2358	2606
1573	2001
2311	2453
1914	2340
2486	2588
2023	2851
2067	2797
1878	1954
1168	1680
2433	3291
2069	2333
3190	3254
1961	2041
2369	3141
1529	2111
1685	2101
1873	2587
1992	2032
1014	1344
2830	3192
2824	3184
1512	2004
1091	1159
1836	2070
2514	2892
931	1339
1151	1495
1380	1436
1429	1747
2244	2530
2476	2848
2370	2418
1515	1779
2114	2156
2450	2602
1495	1619
2650	3240
1397	1929
1930	2720
2172	2450
2766	3314
2855	3219
2125	3059
2360	3540
1141	1609
1198	1222
2519	2569
2522	3146
2445	2871
1766	2342
2136	3138
1119	1237
2266	3262
1065	1533
1266	1516
1591	2025
1589	1903
1240	1784
2598	2758
2361	2609
2110	2286
1833	2381
1243	1581
1993	2589
1181	1387
2876	3244
2312	3004
3057	3181
1155	1471
1171	1521
2157	2245
1634	1666
2794	3088
1931	2313
2644	3804
2576	3864
2032	2806
1371	1485
1512	1812
2396	2756
1513	2177
1691	1795
1723	2285
2313	3261
2764	3244
2490	2644
2797	2969
1274	1590
1609	2047
1586	2018
2574	3554
2215	2819
1926	2552
2692	3496
1172	1220
1694	2340
2330	3088
1302	1468
2392	3108
1380	1756
1643	1969
2169	3187
2109	3099
2012	2778
2703	3511
1677	2463
1476	1506
1553	1899
1062	1594
1282	1566
2193	3091
1317	1485
2794	3414
984	1386
1585	1861
1524	1554
961	1413
1578	2178
2413	2667
