HFSDDW
50	50	10
0	89	1	39	2	4	3	16	4	7	5	51	6	82	7	98	8	46	9	73
0	98	1	60	2	40	3	99	4	72	5	84	6	46	7	33	8	50	9	88
0	64	1	82	2	87	3	6	4	21	5	48	6	62	7	45	8	47	9	83
0	46	1	98	2	80	3	65	4	24	5	55	6	23	7	66	8	90	9	52
0	77	1	30	2	41	3	1	4	8	5	18	6	54	7	75	8	92	9	7
0	86	1	28	2	79	3	35	4	58	5	7	6	52	7	98	8	95	9	58
0	89	1	38	2	51	3	63	4	27	5	1	6	80	7	75	8	75	9	17
0	61	1	79	2	43	3	97	4	12	5	34	6	42	7	86	8	97	9	4
0	94	1	86	2	52	3	41	4	96	5	19	6	19	7	45	8	7	9	18
0	4	1	25	2	71	3	33	4	62	5	39	6	78	7	77	8	74	9	8
0	38	1	79	2	99	3	76	4	45	5	7	6	85	7	82	8	24	9	24
0	65	1	66	2	2	3	91	4	64	5	4	6	85	7	11	8	67	9	9
0	81	1	35	2	68	3	58	4	13	5	37	6	9	7	11	8	35	9	72
0	56	1	64	2	12	3	89	4	66	5	15	6	87	7	76	8	95	9	89
0	33	1	37	2	22	3	83	4	53	5	38	6	24	7	80	8	68	9	59
0	54	1	68	2	11	3	66	4	26	5	4	6	11	7	41	8	63	9	9
0	98	1	75	2	47	3	51	4	68	5	1	6	54	7	12	8	26	9	49
0	17	1	10	2	15	3	77	4	75	5	45	6	13	7	84	8	6	9	74
0	14	1	28	2	42	3	76	4	19	5	87	6	54	7	46	8	63	9	63
0	4	1	46	2	13	3	87	4	90	5	58	6	90	7	71	8	16	9	53
0	83	1	12	2	55	3	19	4	43	5	45	6	53	7	33	8	90	9	81
0	90	1	27	2	36	3	88	4	95	5	71	6	33	7	71	8	32	9	80
0	46	1	9	2	48	3	63	4	45	5	70	6	96	7	27	8	87	9	18
0	55	1	42	2	69	3	53	4	90	5	2	6	73	7	23	8	33	9	74
0	34	1	21	2	55	3	82	4	72	5	77	6	10	7	24	8	92	9	20
0	25	1	19	2	39	3	36	4	7	5	75	6	64	7	91	8	73	9	72
0	48	1	27	2	46	3	73	4	27	5	49	6	58	7	83	8	97	9	93
0	97	1	10	2	38	3	58	4	46	5	25	6	53	7	66	8	90	9	68
0	61	1	72	2	35	3	67	4	92	5	36	6	3	7	33	8	46	9	16
0	37	1	81	2	49	3	61	4	26	5	8	6	75	7	81	8	56	9	24
0	20	1	26	2	26	3	98	4	23	5	16	6	81	7	81	8	90	9	81
0	22	1	98	2	2	3	6	4	12	5	75	6	91	7	79	8	81	9	90
0	47	1	25	2	37	3	82	4	56	5	16	6	61	7	77	8	32	9	38
0	50	1	72	2	10	3	67	4	48	5	35	6	47	7	37	8	45	9	77
0	54	1	21	2	43	3	64	4	93	5	39	6	80	7	44	8	49	9	50
0	17	1	96	2	99	3	65	4	77	5	95	6	89	7	44	8	42	9	7
0	54	1	5	2	49	3	52	4	32	5	50	6	88	7	35	8	58	9	76
0	29	1	55	2	34	3	5	4	36	5	26	6	82	7	73	8	89	9	18
0	36	1	18	2	28	3	82	4	22	5	54	6	72	7	44	8	89	9	53
0	46	1	4	2	94	3	38	4	23	5	50	6	71	7	90	8	33	9	43
0	51	1	45	2	85	3	73	4	21	5	61	6	62	7	95	8	29	9	51
0	14	1	16	2	54	3	25	4	71	5	37	6	77	7	67	8	31	9	78
0	78	1	44	2	45	3	5	4	31	5	26	6	61	7	95	8	82	9	86
0	54	1	91	2	40	3	46	4	66	5	90	6	32	7	54	8	61	9	60
0	91	1	77	2	15	3	39	4	40	5	30	6	49	7	69	8	67	9	85
0	72	1	4	2	60	3	55	4	65	5	7	6	1	7	81	8	43	9	94
0	1	1	66	2	13	3	43	4	96	5	22	6	75	7	8	8	58	9	80
0	6	1	23	2	7	3	71	4	86	5	2	6	29	7	7	8	65	9	1
0	77	1	91	2	29	3	97	4	15	5	51	6	32	7	85	8	81	9	60
0	90	1	51	2	12	3	66	4	59	5	26	6	64	7	72	8	42	9	18
LBCmax: 915
RELDUE
-1	740	8	5
-1	715	4	9
-1	661	3	6
-1	800	2	2
-1	786	9	3
-1	730	4	6
-1	818	7	1
-1	802	3	2
-1	766	3	7
-1	757	9	8
-1	783	3	9
-1	813	9	6
-1	669	9	5
-1	717	7	1
-1	672	2	9
-1	657	2	4
-1	709	9	6
-1	668	7	8
-1	691	2	7
-1	724	2	8
-1	806	3	6
-1	805	4	9
-1	689	3	9
-1	820	7	1
-1	804	9	6
-1	741	6	7
-1	660	7	6
-1	715	2	9
-1	662	5	8
-1	751	1	8
-1	708	9	1
-1	743	9	1
-1	757	1	9
-1	727	6	2
-1	724	4	4
-1	706	1	6
-1	786	5	2
-1	715	6	6
-1	672	5	1
-1	759	4	9
-1	738	8	6
-1	719	2	6
-1	670	3	5
-1	672	7	3
-1	790	4	8
-1	817	4	3
-1	704	6	4
-1	768	9	2
-1	728	7	4
-1	730	9	3
DDW
710	770
672	758
608	714
752	848
739	833
723	737
802	834
754	850
758	774
712	802
752	814
772	854
636	702
710	724
605	739
637	677
645	773
635	701
636	746
681	767
782	830
773	837
634	744
771	869
796	812
682	800
594	726
708	722
642	682
713	789
637	779
728	758
742	772
720	734
673	775
685	727
707	865
665	765
665	679
736	782
708	768
712	726
657	683
612	732
750	830
735	899
641	767
722	814
692	764
679	781
