HFSDDW
100	15	5
0	57	1	31	2	20	3	91	4	33
0	69	1	28	2	36	3	76	4	87
0	23	1	62	2	98	3	71	4	29
0	24	1	10	2	42	3	33	4	59
0	47	1	42	2	64	3	77	4	42
0	23	1	56	2	95	3	25	4	4
0	76	1	10	2	13	3	83	4	23
0	76	1	8	2	38	3	98	4	26
0	94	1	68	2	34	3	47	4	93
0	5	1	62	2	34	3	32	4	76
0	47	1	2	2	30	3	61	4	48
0	16	1	66	2	43	3	50	4	10
0	14	1	33	2	11	3	73	4	11
0	13	1	49	2	15	3	49	4	53
0	17	1	71	2	43	3	8	4	64
0	79	1	8	2	17	3	83	4	37
0	60	1	22	2	63	3	49	4	56
0	75	1	79	2	51	3	36	4	7
0	11	1	64	2	88	3	88	4	13
0	62	1	58	2	61	3	37	4	80
0	56	1	47	2	85	3	79	4	60
0	76	1	58	2	23	3	97	4	69
0	8	1	50	2	59	3	13	4	50
0	91	1	70	2	62	3	17	4	35
0	33	1	97	2	79	3	42	4	43
0	52	1	82	2	54	3	95	4	3
0	21	1	47	2	80	3	4	4	80
0	14	1	37	2	83	3	89	4	79
0	17	1	57	2	54	3	67	4	98
0	60	1	6	2	76	3	39	4	21
0	91	1	96	2	44	3	2	4	47
0	59	1	67	2	43	3	37	4	8
0	94	1	4	2	27	3	94	4	48
0	61	1	69	2	55	3	33	4	36
0	54	1	86	2	73	3	37	4	19
0	75	1	43	2	13	3	43	4	82
0	46	1	7	2	16	3	74	4	11
0	25	1	4	2	78	3	56	4	22
0	47	1	94	2	46	3	81	4	85
0	14	1	31	2	59	3	19	4	38
0	90	1	50	2	43	3	4	4	67
0	6	1	23	2	7	3	83	4	71
0	16	1	55	2	99	3	55	4	61
0	87	1	88	2	53	3	83	4	23
0	58	1	91	2	99	3	12	4	89
0	60	1	40	2	91	3	51	4	6
0	45	1	84	2	93	3	6	4	91
0	96	1	63	2	12	3	8	4	6
0	2	1	96	2	95	3	84	4	7
0	91	1	95	2	91	3	21	4	98
0	25	1	78	2	75	3	96	4	80
0	99	1	51	2	32	3	15	4	8
0	65	1	32	2	55	3	78	4	26
0	32	1	61	2	94	3	64	4	65
0	24	1	76	2	45	3	78	4	21
0	61	1	95	2	15	3	5	4	97
0	65	1	49	2	71	3	53	4	80
0	67	1	9	2	97	3	25	4	91
0	45	1	32	2	97	3	1	4	40
0	70	1	42	2	18	3	59	4	74
0	31	1	2	2	28	3	55	4	74
0	48	1	33	2	97	3	75	4	20
0	5	1	36	2	27	3	17	4	43
0	17	1	61	2	2	3	97	4	59
0	23	1	63	2	69	3	73	4	20
0	92	1	79	2	45	3	39	4	51
0	20	1	78	2	56	3	30	4	67
0	63	1	22	2	16	3	79	4	33
0	35	1	12	2	23	3	6	4	86
0	9	1	5	2	81	3	58	4	23
0	10	1	40	2	20	3	99	4	52
0	67	1	32	2	55	3	35	4	81
0	69	1	87	2	58	3	25	4	99
0	27	1	80	2	96	3	50	4	79
0	95	1	45	2	23	3	65	4	24
0	12	1	41	2	64	3	86	4	12
0	88	1	98	2	87	3	16	4	41
0	80	1	58	2	56	3	78	4	99
0	32	1	67	2	81	3	97	4	63
0	47	1	53	2	98	3	6	4	60
0	29	1	8	2	31	3	79	4	28
0	65	1	17	2	55	3	76	4	40
0	27	1	67	2	68	3	24	4	93
0	70	1	1	2	43	3	83	4	20
0	69	1	24	2	18	3	51	4	47
0	29	1	63	2	25	3	2	4	76
0	59	1	42	2	59	3	27	4	82
0	80	1	67	2	9	3	87	4	76
0	63	1	4	2	80	3	39	4	72
0	64	1	98	2	57	3	4	4	92
0	47	1	10	2	15	3	85	4	91
0	5	1	90	2	80	3	32	4	99
0	2	1	91	2	53	3	99	4	80
0	84	1	9	2	42	3	41	4	14
0	4	1	91	2	55	3	8	4	57
0	65	1	44	2	79	3	78	4	82
0	31	1	7	2	21	3	9	4	30
0	49	1	28	2	74	3	36	4	78
0	89	1	87	2	76	3	88	4	74
0	71	1	50	2	80	3	58	4	88
LBCmax: 1852
RELDUE
-1	1133	8	7
-1	1134	1	3
-1	984	7	6
-1	1261	8	2
-1	1258	9	9
-1	1131	3	5
-1	1129	1	2
-1	953	4	5
-1	1030	4	2
-1	1020	6	1
-1	1149	4	9
-1	966	5	2
-1	935	7	6
-1	1109	7	8
-1	1180	6	3
-1	1278	9	8
-1	1188	9	3
-1	1090	6	6
-1	1186	8	2
-1	1043	8	3
-1	1137	3	4
-1	1055	1	6
-1	950	7	7
-1	1159	3	4
-1	1014	1	8
-1	986	6	3
-1	983	5	9
-1	1171	7	9
-1	1048	2	8
-1	1244	6	1
-1	982	8	1
-1	1161	5	6
-1	1003	1	5
-1	1258	6	8
-1	1024	6	8
-1	1201	6	3
-1	1262	4	3
-1	1040	7	1
-1	997	9	9
-1	1200	4	9
-1	1275	4	3
-1	999	7	8
-1	1095	7	7
-1	963	4	9
-1	993	5	6
-1	1218	4	9
-1	1239	6	7
-1	1025	4	3
-1	1001	8	5
-1	1220	6	3
-1	927	2	5
-1	948	7	3
-1	965	2	4
-1	1024	8	2
-1	1041	3	7
-1	1004	1	3
-1	1110	4	6
-1	1122	7	5
-1	1172	3	7
-1	1197	8	4
-1	1073	1	6
-1	1254	4	1
-1	1202	4	7
-1	1082	6	7
-1	963	9	5
-1	1285	2	4
-1	1260	3	2
-1	973	8	9
-1	1010	5	5
-1	1276	6	3
-1	941	8	3
-1	1074	7	7
-1	1019	6	2
-1	1282	5	1
-1	1064	9	8
-1	1063	1	2
-1	1256	6	3
-1	1284	2	6
-1	1091	1	7
-1	1093	8	5
-1	1043	8	1
-1	1254	3	8
-1	1096	5	6
-1	1124	9	3
-1	1243	7	8
-1	960	9	7
-1	1122	2	6
-1	1276	5	8
-1	1142	8	6
-1	946	4	3
-1	1016	2	5
-1	1066	7	1
-1	1164	5	1
-1	1096	8	1
-1	1053	9	3
-1	946	8	8
-1	1094	7	2
-1	938	5	8
-1	1296	1	9
-1	1005	2	9
DDW
1099	1167
1066	1202
915	1053
1211	1311
1019	1497
1063	1199
1118	1140
943	963
865	1195
938	1102
988	1310
889	1043
870	1000
976	1242
1097	1263
1201	1355
1105	1271
1036	1144
1091	1281
949	1137
955	1319
844	1266
884	1016
1043	1275
821	1207
947	1025
973	993
937	1405
1017	1079
1057	1431
815	1149
929	1393
913	1093
1145	1371
1004	1044
985	1417
1212	1312
915	1165
967	1027
1152	1248
1250	1300
829	1169
1040	1150
847	1079
874	1112
1096	1340
1115	1363
994	1056
831	1171
1171	1269
834	1020
787	1109
859	1071
860	1188
999	1083
964	1044
888	1332
920	1324
1102	1242
1005	1389
1019	1127
1241	1267
986	1418
1060	1104
847	1079
1105	1465
1008	1512
788	1158
909	1111
1148	1404
922	960
902	1246
988	1050
1231	1333
979	1149
850	1276
1055	1457
1079	1489
895	1287
995	1191
887	1199
1016	1492
1052	1140
910	1338
1181	1305
950	970
1021	1223
1097	1455
1085	1199
766	1126
823	1209
991	1141
1083	1245
1008	1184
842	1264
937	955
886	1302
910	966
1037	1555
814	1196
