HFSDDW
200	25	5
0	93	1	91	2	47	3	27	4	96
0	93	1	95	2	17	3	72	4	30
0	6	1	28	2	85	3	14	4	98
0	27	1	18	2	24	3	72	4	99
0	48	1	94	2	1	3	57	4	95
0	73	1	67	2	81	3	49	4	64
0	39	1	16	2	45	3	37	4	21
0	63	1	96	2	46	3	68	4	78
0	11	1	78	2	46	3	95	4	42
0	38	1	43	2	15	3	64	4	28
0	52	1	63	2	17	3	75	4	91
0	98	1	90	2	89	3	31	4	23
0	27	1	15	2	67	3	8	4	90
0	90	1	82	2	48	3	93	4	35
0	31	1	71	2	56	3	94	4	88
0	69	1	49	2	6	3	16	4	58
0	31	1	52	2	17	3	21	4	13
0	75	1	98	2	69	3	46	4	22
0	72	1	7	2	16	3	45	4	52
0	96	1	12	2	38	3	5	4	51
0	55	1	95	2	22	3	29	4	97
0	80	1	7	2	23	3	86	4	23
0	50	1	84	2	74	3	72	4	92
0	74	1	97	2	46	3	95	4	15
0	91	1	13	2	3	3	71	4	62
0	25	1	56	2	11	3	42	4	92
0	57	1	12	2	2	3	64	4	4
0	35	1	31	2	88	3	24	4	32
0	68	1	76	2	83	3	23	4	72
0	87	1	32	2	43	3	53	4	78
0	98	1	65	2	42	3	89	4	59
0	42	1	93	2	51	3	66	4	73
0	25	1	96	2	81	3	94	4	65
0	39	1	83	2	11	3	69	4	57
0	44	1	10	2	23	3	64	4	47
0	16	1	30	2	79	3	98	4	74
0	92	1	14	2	58	3	64	4	93
0	92	1	69	2	12	3	5	4	62
0	42	1	79	2	22	3	50	4	7
0	72	1	94	2	88	3	58	4	34
0	5	1	22	2	73	3	96	4	34
0	89	1	42	2	78	3	43	4	43
0	12	1	15	2	52	3	91	4	81
0	12	1	39	2	18	3	1	4	72
0	69	1	72	2	6	3	8	4	15
0	64	1	88	2	73	3	57	4	74
0	22	1	42	2	21	3	65	4	70
0	71	1	40	2	61	3	30	4	5
0	50	1	91	2	68	3	61	4	50
0	28	1	27	2	30	3	69	4	95
0	34	1	77	2	87	3	85	4	64
0	32	1	16	2	66	3	81	4	70
0	2	1	69	2	21	3	69	4	22
0	70	1	93	2	87	3	21	4	10
0	72	1	77	2	88	3	96	4	23
0	77	1	4	2	44	3	57	4	87
0	37	1	58	2	4	3	62	4	40
0	44	1	54	2	36	3	1	4	39
0	55	1	73	2	79	3	59	4	4
0	80	1	71	2	99	3	40	4	80
0	35	1	40	2	9	3	59	4	23
0	57	1	89	2	91	3	63	4	86
0	28	1	71	2	9	3	94	4	33
0	43	1	66	2	58	3	29	4	78
0	16	1	57	2	86	3	82	4	55
0	98	1	97	2	29	3	93	4	42
0	7	1	5	2	5	3	77	4	53
0	97	1	49	2	44	3	40	4	83
0	54	1	63	2	72	3	14	4	11
0	84	1	65	2	85	3	26	4	60
0	15	1	13	2	70	3	61	4	64
0	77	1	53	2	27	3	5	4	24
0	59	1	61	2	97	3	22	4	80
0	24	1	66	2	32	3	41	4	36
0	94	1	22	2	19	3	46	4	24
0	53	1	85	2	72	3	71	4	71
0	34	1	13	2	3	3	33	4	27
0	93	1	35	2	43	3	14	4	75
0	44	1	23	2	40	3	16	4	24
0	93	1	65	2	51	3	34	4	87
0	18	1	33	2	44	3	90	4	66
0	93	1	94	2	24	3	38	4	11
0	92	1	80	2	55	3	34	4	90
0	47	1	59	2	64	3	94	4	86
0	88	1	24	2	19	3	65	4	92
0	71	1	82	2	4	3	22	4	30
0	88	1	34	2	39	3	84	4	54
0	1	1	68	2	12	3	67	4	33
0	99	1	11	2	5	3	3	4	83
0	63	1	68	2	6	3	25	4	77
0	35	1	1	2	56	3	48	4	98
0	93	1	15	2	78	3	98	4	94
0	12	1	90	2	3	3	9	4	22
0	58	1	42	2	70	3	80	4	89
0	79	1	47	2	97	3	61	4	86
0	78	1	19	2	16	3	82	4	29
0	4	1	76	2	78	3	44	4	94
0	88	1	77	2	91	3	85	4	60
0	85	1	89	2	14	3	73	4	22
0	9	1	9	2	96	3	81	4	25
0	22	1	97	2	26	3	36	4	98
0	88	1	3	2	95	3	61	4	21
0	75	1	99	2	96	3	70	4	91
0	35	1	13	2	58	3	14	4	33
0	81	1	51	2	85	3	21	4	4
0	89	1	33	2	24	3	40	4	77
0	69	1	22	2	35	3	57	4	7
0	7	1	51	2	43	3	46	4	7
0	86	1	82	2	30	3	64	4	84
0	86	1	93	2	44	3	82	4	86
0	96	1	50	2	83	3	48	4	44
0	71	1	13	2	5	3	32	4	9
0	55	1	78	2	55	3	83	4	51
0	54	1	64	2	40	3	63	4	84
0	84	1	70	2	12	3	8	4	47
0	99	1	21	2	21	3	36	4	17
0	96	1	89	2	42	3	53	4	81
0	19	1	39	2	87	3	13	4	36
0	94	1	46	2	11	3	37	4	51
0	8	1	27	2	46	3	13	4	31
0	23	1	53	2	81	3	97	4	3
0	27	1	39	2	76	3	1	4	45
0	50	1	91	2	69	3	15	4	13
0	66	1	37	2	3	3	3	4	33
0	15	1	77	2	27	3	27	4	90
0	38	1	59	2	75	3	56	4	40
0	72	1	74	2	8	3	5	4	94
0	43	1	9	2	45	3	50	4	54
0	80	1	62	2	86	3	68	4	86
0	3	1	77	2	95	3	25	4	84
0	71	1	25	2	43	3	80	4	16
0	45	1	27	2	54	3	7	4	65
0	67	1	63	2	20	3	61	4	73
0	75	1	83	2	64	3	20	4	69
0	58	1	91	2	52	3	48	4	52
0	52	1	91	2	59	3	41	4	88
0	61	1	63	2	51	3	72	4	69
0	47	1	31	2	27	3	88	4	50
0	17	1	54	2	38	3	85	4	87
0	18	1	43	2	25	3	94	4	11
0	19	1	13	2	76	3	55	4	26
0	79	1	73	2	95	3	29	4	63
0	53	1	68	2	14	3	19	4	4
0	4	1	13	2	48	3	92	4	26
0	45	1	56	2	75	3	70	4	53
0	5	1	53	2	66	3	61	4	35
0	10	1	66	2	64	3	31	4	69
0	48	1	87	2	96	3	46	4	89
0	74	1	36	2	98	3	25	4	96
0	49	1	41	2	20	3	81	4	83
0	5	1	95	2	33	3	69	4	66
0	62	1	37	2	6	3	2	4	22
0	26	1	7	2	34	3	94	4	54
0	87	1	4	2	82	3	49	4	55
0	17	1	17	2	2	3	3	4	51
0	9	1	58	2	50	3	73	4	5
0	63	1	33	2	84	3	78	4	30
0	15	1	33	2	94	3	65	4	8
0	12	1	82	2	94	3	24	4	64
0	68	1	3	2	4	3	71	4	10
0	45	1	58	2	71	3	27	4	67
0	88	1	93	2	31	3	18	4	57
0	4	1	86	2	32	3	97	4	58
0	92	1	22	2	56	3	65	4	40
0	54	1	9	2	18	3	42	4	44
0	35	1	22	2	78	3	39	4	83
0	6	1	54	2	79	3	64	4	60
0	5	1	62	2	58	3	11	4	41
0	22	1	3	2	77	3	8	4	4
0	25	1	50	2	97	3	65	4	71
0	47	1	46	2	39	3	32	4	55
0	36	1	41	2	30	3	82	4	33
0	66	1	15	2	92	3	35	4	51
0	50	1	7	2	68	3	38	4	54
0	31	1	63	2	45	3	24	4	19
0	52	1	32	2	10	3	38	4	19
0	84	1	25	2	13	3	67	4	36
0	59	1	15	2	48	3	10	4	24
0	64	1	32	2	76	3	78	4	75
0	7	1	10	2	42	3	56	4	53
0	18	1	81	2	60	3	12	4	41
0	84	1	2	2	16	3	13	4	3
0	4	1	32	2	91	3	64	4	48
0	41	1	3	2	25	3	98	4	92
0	35	1	59	2	58	3	14	4	90
0	98	1	86	2	67	3	48	4	13
0	43	1	90	2	54	3	84	4	1
0	4	1	65	2	2	3	27	4	52
0	58	1	98	2	35	3	8	4	21
0	33	1	41	2	13	3	31	4	34
0	4	1	84	2	43	3	64	4	19
0	59	1	24	2	46	3	22	4	42
0	97	1	35	2	68	3	1	4	59
0	13	1	77	2	7	3	63	4	45
0	76	1	1	2	98	3	46	4	34
0	36	1	24	2	51	3	93	4	58
0	58	1	74	2	37	3	15	4	9
0	58	1	47	2	89	3	66	4	42
0	79	1	20	2	79	3	84	4	55
0	24	1	31	2	34	3	48	4	8
LBCmax: 2132
RELDUE
-1	953	1	3
-1	503	3	2
-1	834	2	5
-1	1615	7	7
-1	1021	5	6
-1	0	5	7
-1	1620	1	8
-1	1851	3	2
-1	436	4	7
-1	1540	1	8
-1	528	6	9
-1	1330	7	5
-1	908	1	1
-1	1150	3	4
-1	1581	8	9
-1	267	9	3
-1	1877	4	7
-1	925	3	9
-1	1763	3	7
-1	0	9	4
-1	1189	1	2
-1	1667	4	2
-1	655	4	4
-1	247	2	8
-1	1176	6	3
-1	994	6	3
-1	241	5	8
-1	76	9	2
-1	1728	5	7
-1	0	1	2
-1	0	3	4
-1	1709	8	6
-1	0	7	3
-1	1623	4	3
-1	0	5	4
-1	305	8	6
-1	329	7	7
-1	868	8	4
-1	991	6	5
-1	0	2	7
-1	1334	8	5
-1	865	7	5
-1	1046	3	6
-1	1579	7	6
-1	0	8	1
-1	0	4	5
-1	1211	6	7
-1	122	1	7
-1	0	3	8
-1	486	5	1
-1	336	1	8
-1	1443	3	3
-1	671	5	1
-1	778	5	8
-1	672	9	5
-1	1205	6	9
-1	1768	6	4
-1	373	3	7
-1	226	6	3
-1	0	3	1
-1	1530	6	7
-1	1330	5	5
-1	0	9	3
-1	223	1	9
-1	1430	6	2
-1	739	2	8
-1	1254	9	1
-1	1205	7	1
-1	1087	3	5
-1	1062	1	3
-1	1857	1	9
-1	796	6	3
-1	1853	5	4
-1	1654	9	3
-1	396	5	3
-1	111	1	9
-1	408	5	5
-1	995	5	3
-1	101	3	8
-1	1022	4	2
-1	1703	1	5
-1	0	3	8
-1	61	4	8
-1	1029	9	6
-1	1583	6	3
-1	373	5	2
-1	825	3	1
-1	1004	9	6
-1	737	1	3
-1	564	9	6
-1	457	4	7
-1	1875	5	3
-1	428	1	2
-1	964	3	5
-1	285	5	4
-1	0	7	4
-1	742	1	9
-1	609	3	5
-1	0	7	8
-1	1113	8	7
-1	606	4	4
-1	0	6	3
-1	954	7	9
-1	659	7	5
-1	548	5	8
-1	1460	3	1
-1	1509	9	8
-1	936	7	3
-1	169	1	9
-1	348	8	3
-1	584	5	5
-1	559	1	3
-1	59	5	2
-1	1124	1	4
-1	31	7	4
-1	1411	9	3
-1	1056	4	2
-1	800	2	1
-1	560	1	3
-1	843	5	1
-1	1834	5	8
-1	36	9	6
-1	254	2	6
-1	310	5	3
-1	392	2	9
-1	1902	5	7
-1	155	1	6
-1	675	3	9
-1	1155	3	4
-1	392	7	6
-1	1289	9	3
-1	1718	7	2
-1	846	9	9
-1	908	7	7
-1	202	6	6
-1	1696	2	8
-1	871	5	7
-1	1322	8	6
-1	268	5	4
-1	0	1	9
-1	783	6	7
-1	1808	2	8
-1	622	9	2
-1	176	3	7
-1	1899	9	3
-1	1817	7	7
-1	1603	5	8
-1	1223	2	2
-1	720	2	8
-1	793	7	2
-1	654	9	8
-1	1861	7	5
-1	0	7	7
-1	1012	3	3
-1	1198	8	6
-1	357	5	9
-1	1459	3	8
-1	431	1	3
-1	53	1	8
-1	565	2	8
-1	1091	7	9
-1	621	8	4
-1	1700	8	5
-1	1696	3	6
-1	979	6	6
-1	785	4	6
-1	1633	7	8
-1	1070	9	8
-1	709	9	6
-1	254	1	2
-1	326	9	9
-1	1653	9	3
-1	319	8	8
-1	437	4	7
-1	0	8	8
-1	0	1	3
-1	1333	7	8
-1	0	5	9
-1	330	1	4
-1	494	7	3
-1	85	5	6
-1	851	7	2
-1	1875	3	8
-1	149	3	4
-1	1658	8	3
-1	1347	3	4
-1	1669	8	1
-1	1753	9	8
-1	1629	1	5
-1	1764	6	1
-1	24	1	5
-1	227	8	7
-1	1055	6	2
-1	1622	9	8
-1	738	4	1
-1	0	7	6
-1	0	9	7
-1	846	7	3
-1	1117	2	8
-1	900	1	9
DDW
896	1010
453	553
759	909
1518	1712
960	1082
0	0
1539	1701
1721	1981
392	480
1432	1648
480	576
1264	1396
835	981
1081	1219
1534	1628
240	294
1727	2027
916	934
1657	1869
0	0
1070	1308
1584	1750
648	662
227	267
1105	1247
924	1064
229	253
74	78
1659	1797
0	0
0	0
1658	1760
0	0
1509	1737
0	0
299	311
306	352
833	903
981	1001
0	0
1241	1427
839	891
952	1140
1468	1690
0	0
0	0
1102	1320
117	127
0	0
447	525
316	356
1429	1457
651	691
700	856
605	739
1193	1217
1591	1945
366	380
224	228
0	0
1499	1561
1290	1370
0	0
214	232
1416	1444
687	791
1129	1379
1193	1217
1076	1098
1051	1073
1783	1931
764	828
1834	1872
1555	1753
376	416
103	119
379	437
955	1035
95	107
991	1053
1567	1839
0	0
57	65
957	1101
1567	1599
347	399
742	908
934	1074
685	789
530	598
443	471
1781	1969
411	445
945	983
259	311
0	0
735	749
579	639
0	0
1046	1180
582	630
0	0
916	992
626	692
521	575
1416	1504
1494	1524
861	1011
161	177
334	362
555	613
525	593
55	63
1023	1225
30	32
1383	1439
982	1130
744	856
538	582
801	885
1706	1962
35	37
244	264
291	329
357	427
1731	2073
153	157
614	736
1074	1236
388	396
1199	1379
1684	1752
778	914
817	999
184	220
1526	1866
810	932
1296	1348
260	276
0	0
736	830
1754	1862
610	634
169	183
1861	1937
1672	1962
1459	1747
1150	1296
648	792
730	856
602	706
1787	1935
0	0
982	1042
1078	1318
321	393
1386	1532
392	470
50	56
531	599
1069	1113
609	633
1683	1717
1611	1781
901	1057
761	809
1502	1764
995	1145
638	780
246	262
310	342
1570	1736
303	335
411	463
0	0
0	0
1293	1373
0	0
314	346
484	504
76	94
800	902
1688	2062
134	164
1592	1724
1307	1387
1652	1686
1648	1858
1466	1792
1588	1940
23	25
207	247
981	1129
1508	1736
686	790
0	0
0	0
787	905
1050	1184
819	981
