HFSDDW
50	15	5
0	7	1	76	2	64	3	80	4	31
0	28	1	90	2	72	3	6	4	18
0	81	1	47	2	29	3	1	4	52
0	81	1	31	2	50	3	28	4	18
0	65	1	74	2	7	3	36	4	70
0	14	1	18	2	8	3	89	4	87
0	10	1	8	2	58	3	59	4	27
0	13	1	40	2	44	3	19	4	49
0	84	1	35	2	47	3	83	4	17
0	72	1	43	2	12	3	76	4	7
0	22	1	94	2	21	3	83	4	3
0	32	1	70	2	29	3	11	4	18
0	10	1	83	2	83	3	19	4	8
0	74	1	88	2	70	3	73	4	40
0	41	1	86	2	32	3	78	4	34
0	31	1	28	2	24	3	19	4	97
0	70	1	7	2	31	3	82	4	65
0	16	1	87	2	75	3	56	4	95
0	43	1	12	2	34	3	1	4	39
0	1	1	51	2	28	3	76	4	43
0	83	1	72	2	39	3	36	4	66
0	36	1	62	2	42	3	49	4	71
0	5	1	46	2	10	3	13	4	47
0	4	1	52	2	1	3	53	4	91
0	86	1	14	2	14	3	78	4	97
0	30	1	52	2	31	3	40	4	33
0	80	1	99	2	48	3	75	4	14
0	97	1	68	2	94	3	17	4	30
0	53	1	46	2	26	3	84	4	91
0	96	1	2	2	21	3	53	4	36
0	49	1	50	2	74	3	84	4	56
0	70	1	59	2	61	3	39	4	36
0	83	1	32	2	2	3	17	4	91
0	5	1	98	2	34	3	98	4	49
0	36	1	57	2	84	3	24	4	39
0	41	1	88	2	29	3	86	4	1
0	28	1	31	2	77	3	5	4	84
0	30	1	25	2	64	3	20	4	44
0	39	1	8	2	55	3	80	4	47
0	22	1	44	2	10	3	93	4	86
0	98	1	67	2	23	3	5	4	99
0	91	1	66	2	51	3	46	4	15
0	82	1	30	2	74	3	39	4	9
0	52	1	54	2	97	3	33	4	62
0	79	1	35	2	15	3	55	4	11
0	29	1	2	2	5	3	77	4	17
0	97	1	78	2	36	3	99	4	3
0	60	1	9	2	73	3	5	4	92
0	64	1	74	2	18	3	5	4	62
0	10	1	33	2	17	3	71	4	94
LBCmax: 915
RELDUE
-1	580	2	6
-1	541	8	3
-1	597	5	8
-1	513	5	4
-1	470	3	1
-1	573	5	4
-1	554	7	9
-1	581	7	1
-1	630	3	9
-1	588	8	6
-1	621	1	8
-1	569	8	9
-1	592	4	1
-1	510	1	6
-1	488	4	9
-1	463	1	3
-1	628	3	4
-1	593	8	4
-1	524	1	1
-1	546	3	6
-1	537	9	6
-1	606	7	9
-1	628	9	6
-1	530	6	8
-1	637	6	9
-1	466	7	1
-1	487	1	2
-1	476	6	3
-1	627	7	8
-1	458	8	5
-1	632	8	9
-1	613	9	4
-1	517	9	2
-1	609	2	4
-1	547	1	4
-1	552	9	2
-1	461	6	2
-1	466	6	4
-1	627	2	9
-1	529	1	7
-1	469	4	2
-1	531	1	4
-1	602	2	9
-1	517	2	1
-1	462	7	6
-1	461	6	2
-1	457	3	8
-1	621	8	1
-1	617	6	4
-1	564	9	7
DDW
522	638
514	568
501	693
492	534
376	564
504	642
499	609
471	691
561	699
559	617
602	640
467	671
497	687
505	515
473	503
398	528
515	741
516	670
503	545
541	551
532	542
582	630
540	716
472	588
529	745
391	541
399	575
400	552
577	677
403	513
544	720
515	711
414	620
566	652
509	585
535	569
420	502
382	550
577	677
460	598
422	516
504	558
542	662
460	574
420	504
392	530
416	498
584	658
524	710
547	581
