HFSDDW
100	50	10
0	96	1	95	2	25	3	6	4	94	5	84	6	28	7	36	8	78	9	47
0	93	1	25	2	77	3	25	4	27	5	87	6	61	7	59	8	65	9	48
0	68	1	97	2	93	3	11	4	72	5	65	6	61	7	43	8	27	9	18
0	60	1	65	2	91	3	66	4	52	5	85	6	52	7	29	8	37	9	91
0	93	1	88	2	71	3	22	4	22	5	75	6	67	7	10	8	94	9	85
0	87	1	49	2	27	3	86	4	46	5	98	6	2	7	15	8	33	9	30
0	24	1	85	2	10	3	61	4	86	5	29	6	34	7	12	8	72	9	42
0	35	1	33	2	23	3	74	4	54	5	80	6	27	7	71	8	89	9	96
0	97	1	51	2	48	3	41	4	30	5	12	6	39	7	6	8	20	9	53
0	83	1	38	2	95	3	7	4	68	5	9	6	79	7	10	8	35	9	93
0	42	1	55	2	38	3	53	4	51	5	55	6	27	7	52	8	32	9	66
0	72	1	31	2	25	3	37	4	32	5	72	6	37	7	68	8	31	9	75
0	89	1	28	2	91	3	19	4	59	5	96	6	37	7	16	8	6	9	46
0	1	1	18	2	36	3	96	4	54	5	43	6	14	7	95	8	90	9	74
0	85	1	87	2	74	3	54	4	81	5	53	6	13	7	59	8	74	9	96
0	71	1	11	2	78	3	60	4	4	5	14	6	64	7	20	8	93	9	54
0	19	1	11	2	46	3	85	4	65	5	55	6	94	7	29	8	82	9	89
0	59	1	42	2	78	3	56	4	90	5	3	6	54	7	38	8	37	9	7
0	84	1	78	2	42	3	10	4	75	5	89	6	39	7	76	8	92	9	40
0	79	1	93	2	2	3	37	4	56	5	75	6	41	7	88	8	88	9	27
0	58	1	83	2	76	3	85	4	38	5	29	6	33	7	22	8	70	9	2
0	60	1	26	2	83	3	87	4	69	5	40	6	68	7	37	8	10	9	75
0	16	1	19	2	37	3	42	4	11	5	65	6	40	7	41	8	1	9	16
0	61	1	65	2	49	3	10	4	48	5	1	6	2	7	56	8	72	9	46
0	57	1	17	2	6	3	90	4	80	5	53	6	11	7	15	8	67	9	17
0	7	1	5	2	79	3	14	4	12	5	40	6	47	7	34	8	74	9	72
0	89	1	91	2	22	3	55	4	40	5	94	6	77	7	73	8	39	9	68
0	38	1	13	2	64	3	63	4	19	5	99	6	13	7	47	8	62	9	58
0	54	1	26	2	74	3	84	4	10	5	57	6	86	7	36	8	98	9	9
0	54	1	68	2	82	3	99	4	57	5	65	6	94	7	51	8	50	9	85
0	75	1	37	2	75	3	98	4	78	5	94	6	40	7	16	8	94	9	12
0	27	1	1	2	72	3	17	4	18	5	64	6	18	7	38	8	46	9	83
0	9	1	41	2	74	3	31	4	15	5	70	6	30	7	65	8	7	9	54
0	5	1	62	2	96	3	76	4	82	5	18	6	50	7	75	8	6	9	15
0	18	1	71	2	41	3	87	4	81	5	54	6	96	7	65	8	81	9	93
0	47	1	56	2	5	3	67	4	77	5	35	6	63	7	45	8	84	9	8
0	64	1	74	2	10	3	41	4	7	5	65	6	4	7	95	8	35	9	1
0	14	1	43	2	32	3	31	4	65	5	38	6	99	7	87	8	50	9	60
0	74	1	65	2	84	3	13	4	7	5	49	6	58	7	30	8	99	9	48
0	54	1	6	2	90	3	98	4	51	5	43	6	62	7	1	8	80	9	17
0	51	1	1	2	31	3	80	4	79	5	5	6	25	7	74	8	2	9	39
0	35	1	75	2	94	3	24	4	34	5	98	6	90	7	96	8	34	9	58
0	7	1	74	2	95	3	87	4	46	5	9	6	52	7	34	8	79	9	23
0	75	1	99	2	8	3	34	4	10	5	73	6	35	7	4	8	33	9	3
0	24	1	83	2	28	3	60	4	14	5	79	6	11	7	67	8	65	9	53
0	53	1	65	2	66	3	22	4	10	5	77	6	6	7	44	8	34	9	71
0	52	1	90	2	94	3	79	4	64	5	35	6	67	7	61	8	15	9	60
0	64	1	87	2	63	3	32	4	34	5	24	6	46	7	35	8	73	9	67
0	97	1	85	2	69	3	27	4	70	5	11	6	33	7	85	8	24	9	33
0	68	1	90	2	69	3	62	4	50	5	34	6	89	7	49	8	96	9	78
0	13	1	50	2	53	3	6	4	88	5	65	6	3	7	35	8	88	9	86
0	32	1	70	2	70	3	67	4	73	5	67	6	22	7	68	8	10	9	54
0	2	1	82	2	37	3	81	4	91	5	73	6	18	7	1	8	81	9	1
0	35	1	96	2	38	3	95	4	55	5	48	6	32	7	63	8	38	9	5
0	8	1	98	2	97	3	38	4	2	5	97	6	21	7	3	8	89	9	83
0	12	1	21	2	39	3	43	4	76	5	30	6	13	7	71	8	14	9	16
0	48	1	2	2	53	3	88	4	52	5	35	6	33	7	74	8	13	9	25
0	35	1	58	2	31	3	6	4	46	5	3	6	84	7	99	8	80	9	93
0	52	1	16	2	12	3	98	4	88	5	14	6	57	7	94	8	19	9	25
0	36	1	61	2	50	3	23	4	57	5	7	6	45	7	10	8	86	9	66
0	65	1	46	2	89	3	64	4	48	5	53	6	90	7	34	8	97	9	74
0	45	1	14	2	90	3	20	4	63	5	32	6	89	7	55	8	99	9	38
0	77	1	38	2	56	3	88	4	89	5	74	6	9	7	8	8	49	9	39
0	57	1	75	2	13	3	14	4	29	5	6	6	26	7	48	8	51	9	35
0	24	1	24	2	97	3	45	4	79	5	23	6	70	7	31	8	59	9	25
0	17	1	90	2	10	3	48	4	89	5	28	6	90	7	2	8	74	9	74
0	45	1	82	2	85	3	58	4	17	5	69	6	1	7	77	8	91	9	57
0	7	1	41	2	5	3	64	4	15	5	54	6	40	7	12	8	9	9	67
0	4	1	77	2	49	3	25	4	23	5	67	6	66	7	65	8	25	9	1
0	16	1	24	2	74	3	77	4	89	5	41	6	38	7	39	8	29	9	10
0	22	1	93	2	40	3	3	4	18	5	76	6	86	7	45	8	34	9	35
0	87	1	79	2	92	3	8	4	70	5	68	6	34	7	61	8	36	9	49
0	4	1	36	2	53	3	90	4	42	5	82	6	67	7	27	8	75	9	74
0	17	1	1	2	82	3	99	4	45	5	11	6	38	7	47	8	7	9	46
0	80	1	21	2	31	3	89	4	14	5	37	6	31	7	66	8	7	9	22
0	8	1	76	2	4	3	79	4	6	5	86	6	40	7	50	8	60	9	35
0	9	1	59	2	70	3	60	4	19	5	86	6	96	7	93	8	62	9	59
0	30	1	87	2	55	3	89	4	69	5	83	6	5	7	63	8	76	9	6
0	51	1	1	2	21	3	53	4	67	5	40	6	97	7	4	8	93	9	59
0	70	1	88	2	86	3	71	4	37	5	21	6	50	7	71	8	70	9	27
0	40	1	38	2	4	3	47	4	92	5	20	6	22	7	14	8	10	9	23
0	81	1	76	2	73	3	55	4	84	5	9	6	39	7	18	8	92	9	79
0	89	1	93	2	1	3	4	4	88	5	41	6	1	7	83	8	52	9	49
0	33	1	33	2	93	3	50	4	65	5	14	6	96	7	73	8	61	9	47
0	18	1	83	2	93	3	71	4	77	5	93	6	16	7	31	8	87	9	29
0	82	1	33	2	78	3	91	4	38	5	47	6	38	7	1	8	58	9	51
0	19	1	39	2	61	3	61	4	89	5	49	6	83	7	23	8	90	9	70
0	12	1	66	2	56	3	46	4	61	5	6	6	99	7	29	8	27	9	95
0	26	1	70	2	95	3	23	4	67	5	99	6	54	7	2	8	13	9	18
0	76	1	96	2	15	3	10	4	28	5	78	6	22	7	32	8	81	9	28
0	11	1	92	2	40	3	18	4	18	5	16	6	76	7	33	8	30	9	32
0	47	1	9	2	73	3	63	4	25	5	49	6	43	7	38	8	94	9	90
0	94	1	82	2	11	3	72	4	94	5	15	6	51	7	47	8	18	9	82
0	83	1	67	2	48	3	98	4	85	5	33	6	30	7	78	8	6	9	51
0	24	1	22	2	72	3	80	4	70	5	68	6	24	7	51	8	85	9	79
0	36	1	83	2	38	3	91	4	34	5	29	6	82	7	68	8	24	9	3
0	65	1	30	2	15	3	47	4	48	5	80	6	60	7	74	8	78	9	91
0	19	1	65	2	33	3	44	4	66	5	72	6	10	7	30	8	2	9	26
0	91	1	99	2	62	3	39	4	47	5	99	6	30	7	57	8	65	9	57
0	51	1	62	2	55	3	3	4	85	5	93	6	8	7	25	8	33	9	90
LBCmax: 1350
RELDUE
-1	509	4	4
-1	1067	8	3
-1	1388	8	3
-1	1662	4	1
-1	1218	8	3
-1	1358	4	4
-1	1094	7	1
-1	1671	4	1
-1	735	8	9
-1	1235	1	6
-1	651	7	4
-1	1111	8	6
-1	1301	6	6
-1	1719	8	2
-1	555	1	7
-1	1285	2	8
-1	1323	9	8
-1	1424	9	2
-1	406	7	2
-1	1061	5	2
-1	1085	9	6
-1	442	3	5
-1	528	8	7
-1	700	1	1
-1	952	4	1
-1	1177	5	1
-1	542	7	4
-1	811	4	1
-1	1191	6	2
-1	1389	6	2
-1	1281	4	2
-1	1560	9	2
-1	1719	2	5
-1	555	4	9
-1	653	2	2
-1	980	4	7
-1	770	4	8
-1	1332	6	2
-1	1469	2	4
-1	1439	8	9
-1	1062	5	8
-1	890	8	9
-1	848	3	2
-1	454	2	5
-1	922	4	9
-1	1741	6	6
-1	1694	6	4
-1	1182	8	8
-1	1641	6	2
-1	682	3	3
-1	751	3	2
-1	837	9	2
-1	735	7	8
-1	1537	6	9
-1	948	7	3
-1	472	9	2
-1	943	3	6
-1	1092	7	6
-1	1115	3	9
-1	445	8	1
-1	1220	4	8
-1	688	5	2
-1	884	5	7
-1	1101	1	1
-1	1709	1	8
-1	847	5	9
-1	1147	1	5
-1	1150	6	4
-1	1470	8	7
-1	1331	3	5
-1	919	5	2
-1	1747	8	2
-1	1710	1	5
-1	722	4	9
-1	1755	7	2
-1	599	5	7
-1	1350	4	3
-1	479	9	5
-1	1534	7	7
-1	966	6	1
-1	1239	7	5
-1	1115	8	9
-1	925	7	9
-1	914	1	7
-1	1043	9	4
-1	849	8	6
-1	1230	7	4
-1	587	5	2
-1	1363	1	3
-1	586	2	1
-1	441	4	1
-1	1434	4	9
-1	622	3	7
-1	1429	6	7
-1	624	6	2
-1	779	6	2
-1	411	1	3
-1	1503	8	9
-1	500	3	8
-1	480	4	1
DDW
489	529
992	1142
1374	1402
1596	1728
1169	1267
1222	1494
1083	1105
1504	1838
669	801
1124	1346
618	684
1044	1178
1223	1379
1616	1822
516	594
1195	1375
1297	1349
1282	1566
378	434
1050	1072
1042	1128
424	460
517	539
637	763
876	1028
1095	1259
515	569
770	852
1120	1262
1320	1458
1166	1396
1529	1591
1581	1857
549	561
607	699
902	1058
762	778
1319	1345
1381	1557
1381	1497
977	1147
828	952
772	924
418	490
857	987
1724	1758
1592	1796
1111	1253
1543	1739
668	696
683	819
804	870
720	750
1476	1598
872	1024
467	477
896	990
1059	1125
1048	1182
409	481
1147	1293
647	729
840	928
1057	1145
1538	1880
822	872
1055	1239
1081	1219
1338	1602
1211	1451
864	974
1730	1764
1642	1778
693	751
1685	1825
551	647
1282	1418
460	498
1503	1565
898	1034
1214	1264
1004	1226
842	1008
877	951
970	1116
798	900
1218	1242
558	616
1308	1418
545	627
428	454
1319	1549
585	659
1300	1558
574	674
763	795
399	423
1413	1593
455	545
461	499
