HFSDDW
150	15	5
0	84	1	29	2	20	3	39	4	96
0	60	1	67	2	22	3	17	4	46
0	83	1	76	2	64	3	52	4	69
0	67	1	18	2	61	3	91	4	52
0	65	1	5	2	1	3	18	4	44
0	34	1	79	2	32	3	18	4	74
0	95	1	9	2	26	3	87	4	65
0	55	1	84	2	20	3	21	4	16
0	2	1	76	2	51	3	90	4	12
0	72	1	97	2	59	3	11	4	80
0	47	1	23	2	15	3	24	4	91
0	80	1	29	2	2	3	94	4	63
0	80	1	35	2	4	3	43	4	50
0	74	1	50	2	76	3	86	4	15
0	83	1	98	2	41	3	76	4	51
0	89	1	53	2	10	3	7	4	71
0	36	1	21	2	21	3	37	4	27
0	72	1	93	2	3	3	96	4	85
0	27	1	83	2	25	3	57	4	35
0	66	1	72	2	8	3	41	4	37
0	23	1	21	2	73	3	96	4	97
0	48	1	82	2	39	3	73	4	3
0	27	1	19	2	94	3	24	4	28
0	60	1	14	2	66	3	16	4	78
0	80	1	48	2	80	3	1	4	88
0	1	1	74	2	83	3	41	4	84
0	17	1	46	2	69	3	69	4	49
0	15	1	47	2	25	3	40	4	79
0	90	1	55	2	29	3	94	4	58
0	8	1	88	2	2	3	30	4	75
0	53	1	6	2	91	3	62	4	57
0	75	1	41	2	72	3	8	4	96
0	74	1	99	2	98	3	89	4	85
0	81	1	49	2	25	3	75	4	13
0	13	1	88	2	27	3	37	4	87
0	26	1	20	2	85	3	43	4	80
0	13	1	73	2	53	3	65	4	31
0	11	1	54	2	7	3	13	4	73
0	74	1	74	2	17	3	43	4	5
0	90	1	56	2	39	3	9	4	76
0	59	1	63	2	26	3	17	4	63
0	64	1	79	2	55	3	75	4	31
0	56	1	55	2	29	3	27	4	84
0	2	1	46	2	33	3	58	4	74
0	28	1	42	2	13	3	2	4	39
0	38	1	71	2	83	3	32	4	97
0	69	1	80	2	77	3	67	4	22
0	49	1	47	2	37	3	3	4	66
0	31	1	99	2	32	3	81	4	18
0	19	1	46	2	89	3	58	4	4
0	45	1	23	2	80	3	34	4	49
0	17	1	51	2	25	3	77	4	25
0	92	1	96	2	23	3	77	4	61
0	75	1	78	2	62	3	6	4	36
0	55	1	10	2	31	3	91	4	44
0	28	1	10	2	31	3	83	4	21
0	92	1	81	2	25	3	29	4	53
0	46	1	99	2	43	3	18	4	5
0	98	1	23	2	59	3	77	4	74
0	35	1	76	2	54	3	20	4	42
0	41	1	83	2	84	3	23	4	48
0	35	1	92	2	89	3	90	4	21
0	8	1	20	2	41	3	57	4	33
0	11	1	71	2	93	3	25	4	16
0	76	1	36	2	45	3	1	4	37
0	32	1	51	2	54	3	18	4	9
0	52	1	55	2	11	3	42	4	79
0	10	1	97	2	3	3	80	4	18
0	54	1	11	2	52	3	96	4	97
0	78	1	81	2	2	3	44	4	63
0	64	1	82	2	30	3	5	4	65
0	6	1	38	2	83	3	85	4	16
0	84	1	38	2	71	3	82	4	69
0	52	1	10	2	98	3	78	4	24
0	14	1	68	2	14	3	8	4	61
0	66	1	83	2	48	3	4	4	59
0	51	1	49	2	11	3	55	4	44
0	69	1	26	2	6	3	76	4	74
0	71	1	14	2	18	3	64	4	33
0	17	1	39	2	70	3	28	4	46
0	69	1	83	2	24	3	21	4	49
0	95	1	69	2	22	3	44	4	99
0	22	1	90	2	80	3	27	4	65
0	35	1	28	2	16	3	38	4	99
0	26	1	4	2	23	3	4	4	53
0	99	1	51	2	49	3	75	4	44
0	27	1	14	2	21	3	57	4	89
0	67	1	26	2	89	3	7	4	49
0	1	1	5	2	62	3	77	4	53
0	80	1	33	2	90	3	98	4	97
0	89	1	24	2	32	3	28	4	20
0	66	1	60	2	21	3	67	4	49
0	45	1	20	2	47	3	99	4	72
0	8	1	70	2	24	3	38	4	98
0	10	1	38	2	10	3	89	4	98
0	22	1	42	2	46	3	50	4	72
0	67	1	60	2	50	3	77	4	55
0	4	1	82	2	92	3	37	4	23
0	8	1	6	2	22	3	57	4	4
0	80	1	57	2	62	3	5	4	46
0	11	1	10	2	53	3	1	4	88
0	51	1	14	2	43	3	29	4	98
0	24	1	15	2	70	3	95	4	82
0	84	1	69	2	69	3	45	4	69
0	26	1	78	2	86	3	15	4	90
0	4	1	16	2	53	3	85	4	19
0	64	1	80	2	41	3	5	4	62
0	57	1	8	2	50	3	88	4	4
0	89	1	40	2	63	3	39	4	98
0	92	1	36	2	27	3	74	4	20
0	11	1	87	2	17	3	36	4	20
0	33	1	24	2	39	3	10	4	85
0	35	1	61	2	57	3	11	4	34
0	44	1	73	2	65	3	34	4	26
0	77	1	20	2	81	3	41	4	79
0	86	1	15	2	48	3	16	4	98
0	68	1	89	2	78	3	66	4	8
0	76	1	63	2	6	3	84	4	30
0	33	1	68	2	40	3	4	4	69
0	29	1	82	2	52	3	5	4	55
0	19	1	70	2	93	3	49	4	42
0	91	1	7	2	76	3	56	4	34
0	18	1	76	2	24	3	12	4	18
0	46	1	83	2	90	3	4	4	58
0	81	1	68	2	80	3	5	4	92
0	9	1	80	2	78	3	72	4	50
0	4	1	62	2	43	3	60	4	79
0	97	1	96	2	29	3	25	4	17
0	70	1	86	2	49	3	51	4	12
0	57	1	45	2	29	3	85	4	23
0	46	1	92	2	49	3	46	4	74
0	51	1	90	2	89	3	57	4	33
0	12	1	29	2	5	3	7	4	30
0	55	1	33	2	63	3	32	4	21
0	50	1	54	2	66	3	87	4	88
0	94	1	19	2	30	3	92	4	35
0	63	1	51	2	92	3	49	4	5
0	12	1	14	2	96	3	86	4	29
0	8	1	7	2	71	3	91	4	5
0	41	1	82	2	43	3	21	4	56
0	24	1	82	2	97	3	65	4	72
0	91	1	26	2	61	3	58	4	79
0	32	1	61	2	96	3	22	4	69
0	60	1	36	2	55	3	2	4	19
0	41	1	37	2	76	3	3	4	13
0	43	1	82	2	75	3	82	4	47
0	12	1	76	2	9	3	36	4	12
0	81	1	54	2	27	3	77	4	14
0	85	1	52	2	39	3	8	4	97
0	47	1	11	2	50	3	22	4	45
LBCmax: 2666
RELDUE
-1	1360	3	4
-1	1479	7	4
-1	1554	5	6
-1	1346	8	4
-1	1412	1	8
-1	1800	4	7
-1	1365	9	5
-1	1837	2	2
-1	1613	4	2
-1	1490	1	3
-1	1379	1	4
-1	1606	8	9
-1	1754	5	4
-1	1391	8	4
-1	1693	4	3
-1	1629	3	5
-1	1611	6	4
-1	1653	4	3
-1	1389	7	5
-1	1804	1	1
-1	1362	9	7
-1	1381	6	6
-1	1750	8	1
-1	1804	4	5
-1	1508	8	7
-1	1807	8	9
-1	1854	6	6
-1	1701	1	9
-1	1359	6	8
-1	1686	9	1
-1	1506	8	5
-1	1508	9	8
-1	1616	5	9
-1	1530	1	6
-1	1557	1	8
-1	1784	4	9
-1	1517	1	1
-1	1364	3	3
-1	1447	7	3
-1	1459	1	4
-1	1735	9	3
-1	1652	6	7
-1	1730	5	3
-1	1586	8	1
-1	1356	3	5
-1	1517	7	9
-1	1725	5	1
-1	1480	3	5
-1	1545	8	8
-1	1557	1	9
-1	1837	9	8
-1	1603	5	9
-1	1541	3	8
-1	1511	9	5
-1	1545	3	7
-1	1845	3	4
-1	1596	7	5
-1	1617	1	5
-1	1704	8	3
-1	1472	3	3
-1	1812	1	1
-1	1530	3	5
-1	1810	2	5
-1	1794	4	1
-1	1850	8	8
-1	1738	5	8
-1	1856	2	2
-1	1556	5	2
-1	1701	7	6
-1	1775	4	7
-1	1445	4	4
-1	1580	7	6
-1	1539	3	4
-1	1797	2	1
-1	1402	9	7
-1	1576	6	5
-1	1517	6	8
-1	1496	8	8
-1	1781	5	9
-1	1858	8	7
-1	1414	5	9
-1	1707	7	5
-1	1489	2	4
-1	1669	2	6
-1	1715	9	9
-1	1770	8	3
-1	1833	8	6
-1	1438	8	7
-1	1852	4	7
-1	1578	3	8
-1	1521	4	3
-1	1766	1	1
-1	1527	2	1
-1	1842	3	3
-1	1513	3	7
-1	1537	6	7
-1	1708	8	6
-1	1803	3	5
-1	1602	7	3
-1	1485	4	8
-1	1527	2	5
-1	1501	2	1
-1	1645	9	4
-1	1636	6	1
-1	1444	1	2
-1	1590	5	8
-1	1396	7	1
-1	1611	4	2
-1	1442	8	6
-1	1836	4	2
-1	1660	2	9
-1	1432	4	3
-1	1703	3	1
-1	1712	5	3
-1	1390	3	4
-1	1438	9	1
-1	1374	3	4
-1	1474	6	8
-1	1411	2	1
-1	1413	2	8
-1	1771	4	2
-1	1750	3	1
-1	1571	3	7
-1	1456	1	8
-1	1587	3	1
-1	1545	6	1
-1	1385	9	2
-1	1564	7	3
-1	1616	2	9
-1	1731	7	8
-1	1734	9	4
-1	1581	7	6
-1	1761	2	4
-1	1628	5	3
-1	1663	4	6
-1	1780	9	8
-1	1395	4	6
-1	1720	8	9
-1	1557	6	3
-1	1458	1	6
-1	1706	1	6
-1	1555	9	3
-1	1863	7	9
-1	1349	2	2
-1	1784	6	4
-1	1421	6	3
-1	1396	4	4
-1	1681	8	9
-1	1784	5	7
-1	1408	8	8
DDW
1306	1414
1257	1701
1399	1709
1158	1534
1370	1454
1494	2106
1174	1556
1708	1966
1516	1710
1222	1758
1200	1558
1301	1911
1438	2070
1363	1419
1405	1981
1548	1710
1466	1756
1488	1818
1153	1625
1678	1930
1308	1416
1271	1491
1505	1995
1461	2147
1221	1795
1536	2078
1669	2039
1684	1718
1169	1549
1366	2006
1370	1642
1221	1795
1471	1761
1469	1591
1417	1697
1659	1909
1441	1593
1269	1459
1404	1490
1167	1751
1666	1804
1371	1933
1419	2041
1332	1840
1139	1573
1289	1745
1587	1863
1391	1569
1375	1715
1355	1759
1635	2039
1587	1619
1264	1818
1345	1677
1329	1761
1531	2159
1580	1612
1439	1795
1448	1960
1340	1604
1667	1957
1316	1744
1557	2063
1650	1938
1684	2016
1477	1999
1652	2060
1323	1789
1463	1939
1598	1952
1431	1459
1548	1612
1416	1662
1474	2120
1360	1444
1466	1686
1365	1669
1212	1780
1728	1834
1784	1932
1315	1513
1639	1775
1340	1638
1652	1686
1561	1869
1628	1912
1796	1870
1179	1697
1667	2037
1373	1783
1415	1627
1519	2013
1344	1710
1584	2100
1331	1695
1368	1706
1640	1776
1605	2001
1490	1714
1455	1515
1451	1603
1306	1696
1448	1842
1603	1669
1256	1632
1447	1733
1215	1577
1289	1933
1312	1572
1689	1983
1544	1776
1389	1475
1567	1839
1507	1917
1362	1418
1380	1496
1319	1429
1282	1666
1143	1679
1399	1427
1541	2001
1505	1995
1477	1665
1427	1485
1524	1650
1437	1653
1233	1537
1345	1783
1519	1713
1523	1939
1682	1786
1265	1897
1550	1972
1595	1661
1347	1979
1513	2047
1214	1576
1565	1875
1417	1697
1443	1473
1433	1979
1524	1586
1695	2031
1309	1389
1677	1891
1350	1492
1298	1494
1664	1698
1552	2016
1281	1535
