HFSDDW
200	30	10
0	1	1	93	2	98	3	22	4	63	5	84	6	11	7	80	8	48	9	18
0	76	1	30	2	95	3	4	4	71	5	61	6	45	7	98	8	68	9	54
0	60	1	89	2	66	3	53	4	25	5	26	6	45	7	25	8	6	9	49
0	74	1	47	2	85	3	85	4	95	5	66	6	74	7	77	8	20	9	6
0	26	1	25	2	39	3	62	4	54	5	16	6	73	7	86	8	16	9	54
0	70	1	21	2	3	3	79	4	99	5	11	6	28	7	46	8	96	9	37
0	40	1	85	2	74	3	99	4	43	5	30	6	45	7	10	8	9	9	5
0	87	1	68	2	79	3	63	4	29	5	36	6	50	7	5	8	98	9	10
0	52	1	58	2	9	3	52	4	78	5	54	6	45	7	7	8	85	9	84
0	39	1	29	2	80	3	82	4	65	5	40	6	50	7	39	8	19	9	25
0	70	1	63	2	78	3	11	4	66	5	3	6	41	7	39	8	50	9	64
0	61	1	23	2	47	3	86	4	84	5	81	6	76	7	23	8	22	9	89
0	84	1	39	2	25	3	24	4	66	5	59	6	87	7	96	8	98	9	88
0	86	1	11	2	85	3	73	4	40	5	88	6	80	7	98	8	85	9	75
0	13	1	6	2	56	3	22	4	24	5	16	6	81	7	93	8	97	9	84
0	64	1	27	2	18	3	30	4	40	5	31	6	39	7	54	8	45	9	8
0	15	1	45	2	41	3	62	4	77	5	50	6	37	7	73	8	47	9	96
0	1	1	78	2	38	3	46	4	76	5	78	6	83	7	3	8	1	9	51
0	77	1	93	2	99	3	15	4	25	5	59	6	93	7	56	8	33	9	9
0	50	1	27	2	53	3	77	4	61	5	68	6	65	7	93	8	44	9	73
0	78	1	9	2	47	3	2	4	83	5	85	6	89	7	71	8	53	9	61
0	48	1	36	2	53	3	93	4	31	5	21	6	46	7	27	8	38	9	19
0	57	1	81	2	40	3	38	4	47	5	74	6	25	7	61	8	85	9	9
0	14	1	89	2	59	3	28	4	73	5	69	6	47	7	97	8	31	9	39
0	70	1	22	2	4	3	71	4	61	5	14	6	74	7	59	8	47	9	40
0	22	1	39	2	56	3	26	4	17	5	97	6	68	7	9	8	55	9	10
0	61	1	28	2	86	3	44	4	48	5	58	6	77	7	26	8	21	9	61
0	74	1	48	2	95	3	98	4	49	5	35	6	77	7	68	8	77	9	33
0	1	1	66	2	14	3	45	4	87	5	75	6	33	7	34	8	11	9	75
0	1	1	38	2	43	3	22	4	78	5	42	6	36	7	60	8	24	9	3
0	36	1	48	2	38	3	85	4	66	5	74	6	43	7	57	8	76	9	82
0	20	1	99	2	31	3	22	4	9	5	95	6	15	7	41	8	57	9	73
0	26	1	44	2	15	3	45	4	60	5	36	6	5	7	73	8	21	9	7
0	98	1	17	2	45	3	75	4	97	5	52	6	28	7	29	8	79	9	13
0	32	1	76	2	57	3	29	4	56	5	2	6	7	7	22	8	13	9	83
0	28	1	95	2	4	3	51	4	76	5	92	6	33	7	93	8	25	9	30
0	69	1	69	2	36	3	70	4	83	5	3	6	55	7	56	8	25	9	57
0	67	1	86	2	61	3	44	4	41	5	49	6	86	7	86	8	89	9	59
0	30	1	83	2	61	3	38	4	79	5	4	6	14	7	94	8	98	9	5
0	19	1	34	2	4	3	50	4	43	5	62	6	40	7	86	8	45	9	53
0	46	1	51	2	96	3	56	4	16	5	41	6	34	7	60	8	10	9	28
0	6	1	47	2	4	3	66	4	1	5	86	6	9	7	98	8	91	9	80
0	89	1	61	2	57	3	20	4	38	5	34	6	83	7	12	8	1	9	79
0	10	1	99	2	42	3	37	4	13	5	78	6	86	7	6	8	23	9	38
0	70	1	54	2	84	3	71	4	98	5	72	6	31	7	37	8	49	9	57
0	54	1	42	2	95	3	65	4	63	5	85	6	94	7	77	8	18	9	82
0	58	1	22	2	59	3	31	4	18	5	6	6	5	7	67	8	53	9	22
0	99	1	4	2	75	3	53	4	11	5	36	6	76	7	85	8	21	9	66
0	3	1	46	2	63	3	44	4	25	5	68	6	5	7	76	8	73	9	28
0	84	1	10	2	87	3	41	4	79	5	48	6	94	7	54	8	54	9	93
0	67	1	64	2	84	3	28	4	57	5	50	6	66	7	43	8	55	9	28
0	9	1	9	2	56	3	51	4	79	5	13	6	59	7	16	8	6	9	49
0	2	1	28	2	93	3	25	4	37	5	90	6	16	7	35	8	74	9	62
0	41	1	22	2	32	3	28	4	99	5	39	6	62	7	35	8	86	9	74
0	3	1	62	2	22	3	45	4	19	5	76	6	54	7	37	8	62	9	67
0	88	1	79	2	49	3	5	4	91	5	39	6	70	7	59	8	90	9	67
0	35	1	31	2	69	3	92	4	86	5	87	6	77	7	29	8	52	9	40
0	51	1	25	2	29	3	31	4	47	5	40	6	7	7	48	8	6	9	61
0	37	1	79	2	73	3	7	4	73	5	62	6	72	7	27	8	36	9	60
0	69	1	3	2	44	3	20	4	40	5	71	6	93	7	30	8	59	9	32
0	98	1	26	2	84	3	22	4	17	5	64	6	50	7	19	8	57	9	52
0	33	1	22	2	53	3	30	4	31	5	55	6	58	7	62	8	20	9	25
0	15	1	50	2	92	3	92	4	71	5	48	6	80	7	10	8	90	9	76
0	47	1	77	2	89	3	74	4	63	5	12	6	95	7	52	8	90	9	9
0	12	1	54	2	70	3	84	4	28	5	47	6	49	7	15	8	89	9	84
0	13	1	31	2	11	3	34	4	17	5	49	6	33	7	92	8	50	9	68
0	84	1	41	2	28	3	80	4	6	5	56	6	32	7	79	8	67	9	19
0	60	1	7	2	71	3	11	4	14	5	60	6	80	7	9	8	64	9	24
0	98	1	66	2	21	3	6	4	63	5	16	6	67	7	56	8	57	9	15
0	78	1	3	2	2	3	23	4	25	5	70	6	27	7	89	8	79	9	72
0	15	1	70	2	48	3	70	4	25	5	7	6	59	7	99	8	20	9	57
0	68	1	25	2	28	3	27	4	69	5	19	6	21	7	22	8	18	9	89
0	89	1	76	2	22	3	53	4	41	5	57	6	6	7	49	8	86	9	43
0	34	1	90	2	30	3	92	4	9	5	29	6	19	7	51	8	81	9	57
0	56	1	67	2	36	3	1	4	46	5	54	6	75	7	74	8	53	9	7
0	50	1	5	2	72	3	89	4	83	5	39	6	49	7	94	8	29	9	67
0	1	1	11	2	14	3	76	4	23	5	78	6	94	7	35	8	18	9	41
0	99	1	70	2	41	3	60	4	33	5	22	6	40	7	21	8	8	9	86
0	82	1	31	2	96	3	80	4	93	5	30	6	19	7	40	8	10	9	70
0	79	1	24	2	22	3	14	4	57	5	46	6	53	7	59	8	78	9	67
0	59	1	41	2	57	3	13	4	7	5	80	6	63	7	12	8	57	9	61
0	98	1	29	2	87	3	43	4	85	5	70	6	14	7	34	8	83	9	93
0	59	1	55	2	25	3	48	4	61	5	76	6	48	7	27	8	4	9	86
0	68	1	81	2	42	3	40	4	27	5	41	6	74	7	83	8	74	9	14
0	66	1	7	2	83	3	49	4	71	5	51	6	36	7	79	8	28	9	86
0	32	1	20	2	76	3	84	4	9	5	5	6	16	7	10	8	52	9	30
0	32	1	36	2	9	3	70	4	92	5	18	6	86	7	48	8	16	9	44
0	96	1	30	2	60	3	69	4	28	5	53	6	71	7	76	8	76	9	10
0	40	1	69	2	99	3	17	4	54	5	49	6	5	7	57	8	31	9	23
0	26	1	64	2	32	3	44	4	82	5	30	6	97	7	13	8	57	9	54
0	65	1	88	2	64	3	83	4	90	5	3	6	59	7	7	8	57	9	55
0	33	1	40	2	33	3	42	4	89	5	62	6	37	7	92	8	16	9	43
0	14	1	29	2	17	3	93	4	19	5	32	6	98	7	17	8	87	9	97
0	55	1	59	2	19	3	23	4	45	5	52	6	6	7	16	8	26	9	52
0	89	1	97	2	1	3	76	4	89	5	85	6	32	7	90	8	54	9	20
0	92	1	6	2	96	3	14	4	41	5	36	6	71	7	71	8	65	9	59
0	4	1	43	2	19	3	59	4	1	5	74	6	21	7	11	8	96	9	38
0	57	1	22	2	66	3	64	4	53	5	16	6	29	7	41	8	4	9	34
0	1	1	8	2	62	3	68	4	6	5	49	6	62	7	6	8	82	9	9
0	81	1	35	2	51	3	67	4	48	5	47	6	79	7	41	8	75	9	15
0	64	1	21	2	93	3	17	4	62	5	70	6	40	7	33	8	60	9	25
0	8	1	30	2	67	3	31	4	59	5	96	6	81	7	51	8	54	9	51
0	13	1	16	2	29	3	88	4	57	5	23	6	71	7	98	8	16	9	7
0	37	1	87	2	65	3	89	4	69	5	79	6	15	7	46	8	7	9	35
0	10	1	30	2	46	3	57	4	1	5	51	6	68	7	20	8	8	9	52
0	65	1	29	2	87	3	25	4	3	5	49	6	92	7	6	8	60	9	40
0	99	1	41	2	17	3	53	4	88	5	20	6	65	7	77	8	61	9	79
0	82	1	36	2	45	3	19	4	42	5	83	6	70	7	71	8	87	9	6
0	55	1	51	2	90	3	64	4	42	5	9	6	1	7	41	8	87	9	21
0	87	1	10	2	85	3	66	4	36	5	68	6	13	7	92	8	68	9	80
0	86	1	90	2	58	3	29	4	70	5	30	6	84	7	68	8	82	9	19
0	79	1	21	2	18	3	54	4	85	5	48	6	50	7	53	8	12	9	80
0	20	1	24	2	89	3	41	4	92	5	72	6	50	7	78	8	82	9	74
0	70	1	77	2	3	3	7	4	20	5	64	6	92	7	62	8	93	9	12
0	24	1	32	2	58	3	68	4	41	5	66	6	91	7	32	8	81	9	88
0	18	1	60	2	81	3	88	4	61	5	62	6	1	7	18	8	36	9	97
0	79	1	6	2	86	3	9	4	49	5	2	6	18	7	11	8	34	9	21
0	55	1	88	2	59	3	99	4	56	5	87	6	66	7	22	8	99	9	26
0	80	1	19	2	97	3	94	4	56	5	11	6	96	7	15	8	46	9	58
0	63	1	75	2	27	3	96	4	33	5	19	6	46	7	49	8	20	9	40
0	48	1	81	2	97	3	60	4	33	5	30	6	1	7	81	8	32	9	74
0	95	1	79	2	19	3	10	4	17	5	61	6	9	7	91	8	53	9	39
0	6	1	3	2	65	3	75	4	58	5	80	6	62	7	63	8	67	9	38
0	41	1	18	2	3	3	60	4	78	5	99	6	21	7	37	8	61	9	27
0	10	1	15	2	83	3	71	4	62	5	84	6	57	7	17	8	79	9	71
0	10	1	54	2	95	3	81	4	34	5	45	6	17	7	22	8	3	9	53
0	68	1	37	2	15	3	94	4	33	5	78	6	77	7	58	8	32	9	18
0	40	1	72	2	31	3	27	4	29	5	90	6	20	7	93	8	14	9	73
0	24	1	45	2	84	3	95	4	28	5	86	6	22	7	22	8	26	9	33
0	83	1	98	2	35	3	9	4	58	5	73	6	1	7	89	8	38	9	84
0	7	1	98	2	84	3	62	4	31	5	38	6	24	7	69	8	52	9	43
0	26	1	23	2	9	3	29	4	30	5	23	6	53	7	19	8	66	9	46
0	57	1	56	2	33	3	99	4	34	5	41	6	38	7	22	8	68	9	55
0	90	1	31	2	55	3	30	4	66	5	25	6	61	7	23	8	64	9	89
0	63	1	52	2	69	3	82	4	7	5	61	6	90	7	6	8	78	9	36
0	20	1	81	2	23	3	92	4	27	5	51	6	65	7	85	8	28	9	90
0	1	1	2	2	2	3	96	4	52	5	95	6	67	7	79	8	62	9	5
0	62	1	31	2	54	3	76	4	83	5	6	6	86	7	50	8	92	9	73
0	51	1	32	2	44	3	32	4	36	5	9	6	8	7	63	8	3	9	16
0	59	1	75	2	94	3	74	4	89	5	61	6	50	7	72	8	30	9	12
0	93	1	11	2	44	3	74	4	73	5	89	6	28	7	47	8	9	9	22
0	64	1	16	2	92	3	55	4	39	5	69	6	58	7	69	8	61	9	44
0	87	1	4	2	77	3	47	4	45	5	86	6	37	7	79	8	87	9	23
0	55	1	15	2	20	3	80	4	79	5	40	6	88	7	69	8	58	9	47
0	81	1	60	2	55	3	81	4	51	5	44	6	83	7	40	8	36	9	21
0	3	1	80	2	11	3	86	4	24	5	89	6	34	7	96	8	29	9	87
0	53	1	48	2	60	3	85	4	66	5	50	6	96	7	12	8	75	9	98
0	80	1	89	2	12	3	15	4	62	5	28	6	49	7	95	8	95	9	2
0	4	1	96	2	44	3	66	4	21	5	74	6	4	7	33	8	56	9	90
0	7	1	91	2	41	3	71	4	93	5	34	6	1	7	69	8	16	9	1
0	48	1	71	2	65	3	37	4	40	5	14	6	69	7	96	8	25	9	96
0	41	1	39	2	1	3	28	4	83	5	56	6	4	7	93	8	64	9	91
0	46	1	63	2	55	3	84	4	92	5	89	6	48	7	40	8	21	9	28
0	27	1	79	2	80	3	94	4	54	5	33	6	32	7	7	8	27	9	8
0	5	1	8	2	8	3	60	4	49	5	68	6	90	7	14	8	87	9	38
0	30	1	7	2	5	3	24	4	55	5	84	6	16	7	80	8	45	9	51
0	65	1	30	2	76	3	96	4	69	5	61	6	58	7	7	8	74	9	51
0	25	1	97	2	67	3	57	4	86	5	39	6	55	7	95	8	36	9	24
0	98	1	35	2	53	3	83	4	97	5	21	6	74	7	56	8	40	9	69
0	17	1	51	2	61	3	75	4	42	5	75	6	32	7	11	8	90	9	87
0	10	1	84	2	40	3	36	4	14	5	33	6	39	7	48	8	38	9	16
0	30	1	20	2	45	3	22	4	52	5	31	6	77	7	93	8	99	9	49
0	87	1	2	2	66	3	5	4	35	5	73	6	36	7	91	8	15	9	11
0	8	1	44	2	6	3	48	4	14	5	15	6	94	7	17	8	69	9	65
0	81	1	27	2	19	3	25	4	39	5	96	6	7	7	40	8	24	9	12
0	98	1	39	2	12	3	42	4	1	5	8	6	18	7	35	8	2	9	40
0	96	1	48	2	33	3	27	4	9	5	85	6	15	7	97	8	8	9	37
0	36	1	60	2	24	3	34	4	67	5	61	6	83	7	42	8	65	9	38
0	67	1	96	2	68	3	4	4	13	5	69	6	32	7	63	8	47	9	6
0	96	1	60	2	16	3	30	4	68	5	34	6	93	7	92	8	17	9	54
0	81	1	9	2	33	3	86	4	76	5	39	6	16	7	77	8	74	9	39
0	25	1	76	2	69	3	63	4	73	5	1	6	79	7	30	8	15	9	39
0	53	1	52	2	50	3	2	4	41	5	75	6	44	7	93	8	66	9	33
0	67	1	90	2	26	3	12	4	57	5	58	6	63	7	81	8	28	9	73
0	54	1	54	2	88	3	9	4	81	5	20	6	91	7	53	8	57	9	67
0	54	1	64	2	78	3	77	4	1	5	30	6	59	7	31	8	46	9	1
0	94	1	22	2	12	3	41	4	71	5	35	6	51	7	57	8	7	9	15
0	37	1	98	2	3	3	41	4	85	5	99	6	63	7	42	8	21	9	21
0	84	1	91	2	37	3	99	4	79	5	4	6	13	7	48	8	12	9	27
0	99	1	33	2	35	3	27	4	79	5	32	6	43	7	48	8	37	9	47
0	69	1	34	2	47	3	43	4	30	5	55	6	62	7	37	8	92	9	2
0	67	1	18	2	11	3	26	4	16	5	4	6	85	7	13	8	62	9	68
0	22	1	3	2	46	3	79	4	16	5	5	6	64	7	75	8	62	9	53
0	56	1	16	2	5	3	74	4	51	5	51	6	44	7	94	8	69	9	24
0	42	1	75	2	56	3	11	4	59	5	81	6	22	7	9	8	11	9	75
0	47	1	31	2	85	3	69	4	25	5	66	6	87	7	67	8	27	9	25
0	91	1	86	2	75	3	40	4	45	5	52	6	13	7	37	8	74	9	65
0	59	1	91	2	43	3	39	4	26	5	46	6	47	7	36	8	20	9	34
0	83	1	55	2	64	3	86	4	6	5	26	6	30	7	36	8	49	9	85
0	63	1	77	2	67	3	44	4	32	5	56	6	99	7	17	8	65	9	8
0	69	1	85	2	34	3	46	4	16	5	56	6	87	7	46	8	43	9	78
0	20	1	52	2	47	3	93	4	42	5	36	6	22	7	89	8	34	9	19
0	22	1	76	2	87	3	89	4	2	5	82	6	25	7	98	8	7	9	70
0	46	1	31	2	70	3	13	4	65	5	97	6	22	7	19	8	70	9	50
0	39	1	84	2	92	3	71	4	65	5	11	6	30	7	74	8	3	9	96
0	34	1	11	2	82	3	46	4	85	5	92	6	97	7	45	8	44	9	33
0	31	1	88	2	39	3	73	4	32	5	89	6	81	7	35	8	29	9	45
0	15	1	4	2	19	3	83	4	80	5	38	6	84	7	17	8	25	9	90
0	53	1	50	2	96	3	11	4	37	5	36	6	48	7	25	8	27	9	72
0	99	1	76	2	74	3	37	4	19	5	50	6	45	7	20	8	39	9	76
LBCmax: 3623
RELDUE
-1	2749	6	9
-1	3224	6	5
-1	2866	1	5
-1	2955	6	7
-1	3131	3	2
-1	2751	3	4
-1	3207	4	5
-1	3256	6	9
-1	3009	1	3
-1	2882	9	8
-1	2597	9	9
-1	3126	1	1
-1	2682	9	5
-1	2925	9	8
-1	3118	1	5
-1	3123	4	4
-1	3204	7	7
-1	2745	8	5
-1	2800	3	4
-1	3238	9	3
-1	2837	2	4
-1	2949	3	9
-1	2592	4	3
-1	2942	2	6
-1	2860	1	1
-1	2809	6	7
-1	2753	9	3
-1	3126	2	6
-1	3004	8	5
-1	2759	6	6
-1	3212	6	8
-1	3003	7	8
-1	3100	8	8
-1	2886	6	6
-1	2981	7	1
-1	2959	6	6
-1	2571	3	6
-1	2817	7	5
-1	2742	7	2
-1	2586	7	7
-1	2847	3	4
-1	2887	7	1
-1	2966	9	7
-1	3111	5	5
-1	2999	6	2
-1	2669	7	7
-1	2946	8	4
-1	2682	7	3
-1	2949	7	5
-1	2812	2	5
-1	2956	6	6
-1	2651	9	9
-1	3140	4	9
-1	2841	4	3
-1	2787	5	7
-1	3062	8	7
-1	3167	8	9
-1	3186	3	3
-1	2630	1	6
-1	2857	8	2
-1	3259	4	2
-1	2616	1	5
-1	2788	4	9
-1	2786	8	9
-1	2932	8	4
-1	2855	8	3
-1	2562	1	2
-1	3058	1	6
-1	3205	4	8
-1	2695	6	9
-1	3087	3	2
-1	2922	1	9
-1	2539	3	1
-1	2750	8	9
-1	2926	1	5
-1	3212	3	1
-1	3244	6	9
-1	2743	2	5
-1	3204	6	4
-1	2727	6	4
-1	3124	2	5
-1	2607	5	1
-1	2713	8	6
-1	2728	6	6
-1	3064	8	6
-1	3096	8	3
-1	3125	1	8
-1	2794	8	3
-1	2635	1	1
-1	3181	2	4
-1	3053	1	8
-1	2646	8	4
-1	2723	2	7
-1	3146	6	1
-1	2588	1	5
-1	2766	1	9
-1	2634	3	3
-1	2716	8	8
-1	2715	7	9
-1	2680	1	7
-1	2642	4	2
-1	3150	1	5
-1	2739	7	1
-1	2789	1	7
-1	2986	2	9
-1	2569	5	5
-1	2648	3	2
-1	2926	3	3
-1	3176	6	1
-1	2836	9	2
-1	3079	9	6
-1	2960	6	4
-1	3243	6	8
-1	3164	1	8
-1	2994	1	9
-1	3188	5	1
-1	3165	1	5
-1	2596	1	9
-1	2983	8	4
-1	3097	6	2
-1	2992	7	8
-1	3029	8	2
-1	2958	1	5
-1	2560	7	1
-1	2903	9	5
-1	2976	3	6
-1	2734	1	8
-1	2654	7	8
-1	2697	6	7
-1	2695	8	9
-1	3113	1	3
-1	3064	7	3
-1	2564	4	4
-1	3060	5	8
-1	2620	2	4
-1	3235	5	2
-1	3129	4	7
-1	3185	5	1
-1	3003	7	5
-1	3031	3	2
-1	2984	1	9
-1	2734	8	5
-1	2880	7	9
-1	3060	9	2
-1	2637	7	2
-1	2629	3	1
-1	2665	6	7
-1	2820	2	5
-1	2688	2	6
-1	2661	7	7
-1	2863	1	8
-1	2574	9	5
-1	2994	9	1
-1	2879	2	4
-1	2949	4	7
-1	2874	1	2
-1	2728	4	7
-1	2714	8	1
-1	3148	4	2
-1	2545	5	5
-1	3096	4	3
-1	3256	2	9
-1	2764	2	5
-1	3016	6	7
-1	2984	6	9
-1	2551	9	1
-1	2932	7	6
-1	2718	2	2
-1	3079	1	4
-1	3020	6	7
-1	2594	7	6
-1	3241	7	1
-1	2854	2	2
-1	3214	7	8
-1	2649	9	1
-1	2793	1	9
-1	2685	2	3
-1	3160	3	7
-1	3184	7	9
-1	2810	4	5
-1	2847	4	5
-1	3176	7	4
-1	3228	7	9
-1	2572	5	7
-1	3094	5	6
-1	3074	1	9
-1	2606	6	7
-1	2946	7	7
-1	2647	5	2
-1	3008	8	9
-1	3043	8	7
-1	2950	7	6
-1	2573	9	9
-1	2994	9	4
-1	3196	4	4
-1	2989	5	1
-1	3232	9	2
-1	3125	4	2
-1	2611	9	3
-1	2622	3	2
DDW
2557	2941
2902	3546
2751	2981
2837	3073
3100	3162
2723	2779
3047	3367
3126	3386
2828	3190
2709	3055
2545	2649
2907	3345
2628	2736
2808	3042
2900	3336
2936	3310
2948	3460
2690	2800
2632	2968
2947	3529
2809	2865
2920	2978
2462	2722
2883	3001
2803	2917
2781	2837
2725	2781
2970	3282
2884	3124
2593	2925
2923	3501
2913	3093
2821	3379
2684	3088
2862	3100
2693	3225
2442	2700
2704	2930
2577	2907
2353	2819
2676	3018
2714	3060
2699	3233
2831	3391
2909	3089
2429	2909
2681	3211
2494	2870
2802	3096
2587	3037
2808	3104
2412	2890
2889	3391
2699	2983
2731	2843
2878	3246
2977	3357
3122	3250
2551	2709
2571	3143
3226	3292
2354	2878
2509	3067
2507	3065
2697	3167
2570	3140
2357	2767
2875	3241
3173	3237
2452	2938
3025	3149
2776	3068
2387	2691
2530	2970
2838	3014
3051	3373
3147	3341
2578	2908
2884	3524
2645	2809
3030	3218
2477	2737
2686	2740
2564	2892
3003	3125
3065	3127
2969	3281
2682	2906
2477	2793
2927	3435
2931	3175
2567	2725
2669	2777
2957	3335
2381	2795
2600	2932
2476	2792
2444	2988
2661	2769
2600	2760
2616	2668
3056	3244
2575	2903
2622	2956
2777	3195
2543	2595
2569	2727
2897	2955
3081	3271
2637	3035
2956	3202
2664	3256
3146	3340
2848	3480
2754	3234
2965	3411
2848	3482
2492	2700
2715	3251
2849	3345
2842	3142
2878	3180
2928	2988
2483	2637
2729	3077
2708	3244
2625	2843
2627	2681
2670	2724
2506	2884
2833	3393
2941	3187
2436	2692
2846	3274
2541	2699
2912	3558
2847	3411
3026	3344
2703	3303
3001	3061
2745	3223
2597	2871
2822	2938
2785	3335
2505	2769
2498	2760
2398	2932
2764	2876
2473	2903
2634	2688
2663	3063
2523	2625
2964	3024
2735	3023
2713	3185
2673	3075
2646	2810
2605	2823
3117	3179
2316	2774
2848	3344
3158	3354
2736	2792
2835	3197
2715	3253
2525	2577
2785	3079
2528	2908
2863	3295
2748	3292
2361	2827
3047	3435
2711	2997
2957	3471
2384	2914
2765	2821
2604	2766
3065	3255
2929	3439
2782	2838
2591	3103
3112	3240
3131	3325
2315	2829
3063	3125
2859	3289
2528	2684
2917	2975
2409	2885
2797	3219
2800	3286
2773	3127
2470	2676
2964	3024
3068	3324
2810	3168
3070	3394
2906	3344
2585	2637
2491	2753
