HFSDDW
50	50	10
0	90	1	9	2	20	3	53	4	99	5	84	6	50	7	47	8	98	9	50
0	56	1	38	2	7	3	14	4	86	5	73	6	32	7	44	8	28	9	58
0	70	1	42	2	77	3	93	4	76	5	36	6	98	7	91	8	77	9	32
0	40	1	67	2	11	3	67	4	22	5	99	6	18	7	36	8	79	9	91
0	35	1	91	2	91	3	88	4	93	5	14	6	92	7	90	8	42	9	51
0	15	1	64	2	95	3	13	4	51	5	49	6	31	7	26	8	76	9	64
0	85	1	58	2	70	3	66	4	11	5	89	6	27	7	40	8	91	9	86
0	56	1	96	2	65	3	37	4	24	5	78	6	50	7	89	8	1	9	62
0	43	1	8	2	50	3	26	4	18	5	76	6	71	7	97	8	16	9	73
0	68	1	91	2	60	3	15	4	6	5	76	6	21	7	26	8	78	9	5
0	87	1	53	2	99	3	55	4	94	5	18	6	98	7	59	8	89	9	72
0	98	1	42	2	26	3	14	4	22	5	78	6	9	7	44	8	48	9	35
0	18	1	29	2	24	3	18	4	19	5	65	6	36	7	50	8	31	9	47
0	58	1	25	2	12	3	96	4	75	5	89	6	9	7	94	8	31	9	99
0	77	1	13	2	9	3	43	4	75	5	27	6	65	7	46	8	93	9	28
0	67	1	77	2	77	3	43	4	86	5	58	6	29	7	81	8	37	9	30
0	81	1	49	2	28	3	42	4	15	5	73	6	31	7	30	8	38	9	32
0	69	1	14	2	14	3	49	4	58	5	6	6	21	7	80	8	43	9	92
0	99	1	90	2	56	3	4	4	79	5	81	6	48	7	68	8	10	9	17
0	60	1	27	2	58	3	1	4	18	5	29	6	85	7	66	8	29	9	2
0	95	1	36	2	8	3	62	4	58	5	54	6	63	7	29	8	84	9	80
0	38	1	49	2	39	3	44	4	31	5	91	6	92	7	24	8	62	9	34
0	26	1	62	2	20	3	22	4	71	5	43	6	55	7	13	8	31	9	30
0	21	1	54	2	52	3	42	4	96	5	63	6	82	7	94	8	45	9	26
0	18	1	20	2	83	3	30	4	78	5	12	6	88	7	14	8	70	9	27
0	36	1	61	2	5	3	94	4	75	5	33	6	16	7	86	8	90	9	16
0	98	1	51	2	97	3	55	4	60	5	84	6	96	7	97	8	48	9	67
0	10	1	97	2	78	3	36	4	17	5	7	6	79	7	90	8	43	9	60
0	54	1	41	2	43	3	4	4	93	5	60	6	50	7	57	8	66	9	64
0	48	1	95	2	5	3	30	4	28	5	66	6	22	7	28	8	69	9	94
0	15	1	91	2	66	3	3	4	17	5	39	6	82	7	68	8	78	9	69
0	54	1	26	2	43	3	31	4	61	5	57	6	9	7	93	8	62	9	1
0	35	1	40	2	31	3	84	4	20	5	15	6	92	7	49	8	9	9	50
0	84	1	51	2	21	3	49	4	45	5	63	6	75	7	40	8	87	9	54
0	77	1	82	2	78	3	97	4	11	5	22	6	52	7	74	8	69	9	70
0	57	1	28	2	66	3	69	4	59	5	75	6	60	7	82	8	82	9	3
0	46	1	33	2	59	3	28	4	84	5	3	6	5	7	94	8	85	9	97
0	82	1	68	2	7	3	8	4	23	5	53	6	61	7	34	8	74	9	98
0	62	1	19	2	80	3	38	4	92	5	57	6	84	7	52	8	89	9	69
0	4	1	92	2	58	3	85	4	8	5	44	6	23	7	50	8	13	9	8
0	17	1	58	2	88	3	71	4	88	5	89	6	21	7	58	8	46	9	7
0	14	1	26	2	9	3	84	4	40	5	28	6	53	7	21	8	36	9	27
0	19	1	53	2	5	3	17	4	93	5	89	6	11	7	22	8	1	9	78
0	30	1	11	2	22	3	66	4	81	5	5	6	30	7	9	8	49	9	4
0	36	1	27	2	6	3	83	4	55	5	77	6	83	7	73	8	45	9	79
0	91	1	2	2	15	3	85	4	89	5	63	6	53	7	72	8	77	9	99
0	78	1	99	2	58	3	67	4	76	5	4	6	5	7	42	8	3	9	36
0	98	1	44	2	72	3	32	4	91	5	91	6	48	7	21	8	61	9	17
0	6	1	37	2	76	3	21	4	87	5	28	6	96	7	36	8	77	9	18
0	51	1	58	2	32	3	50	4	25	5	37	6	68	7	38	8	7	9	52
LBCmax: 864
RELDUE
-1	731	2	3
-1	677	6	6
-1	728	5	1
-1	621	7	8
-1	747	3	4
-1	686	4	1
-1	657	7	4
-1	748	7	1
-1	769	2	1
-1	773	2	3
-1	631	7	6
-1	661	9	4
-1	624	5	9
-1	711	3	8
-1	767	8	6
-1	677	9	4
-1	644	6	3
-1	669	4	9
-1	743	5	5
-1	689	6	4
-1	616	8	8
-1	724	4	9
-1	717	1	9
-1	752	4	1
-1	752	1	9
-1	674	1	4
-1	627	5	3
-1	642	1	6
-1	617	3	2
-1	699	1	5
-1	645	7	9
-1	622	1	6
-1	629	5	9
-1	619	4	5
-1	680	9	8
-1	716	5	6
-1	720	4	8
-1	721	4	9
-1	672	2	1
-1	676	3	6
-1	775	5	3
-1	628	7	8
-1	676	6	5
-1	745	9	4
-1	609	2	8
-1	637	6	3
-1	686	5	1
-1	727	6	9
-1	704	7	8
-1	750	5	2
DDW
694	768
616	738
721	735
602	640
710	784
659	713
650	664
688	808
700	838
758	788
599	663
635	687
568	680
675	747
690	844
636	718
631	657
656	682
669	817
620	758
610	622
717	731
688	746
737	767
729	775
654	694
614	640
623	661
605	629
664	734
632	658
597	647
591	667
607	631
666	694
666	766
698	742
678	764
638	706
656	696
736	814
615	641
642	710
738	752
585	633
618	656
652	720
654	800
690	718
735	765
