HFSDDW
100	15	5
0	32	1	4	2	49	3	3	4	71
0	74	1	3	2	98	3	98	4	19
0	11	1	25	2	46	3	12	4	71
0	34	1	30	2	70	3	8	4	71
0	90	1	84	2	60	3	21	4	78
0	60	1	93	2	6	3	26	4	38
0	4	1	15	2	32	3	46	4	24
0	64	1	32	2	6	3	87	4	83
0	26	1	10	2	67	3	33	4	49
0	11	1	24	2	1	3	33	4	52
0	64	1	98	2	74	3	69	4	84
0	47	1	43	2	28	3	25	4	12
0	80	1	97	2	73	3	60	4	15
0	96	1	93	2	1	3	88	4	7
0	3	1	25	2	83	3	24	4	46
0	80	1	18	2	28	3	72	4	67
0	36	1	93	2	72	3	74	4	74
0	6	1	40	2	62	3	61	4	77
0	21	1	4	2	80	3	75	4	4
0	29	1	37	2	7	3	18	4	52
0	17	1	24	2	12	3	26	4	50
0	39	1	15	2	50	3	24	4	4
0	29	1	16	2	55	3	57	4	76
0	86	1	25	2	98	3	86	4	9
0	57	1	31	2	39	3	12	4	86
0	99	1	44	2	8	3	21	4	17
0	44	1	11	2	10	3	21	4	51
0	12	1	81	2	47	3	25	4	35
0	91	1	89	2	39	3	57	4	48
0	5	1	48	2	23	3	99	4	17
0	4	1	38	2	21	3	10	4	94
0	85	1	85	2	1	3	39	4	50
0	95	1	7	2	30	3	7	4	60
0	19	1	6	2	35	3	7	4	64
0	6	1	78	2	74	3	52	4	18
0	68	1	92	2	81	3	63	4	81
0	51	1	21	2	8	3	5	4	13
0	7	1	90	2	1	3	26	4	65
0	27	1	81	2	8	3	74	4	39
0	84	1	59	2	32	3	97	4	30
0	99	1	13	2	16	3	36	4	12
0	26	1	63	2	68	3	91	4	27
0	93	1	4	2	37	3	58	4	99
0	74	1	99	2	26	3	93	4	53
0	28	1	6	2	9	3	42	4	37
0	24	1	70	2	1	3	13	4	34
0	9	1	60	2	84	3	34	4	82
0	38	1	5	2	72	3	93	4	86
0	43	1	22	2	9	3	99	4	71
0	24	1	44	2	50	3	74	4	65
0	85	1	34	2	39	3	44	4	2
0	94	1	5	2	74	3	99	4	87
0	56	1	63	2	56	3	58	4	18
0	34	1	20	2	4	3	75	4	61
0	69	1	27	2	33	3	7	4	11
0	6	1	96	2	10	3	71	4	13
0	80	1	20	2	26	3	47	4	48
0	74	1	22	2	40	3	33	4	88
0	34	1	31	2	73	3	6	4	31
0	80	1	66	2	51	3	82	4	37
0	4	1	41	2	74	3	14	4	95
0	58	1	2	2	32	3	34	4	95
0	98	1	95	2	3	3	86	4	7
0	36	1	37	2	9	3	10	4	43
0	13	1	79	2	71	3	87	4	28
0	39	1	54	2	27	3	76	4	30
0	40	1	45	2	27	3	34	4	9
0	40	1	46	2	13	3	52	4	90
0	73	1	89	2	7	3	37	4	89
0	39	1	29	2	87	3	98	4	94
0	43	1	57	2	41	3	39	4	25
0	25	1	69	2	86	3	86	4	57
0	5	1	75	2	55	3	4	4	55
0	53	1	68	2	68	3	77	4	67
0	90	1	25	2	57	3	20	4	70
0	23	1	73	2	34	3	98	4	88
0	11	1	66	2	28	3	81	4	87
0	83	1	4	2	87	3	10	4	84
0	70	1	59	2	27	3	95	4	85
0	98	1	34	2	3	3	81	4	37
0	70	1	60	2	11	3	32	4	5
0	19	1	1	2	22	3	69	4	2
0	51	1	36	2	88	3	97	4	46
0	39	1	47	2	74	3	17	4	72
0	49	1	80	2	59	3	92	4	96
0	31	1	98	2	61	3	34	4	71
0	89	1	70	2	53	3	61	4	18
0	51	1	56	2	95	3	76	4	68
0	82	1	82	2	19	3	8	4	34
0	35	1	70	2	29	3	49	4	47
0	51	1	60	2	86	3	10	4	87
0	90	1	1	2	18	3	36	4	74
0	21	1	39	2	87	3	97	4	13
0	80	1	82	2	28	3	79	4	95
0	82	1	52	2	97	3	48	4	89
0	67	1	62	2	52	3	58	4	62
0	60	1	69	2	12	3	87	4	21
0	29	1	84	2	44	3	74	4	28
0	50	1	38	2	60	3	3	4	48
0	43	1	94	2	21	3	94	4	54
LBCmax: 1779
RELDUE
-1	719	1	3
-1	688	2	9
-1	712	6	5
-1	724	2	8
-1	763	9	1
-1	887	9	9
-1	754	5	6
-1	671	5	1
-1	603	6	4
-1	604	4	7
-1	636	9	5
-1	707	1	7
-1	747	7	2
-1	796	2	7
-1	584	4	2
-1	718	4	6
-1	631	9	4
-1	534	4	4
-1	808	8	2
-1	831	4	8
-1	877	6	1
-1	673	5	4
-1	723	9	4
-1	717	7	8
-1	696	5	2
-1	692	4	7
-1	859	1	4
-1	874	2	6
-1	535	2	5
-1	699	2	5
-1	794	3	4
-1	680	5	8
-1	737	6	4
-1	550	9	1
-1	567	3	1
-1	593	2	4
-1	600	9	6
-1	742	1	8
-1	616	9	6
-1	610	7	4
-1	774	4	3
-1	694	3	3
-1	619	7	7
-1	726	5	5
-1	886	2	7
-1	539	3	3
-1	811	9	9
-1	841	5	2
-1	847	6	7
-1	875	8	6
-1	590	4	7
-1	869	6	4
-1	688	9	1
-1	573	8	5
-1	737	3	4
-1	579	7	5
-1	854	8	8
-1	885	1	9
-1	561	2	2
-1	604	1	9
-1	561	8	5
-1	769	8	6
-1	670	8	9
-1	793	5	1
-1	700	1	9
-1	845	2	3
-1	859	8	1
-1	731	9	7
-1	762	7	8
-1	880	4	7
-1	651	9	1
-1	778	2	7
-1	807	9	8
-1	731	4	1
-1	591	8	5
-1	716	9	5
-1	588	6	9
-1	887	8	9
-1	720	8	9
-1	690	6	1
-1	771	6	8
-1	552	5	4
-1	561	3	5
-1	550	6	8
-1	643	9	4
-1	814	3	4
-1	881	8	4
-1	698	9	7
-1	702	3	1
-1	878	6	9
-1	629	5	4
-1	605	2	5
-1	714	9	7
-1	545	6	9
-1	583	2	1
-1	538	8	7
-1	558	2	4
-1	716	2	1
-1	560	6	7
-1	575	5	5
DDW
705	733
640	736
691	733
688	760
740	786
834	940
701	807
651	691
543	663
592	616
591	681
650	764
717	777
740	852
549	619
696	740
587	675
481	587
760	856
781	881
798	956
626	720
672	774
652	782
654	738
657	727
842	876
830	918
519	551
629	769
778	810
639	721
693	781
544	556
522	612
540	646
588	612
683	801
598	634
586	634
766	782
666	722
613	625
719	733
842	930
528	550
770	852
791	891
771	923
788	962
560	620
808	930
667	709
516	630
685	789
544	614
769	939
850	920
511	611
550	658
533	589
746	792
603	737
785	801
630	770
828	862
842	876
709	753
693	831
818	942
644	658
708	848
742	872
716	746
556	626
680	752
547	629
834	940
691	749
656	724
763	779
513	591
522	600
528	572
611	675
765	863
855	907
656	740
667	737
852	904
572	686
557	653
643	785
523	567
525	641
495	581
536	580
709	723
549	571
552	598
