HFSDDW
100	15	5
0	93	1	14	2	73	3	12	4	82
0	63	1	87	2	4	3	46	4	18
0	91	1	39	2	98	3	46	4	72
0	81	1	61	2	65	3	58	4	42
0	81	1	61	2	84	3	57	4	80
0	33	1	92	2	37	3	28	4	73
0	10	1	56	2	47	3	7	4	47
0	94	1	87	2	52	3	51	4	79
0	66	1	26	2	12	3	25	4	35
0	50	1	77	2	45	3	67	4	10
0	18	1	73	2	47	3	69	4	51
0	33	1	30	2	16	3	31	4	49
0	71	1	51	2	75	3	73	4	9
0	35	1	92	2	91	3	99	4	77
0	94	1	9	2	14	3	79	4	75
0	56	1	50	2	60	3	23	4	31
0	56	1	47	2	69	3	19	4	56
0	37	1	10	2	77	3	55	4	15
0	65	1	71	2	21	3	2	4	8
0	16	1	50	2	38	3	17	4	99
0	57	1	85	2	46	3	89	4	16
0	9	1	59	2	67	3	94	4	95
0	82	1	70	2	93	3	99	4	93
0	24	1	81	2	57	3	17	4	71
0	26	1	16	2	36	3	84	4	13
0	23	1	87	2	13	3	71	4	59
0	7	1	12	2	44	3	23	4	74
0	70	1	2	2	80	3	3	4	47
0	77	1	42	2	82	3	60	4	32
0	94	1	78	2	22	3	9	4	83
0	35	1	92	2	22	3	45	4	74
0	41	1	50	2	61	3	76	4	92
0	21	1	47	2	96	3	35	4	89
0	70	1	27	2	70	3	26	4	23
0	23	1	2	2	55	3	70	4	93
0	83	1	33	2	76	3	53	4	18
0	44	1	66	2	5	3	87	4	25
0	14	1	90	2	98	3	49	4	33
0	21	1	40	2	4	3	10	4	26
0	31	1	46	2	48	3	70	4	62
0	68	1	9	2	95	3	85	4	60
0	33	1	38	2	51	3	51	4	91
0	8	1	73	2	9	3	58	4	49
0	54	1	42	2	9	3	10	4	75
0	79	1	28	2	22	3	93	4	3
0	83	1	98	2	45	3	44	4	63
0	37	1	85	2	6	3	91	4	49
0	36	1	71	2	20	3	27	4	92
0	76	1	40	2	48	3	57	4	25
0	47	1	32	2	45	3	61	4	72
0	89	1	37	2	39	3	95	4	82
0	41	1	87	2	3	3	83	4	77
0	35	1	93	2	8	3	88	4	54
0	23	1	68	2	18	3	10	4	14
0	83	1	23	2	81	3	17	4	99
0	40	1	80	2	64	3	68	4	55
0	52	1	53	2	83	3	72	4	74
0	1	1	47	2	11	3	10	4	9
0	48	1	69	2	36	3	50	4	58
0	83	1	32	2	60	3	4	4	2
0	79	1	15	2	36	3	47	4	88
0	66	1	56	2	22	3	96	4	42
0	61	1	23	2	34	3	29	4	26
0	81	1	10	2	36	3	15	4	54
0	76	1	58	2	8	3	1	4	65
0	15	1	86	2	32	3	59	4	16
0	9	1	21	2	60	3	66	4	75
0	38	1	18	2	36	3	83	4	8
0	44	1	26	2	15	3	68	4	48
0	26	1	35	2	8	3	24	4	77
0	73	1	96	2	45	3	50	4	26
0	22	1	7	2	35	3	82	4	74
0	79	1	24	2	62	3	80	4	33
0	41	1	63	2	67	3	53	4	88
0	63	1	73	2	52	3	7	4	10
0	51	1	43	2	40	3	53	4	40
0	79	1	79	2	8	3	82	4	43
0	12	1	75	2	10	3	41	4	53
0	31	1	83	2	54	3	10	4	29
0	21	1	63	2	35	3	35	4	7
0	63	1	68	2	54	3	36	4	14
0	1	1	45	2	39	3	41	4	75
0	78	1	66	2	82	3	43	4	94
0	1	1	17	2	80	3	37	4	21
0	66	1	53	2	27	3	1	4	57
0	80	1	20	2	43	3	78	4	89
0	87	1	9	2	6	3	46	4	76
0	12	1	25	2	71	3	68	4	42
0	67	1	36	2	69	3	65	4	75
0	65	1	2	2	12	3	15	4	29
0	4	1	82	2	97	3	14	4	41
0	11	1	42	2	54	3	79	4	34
0	81	1	3	2	61	3	52	4	87
0	69	1	61	2	36	3	66	4	83
0	75	1	45	2	12	3	94	4	54
0	30	1	83	2	61	3	25	4	91
0	79	1	8	2	28	3	49	4	85
0	5	1	12	2	91	3	6	4	66
0	69	1	71	2	92	3	35	4	61
0	65	1	74	2	18	3	78	4	6
LBCmax: 1853
RELDUE
-1	570	9	3
-1	799	1	4
-1	724	8	2
-1	673	5	1
-1	753	5	9
-1	774	9	1
-1	819	8	9
-1	564	8	6
-1	778	9	3
-1	595	7	6
-1	655	5	1
-1	855	4	5
-1	663	6	9
-1	880	1	7
-1	759	2	1
-1	826	1	8
-1	832	9	8
-1	599	4	3
-1	803	4	6
-1	863	7	8
-1	770	5	1
-1	814	4	7
-1	667	6	8
-1	924	3	8
-1	606	6	6
-1	572	4	2
-1	752	8	7
-1	842	4	8
-1	680	9	6
-1	884	7	8
-1	762	2	8
-1	801	9	4
-1	863	9	2
-1	629	1	1
-1	882	6	6
-1	605	2	4
-1	787	6	8
-1	912	2	4
-1	913	7	6
-1	653	8	8
-1	681	6	2
-1	590	1	6
-1	673	6	9
-1	907	9	2
-1	703	5	5
-1	885	4	8
-1	711	8	8
-1	573	7	6
-1	852	2	1
-1	883	8	4
-1	893	7	3
-1	789	3	1
-1	743	5	1
-1	908	6	9
-1	732	6	9
-1	682	2	3
-1	687	7	9
-1	727	2	9
-1	622	7	3
-1	736	7	1
-1	578	3	8
-1	903	6	1
-1	811	2	3
-1	820	5	7
-1	760	2	5
-1	780	3	6
-1	918	8	5
-1	589	2	4
-1	924	9	1
-1	709	1	6
-1	595	3	9
-1	846	6	5
-1	613	4	1
-1	706	1	9
-1	737	6	7
-1	735	9	8
-1	697	3	8
-1	687	2	8
-1	777	6	2
-1	647	8	2
-1	788	5	8
-1	734	8	1
-1	916	7	5
-1	723	5	3
-1	918	8	8
-1	899	1	7
-1	614	2	2
-1	882	7	3
-1	824	3	1
-1	756	7	2
-1	845	3	6
-1	616	1	4
-1	845	6	4
-1	732	3	9
-1	631	4	3
-1	704	7	7
-1	706	2	9
-1	779	1	4
-1	703	2	5
-1	849	8	8
DDW
542	598
727	871
710	738
612	734
700	806
759	789
762	876
547	581
762	794
541	649
616	694
804	906
623	703
818	942
683	835
743	909
757	907
569	629
755	851
828	898
747	793
765	863
600	734
869	979
600	612
549	595
707	797
817	867
673	687
857	911
739	785
737	865
828	898
579	679
811	953
581	629
748	826
885	939
840	986
627	679
627	735
584	596
612	734
853	961
654	752
867	903
697	725
539	607
843	861
865	901
830	956
726	852
669	817
863	953
681	783
614	750
618	756
676	778
566	678
707	765
538	618
867	939
795	827
746	894
714	806
710	850
890	946
542	636
832	1016
666	752
565	625
795	897
570	656
692	720
685	789
720	750
648	746
660	714
707	847
589	705
772	804
727	741
889	943
658	788
854	982
845	953
559	669
803	961
808	840
696	816
803	887
561	671
811	879
695	769
581	681
676	732
635	777
771	787
633	773
773	925
