HFSDDW
100	25	5
0	23	1	41	2	59	3	34	4	48
0	38	1	26	2	18	3	87	4	47
0	4	1	94	2	73	3	6	4	61
0	47	1	62	2	23	3	56	4	22
0	53	1	93	2	81	3	87	4	88
0	90	1	12	2	69	3	26	4	89
0	64	1	12	2	20	3	90	4	6
0	71	1	55	2	26	3	24	4	48
0	96	1	40	2	25	3	31	4	33
0	77	1	14	2	1	3	51	4	67
0	64	1	9	2	45	3	47	4	82
0	29	1	59	2	71	3	45	4	58
0	27	1	56	2	91	3	98	4	82
0	92	1	74	2	82	3	99	4	90
0	92	1	37	2	98	3	8	4	25
0	13	1	69	2	51	3	55	4	12
0	76	1	11	2	19	3	59	4	26
0	55	1	67	2	73	3	8	4	76
0	12	1	83	2	80	3	66	4	22
0	40	1	49	2	27	3	48	4	41
0	3	1	32	2	1	3	60	4	75
0	27	1	10	2	37	3	23	4	69
0	60	1	9	2	17	3	34	4	81
0	16	1	38	2	33	3	72	4	28
0	26	1	2	2	74	3	24	4	78
0	10	1	57	2	33	3	86	4	85
0	64	1	42	2	3	3	14	4	9
0	45	1	10	2	58	3	84	4	98
0	45	1	30	2	50	3	39	4	17
0	4	1	66	2	46	3	85	4	6
0	3	1	16	2	54	3	21	4	15
0	2	1	57	2	77	3	82	4	66
0	70	1	77	2	51	3	38	4	5
0	18	1	6	2	3	3	26	4	36
0	6	1	79	2	49	3	74	4	82
0	95	1	51	2	36	3	7	4	74
0	43	1	11	2	48	3	80	4	82
0	49	1	88	2	81	3	98	4	7
0	88	1	33	2	76	3	19	4	28
0	67	1	79	2	13	3	34	4	98
0	97	1	64	2	21	3	49	4	1
0	23	1	67	2	80	3	38	4	20
0	50	1	21	2	71	3	8	4	23
0	60	1	30	2	70	3	55	4	56
0	30	1	24	2	4	3	19	4	48
0	73	1	4	2	31	3	46	4	15
0	16	1	38	2	2	3	8	4	76
0	78	1	89	2	98	3	80	4	59
0	81	1	8	2	44	3	79	4	57
0	67	1	61	2	68	3	95	4	68
0	38	1	10	2	58	3	78	4	69
0	74	1	60	2	3	3	1	4	27
0	20	1	37	2	35	3	23	4	4
0	12	1	20	2	63	3	31	4	44
0	71	1	31	2	90	3	95	4	75
0	22	1	80	2	25	3	61	4	81
0	12	1	35	2	36	3	78	4	77
0	7	1	80	2	24	3	39	4	3
0	19	1	87	2	98	3	54	4	40
0	44	1	73	2	21	3	75	4	46
0	47	1	98	2	38	3	51	4	96
0	8	1	20	2	62	3	4	4	47
0	94	1	36	2	41	3	20	4	15
0	85	1	2	2	57	3	46	4	97
0	31	1	96	2	24	3	28	4	26
0	83	1	33	2	37	3	56	4	31
0	49	1	59	2	49	3	16	4	34
0	14	1	97	2	84	3	81	4	69
0	87	1	18	2	20	3	91	4	9
0	82	1	47	2	79	3	39	4	55
0	43	1	17	2	75	3	78	4	15
0	51	1	74	2	10	3	25	4	14
0	75	1	83	2	7	3	73	4	98
0	35	1	87	2	25	3	85	4	2
0	87	1	17	2	75	3	76	4	10
0	14	1	76	2	33	3	20	4	44
0	37	1	53	2	97	3	2	4	87
0	33	1	83	2	70	3	2	4	83
0	39	1	88	2	60	3	68	4	94
0	5	1	11	2	47	3	93	4	73
0	95	1	22	2	93	3	38	4	67
0	26	1	41	2	99	3	68	4	1
0	74	1	42	2	89	3	81	4	76
0	22	1	85	2	6	3	85	4	65
0	51	1	17	2	23	3	2	4	63
0	99	1	57	2	8	3	81	4	6
0	3	1	29	2	39	3	46	4	48
0	15	1	60	2	60	3	34	4	61
0	91	1	84	2	2	3	2	4	9
0	96	1	98	2	78	3	91	4	73
0	19	1	6	2	62	3	28	4	23
0	78	1	99	2	91	3	74	4	67
0	69	1	33	2	18	3	63	4	97
0	46	1	3	2	44	3	33	4	61
0	62	1	25	2	71	3	24	4	74
0	67	1	15	2	22	3	93	4	66
0	2	1	78	2	16	3	9	4	86
0	97	1	67	2	11	3	24	4	69
0	16	1	68	2	85	3	66	4	92
0	59	1	66	2	39	3	4	4	63
LBCmax: 1101
RELDUE
-1	1146	8	1
-1	712	4	8
-1	613	4	1
-1	449	5	7
-1	235	7	4
-1	1146	7	8
-1	479	3	8
-1	525	9	9
-1	706	3	7
-1	722	6	2
-1	813	7	5
-1	966	3	7
-1	1194	1	1
-1	209	3	4
-1	842	5	1
-1	1113	3	2
-1	297	4	4
-1	213	3	2
-1	958	3	3
-1	112	9	6
-1	976	9	4
-1	1122	5	1
-1	332	1	3
-1	809	3	2
-1	607	8	5
-1	1137	2	5
-1	547	5	1
-1	167	4	4
-1	465	8	7
-1	277	7	4
-1	113	7	2
-1	947	3	6
-1	309	1	5
-1	441	4	8
-1	899	5	7
-1	621	7	9
-1	469	8	1
-1	1049	2	4
-1	1179	9	2
-1	1125	6	8
-1	815	8	2
-1	432	5	1
-1	736	8	7
-1	859	6	4
-1	173	9	9
-1	530	4	5
-1	881	5	5
-1	952	8	8
-1	1211	1	8
-1	119	1	5
-1	569	8	4
-1	739	7	1
-1	791	8	2
-1	145	6	5
-1	1040	8	1
-1	133	4	7
-1	490	1	9
-1	1016	5	6
-1	1054	6	3
-1	309	8	3
-1	708	8	1
-1	422	8	6
-1	170	3	2
-1	539	4	3
-1	718	2	3
-1	1078	3	2
-1	766	1	2
-1	862	9	4
-1	521	4	4
-1	330	2	7
-1	754	2	2
-1	459	5	8
-1	246	6	7
-1	1044	5	6
-1	509	1	2
-1	654	3	7
-1	496	1	7
-1	685	7	8
-1	745	5	2
-1	186	8	6
-1	366	7	4
-1	807	4	6
-1	168	7	3
-1	455	6	9
-1	919	1	1
-1	586	3	3
-1	265	1	1
-1	274	2	7
-1	613	5	1
-1	875	9	5
-1	241	6	8
-1	665	3	9
-1	1207	1	5
-1	980	2	4
-1	526	5	1
-1	502	8	3
-1	371	6	5
-1	307	1	8
-1	250	8	9
-1	306	1	4
DDW
1100	1192
627	797
539	687
364	534
190	280
1135	1157
412	546
420	630
635	777
578	866
756	870
860	1072
1146	1242
196	222
674	1010
913	1313
291	303
196	230
843	1073
105	119
947	1005
1088	1156
299	365
655	963
577	637
910	1364
470	624
149	185
460	470
252	302
92	134
824	1070
253	365
384	498
827	971
602	640
441	497
965	1133
1167	1191
1114	1136
676	954
419	445
589	883
773	945
145	201
488	572
855	907
885	1019
1078	1344
114	124
484	654
672	806
736	846
119	171
988	1092
130	136
480	500
884	1148
906	1202
247	371
658	758
409	435
136	204
534	544
704	732
927	1229
666	866
767	957
427	615
271	389
664	844
395	523
229	263
919	1169
463	555
523	785
476	516
548	822
715	775
153	219
300	432
751	863
166	170
373	537
781	1057
527	645
249	281
271	277
558	668
814	936
239	243
579	751
1038	1376
960	1000
452	600
427	577
356	386
249	365
228	272
300	312
