HFSDDW
100	25	5
0	86	1	77	2	56	3	10	4	92
0	44	1	47	2	54	3	51	4	61
0	25	1	69	2	79	3	51	4	54
0	48	1	39	2	92	3	96	4	1
0	44	1	45	2	67	3	47	4	42
0	92	1	50	2	53	3	2	4	29
0	57	1	81	2	66	3	24	4	57
0	95	1	64	2	40	3	99	4	15
0	84	1	78	2	95	3	96	4	30
0	7	1	70	2	48	3	8	4	33
0	26	1	72	2	31	3	94	4	52
0	42	1	11	2	9	3	67	4	1
0	93	1	94	2	53	3	22	4	4
0	44	1	3	2	55	3	94	4	58
0	83	1	99	2	92	3	81	4	16
0	66	1	49	2	71	3	18	4	36
0	22	1	3	2	45	3	68	4	4
0	85	1	50	2	72	3	72	4	16
0	85	1	56	2	72	3	99	4	21
0	90	1	26	2	73	3	92	4	86
0	4	1	15	2	53	3	50	4	50
0	26	1	79	2	49	3	78	4	86
0	92	1	40	2	91	3	32	4	78
0	91	1	49	2	84	3	19	4	19
0	93	1	31	2	83	3	78	4	73
0	27	1	27	2	93	3	60	4	26
0	40	1	75	2	78	3	32	4	33
0	8	1	49	2	95	3	18	4	77
0	7	1	2	2	93	3	85	4	23
0	46	1	65	2	41	3	22	4	30
0	41	1	42	2	55	3	74	4	92
0	72	1	32	2	74	3	76	4	23
0	99	1	85	2	88	3	53	4	46
0	18	1	61	2	59	3	98	4	70
0	43	1	54	2	66	3	41	4	13
0	91	1	37	2	97	3	55	4	27
0	62	1	86	2	71	3	31	4	84
0	98	1	20	2	5	3	39	4	60
0	76	1	74	2	19	3	95	4	78
0	21	1	13	2	41	3	39	4	6
0	85	1	6	2	42	3	51	4	87
0	87	1	75	2	14	3	61	4	1
0	35	1	34	2	20	3	50	4	61
0	13	1	14	2	58	3	69	4	48
0	97	1	56	2	21	3	38	4	94
0	68	1	35	2	71	3	62	4	92
0	79	1	96	2	59	3	50	4	42
0	57	1	44	2	21	3	44	4	96
0	23	1	6	2	43	3	38	4	25
0	43	1	55	2	69	3	34	4	65
0	7	1	55	2	72	3	91	4	9
0	29	1	84	2	4	3	56	4	19
0	52	1	5	2	51	3	69	4	22
0	39	1	74	2	69	3	8	4	5
0	69	1	93	2	14	3	72	4	25
0	91	1	13	2	83	3	14	4	52
0	14	1	66	2	37	3	97	4	85
0	24	1	25	2	67	3	41	4	14
0	72	1	40	2	64	3	25	4	44
0	19	1	54	2	73	3	16	4	86
0	68	1	85	2	62	3	30	4	96
0	13	1	41	2	99	3	66	4	17
0	16	1	2	2	90	3	5	4	6
0	86	1	67	2	54	3	84	4	97
0	14	1	8	2	29	3	94	4	32
0	29	1	29	2	89	3	28	4	7
0	37	1	39	2	67	3	27	4	84
0	28	1	5	2	8	3	1	4	73
0	83	1	26	2	2	3	25	4	97
0	70	1	50	2	60	3	19	4	58
0	51	1	1	2	89	3	19	4	72
0	61	1	57	2	67	3	97	4	68
0	83	1	52	2	71	3	60	4	80
0	77	1	35	2	63	3	20	4	78
0	81	1	60	2	54	3	11	4	15
0	88	1	6	2	4	3	97	4	61
0	79	1	69	2	70	3	70	4	55
0	37	1	49	2	48	3	54	4	24
0	70	1	37	2	10	3	33	4	89
0	31	1	54	2	42	3	44	4	20
0	36	1	86	2	40	3	41	4	76
0	91	1	46	2	78	3	5	4	84
0	55	1	53	2	70	3	37	4	88
0	15	1	82	2	2	3	5	4	43
0	28	1	86	2	10	3	96	4	8
0	45	1	50	2	21	3	22	4	83
0	34	1	64	2	60	3	77	4	26
0	92	1	29	2	29	3	93	4	64
0	90	1	70	2	44	3	70	4	68
0	18	1	67	2	73	3	44	4	74
0	49	1	53	2	37	3	2	4	92
0	49	1	76	2	44	3	34	4	32
0	41	1	26	2	57	3	21	4	50
0	90	1	93	2	93	3	11	4	95
0	86	1	53	2	8	3	41	4	53
0	57	1	42	2	40	3	28	4	90
0	77	1	77	2	76	3	48	4	34
0	80	1	28	2	58	3	84	4	76
0	16	1	85	2	95	3	62	4	23
0	65	1	14	2	24	3	20	4	78
LBCmax: 1204
RELDUE
-1	900	6	1
-1	1021	7	6
-1	994	1	9
-1	959	5	8
-1	1056	2	8
-1	1076	6	1
-1	954	6	7
-1	1076	6	3
-1	959	6	2
-1	929	8	5
-1	859	1	5
-1	933	3	1
-1	880	2	6
-1	948	6	8
-1	973	5	1
-1	997	8	7
-1	961	1	8
-1	865	4	3
-1	1053	3	7
-1	1011	5	7
-1	996	8	9
-1	927	5	5
-1	863	2	3
-1	926	3	9
-1	1036	2	7
-1	844	7	3
-1	982	6	1
-1	951	7	2
-1	884	7	7
-1	1055	5	5
-1	947	4	7
-1	889	4	2
-1	891	1	8
-1	964	1	8
-1	1002	3	3
-1	852	9	8
-1	878	7	2
-1	912	7	1
-1	986	9	7
-1	933	8	8
-1	927	4	7
-1	917	6	8
-1	867	3	5
-1	961	2	9
-1	1011	1	3
-1	1033	5	6
-1	1011	3	9
-1	967	4	1
-1	863	6	4
-1	987	5	3
-1	881	3	4
-1	853	6	8
-1	930	7	8
-1	964	6	5
-1	878	4	7
-1	1057	2	9
-1	1001	8	7
-1	910	1	7
-1	1008	2	5
-1	1054	8	5
-1	936	7	1
-1	845	7	1
-1	1034	7	4
-1	989	6	7
-1	1066	7	6
-1	1055	5	5
-1	885	3	6
-1	1001	5	9
-1	1031	1	7
-1	963	2	5
-1	961	9	6
-1	892	6	4
-1	963	1	5
-1	962	7	6
-1	927	8	7
-1	921	9	1
-1	903	6	1
-1	986	5	3
-1	1000	7	6
-1	845	1	3
-1	918	3	8
-1	858	8	7
-1	930	2	7
-1	982	7	3
-1	1017	2	2
-1	936	6	4
-1	1043	4	3
-1	1011	5	2
-1	928	4	4
-1	1029	9	2
-1	935	7	9
-1	1053	8	9
-1	988	7	4
-1	1016	9	3
-1	1082	2	3
-1	924	3	4
-1	967	7	9
-1	963	3	2
-1	979	8	9
-1	1041	2	4
DDW
819	981
970	1072
944	1044
882	1036
1045	1067
1011	1141
878	1030
1044	1108
911	1007
892	966
782	936
896	970
818	942
863	1033
905	1041
967	1027
865	1057
787	943
1042	1064
930	1092
916	1076
881	973
846	880
833	1019
932	1140
819	869
913	1051
903	999
875	893
1013	1097
919	975
845	933
873	909
906	1022
962	1042
835	869
834	922
894	930
897	1075
924	942
853	1001
853	981
798	936
884	1038
971	1051
930	1136
930	1092
880	1054
837	889
888	1086
855	907
844	862
846	1014
916	1012
817	939
1015	1099
961	1041
855	965
917	1099
959	1149
852	1020
820	870
1003	1065
979	999
1045	1087
1002	1108
867	903
991	1011
979	1083
915	1011
875	1047
821	963
867	1059
866	1058
918	936
912	930
831	975
947	1025
940	1060
760	930
863	973
781	935
911	949
972	992
997	1037
908	964
980	1106
930	1092
835	1021
1019	1039
860	1010
948	1158
948	1028
1006	1026
1050	1114
878	970
919	1015
886	1040
910	1048
947	1135
