HFSDDW
100	30	10
0	60	1	13	2	7	3	82	4	7	5	17	6	84	7	89	8	15	9	21
0	82	1	93	2	11	3	22	4	69	5	51	6	20	7	78	8	55	9	60
0	48	1	14	2	44	3	3	4	22	5	89	6	46	7	63	8	92	9	43
0	72	1	61	2	87	3	6	4	59	5	43	6	79	7	46	8	18	9	81
0	17	1	35	2	89	3	55	4	31	5	70	6	6	7	43	8	42	9	86
0	73	1	30	2	38	3	55	4	32	5	46	6	69	7	5	8	60	9	17
0	71	1	22	2	96	3	71	4	49	5	22	6	7	7	6	8	62	9	27
0	71	1	73	2	61	3	73	4	44	5	13	6	25	7	88	8	72	9	52
0	83	1	3	2	22	3	7	4	70	5	43	6	23	7	33	8	74	9	14
0	74	1	75	2	86	3	1	4	10	5	94	6	39	7	19	8	7	9	10
0	64	1	99	2	80	3	15	4	15	5	1	6	68	7	65	8	11	9	19
0	22	1	80	2	33	3	9	4	34	5	68	6	1	7	90	8	1	9	7
0	98	1	74	2	32	3	49	4	52	5	95	6	87	7	61	8	63	9	49
0	74	1	6	2	82	3	63	4	87	5	83	6	23	7	7	8	91	9	70
0	74	1	57	2	22	3	55	4	92	5	94	6	43	7	78	8	67	9	42
0	94	1	48	2	18	3	1	4	11	5	90	6	68	7	32	8	62	9	19
0	13	1	8	2	2	3	62	4	45	5	16	6	98	7	69	8	21	9	50
0	46	1	93	2	99	3	31	4	32	5	41	6	52	7	77	8	56	9	58
0	53	1	9	2	94	3	22	4	54	5	27	6	87	7	81	8	52	9	96
0	16	1	91	2	44	3	72	4	57	5	66	6	56	7	60	8	10	9	76
0	95	1	73	2	57	3	17	4	95	5	2	6	48	7	87	8	68	9	69
0	38	1	91	2	75	3	4	4	66	5	5	6	14	7	80	8	8	9	19
0	29	1	17	2	18	3	25	4	34	5	55	6	49	7	28	8	74	9	65
0	85	1	92	2	67	3	79	4	63	5	79	6	51	7	77	8	26	9	53
0	78	1	1	2	14	3	83	4	58	5	25	6	16	7	40	8	6	9	52
0	53	1	75	2	53	3	91	4	48	5	79	6	56	7	33	8	82	9	41
0	52	1	21	2	13	3	3	4	83	5	46	6	24	7	95	8	41	9	86
0	53	1	36	2	54	3	54	4	41	5	29	6	3	7	35	8	66	9	10
0	39	1	10	2	22	3	22	4	13	5	11	6	40	7	75	8	32	9	83
0	24	1	19	2	94	3	85	4	2	5	57	6	87	7	12	8	99	9	13
0	1	1	21	2	98	3	20	4	99	5	17	6	22	7	98	8	51	9	19
0	76	1	22	2	66	3	73	4	2	5	43	6	99	7	90	8	90	9	73
0	6	1	49	2	63	3	58	4	63	5	35	6	42	7	68	8	53	9	83
0	41	1	91	2	35	3	54	4	10	5	19	6	11	7	3	8	23	9	95
0	88	1	41	2	25	3	13	4	7	5	3	6	52	7	22	8	84	9	59
0	58	1	97	2	22	3	26	4	7	5	52	6	57	7	41	8	56	9	64
0	75	1	53	2	46	3	67	4	78	5	85	6	86	7	13	8	63	9	82
0	32	1	96	2	67	3	94	4	84	5	65	6	24	7	51	8	51	9	61
0	82	1	20	2	84	3	94	4	25	5	44	6	70	7	9	8	47	9	58
0	62	1	69	2	46	3	58	4	21	5	36	6	95	7	57	8	35	9	22
0	16	1	39	2	59	3	2	4	27	5	61	6	30	7	27	8	42	9	42
0	28	1	7	2	89	3	95	4	82	5	56	6	68	7	52	8	42	9	34
0	15	1	77	2	65	3	6	4	21	5	63	6	51	7	9	8	74	9	48
0	69	1	67	2	16	3	30	4	45	5	43	6	61	7	83	8	68	9	64
0	14	1	43	2	67	3	6	4	31	5	56	6	79	7	50	8	76	9	64
0	68	1	44	2	15	3	1	4	8	5	38	6	74	7	53	8	80	9	63
0	10	1	21	2	53	3	93	4	72	5	60	6	90	7	60	8	50	9	39
0	94	1	84	2	84	3	78	4	21	5	71	6	11	7	60	8	75	9	64
0	83	1	1	2	33	3	10	4	80	5	25	6	53	7	15	8	22	9	8
0	69	1	8	2	4	3	5	4	54	5	93	6	90	7	74	8	33	9	70
0	65	1	19	2	99	3	38	4	70	5	83	6	60	7	36	8	80	9	36
0	27	1	15	2	78	3	16	4	80	5	10	6	88	7	44	8	13	9	48
0	8	1	76	2	39	3	43	4	70	5	87	6	81	7	79	8	24	9	27
0	81	1	37	2	27	3	5	4	99	5	64	6	2	7	95	8	40	9	97
0	65	1	17	2	35	3	86	4	80	5	55	6	30	7	87	8	25	9	45
0	6	1	46	2	61	3	85	4	63	5	89	6	80	7	57	8	67	9	82
0	2	1	80	2	13	3	53	4	55	5	90	6	87	7	73	8	17	9	16
0	8	1	92	2	5	3	15	4	82	5	90	6	42	7	53	8	63	9	15
0	58	1	94	2	55	3	79	4	22	5	35	6	75	7	41	8	42	9	10
0	83	1	44	2	28	3	57	4	96	5	84	6	5	7	81	8	31	9	89
0	67	1	56	2	71	3	9	4	37	5	13	6	42	7	47	8	3	9	72
0	48	1	28	2	93	3	53	4	25	5	8	6	26	7	33	8	32	9	21
0	16	1	46	2	32	3	7	4	32	5	63	6	65	7	48	8	19	9	98
0	86	1	60	2	22	3	73	4	48	5	2	6	24	7	47	8	42	9	9
0	93	1	28	2	39	3	70	4	62	5	56	6	51	7	75	8	32	9	88
0	59	1	71	2	49	3	11	4	74	5	21	6	25	7	64	8	76	9	73
0	48	1	94	2	28	3	5	4	85	5	87	6	7	7	21	8	5	9	23
0	84	1	79	2	91	3	23	4	27	5	87	6	8	7	61	8	45	9	76
0	13	1	89	2	16	3	30	4	40	5	16	6	11	7	12	8	99	9	27
0	77	1	59	2	70	3	68	4	60	5	99	6	1	7	35	8	84	9	74
0	50	1	31	2	70	3	10	4	5	5	80	6	80	7	27	8	83	9	86
0	13	1	63	2	19	3	1	4	60	5	59	6	78	7	98	8	64	9	70
0	76	1	94	2	21	3	77	4	46	5	25	6	9	7	23	8	62	9	28
0	87	1	73	2	77	3	71	4	27	5	82	6	19	7	7	8	25	9	60
0	36	1	84	2	28	3	14	4	15	5	14	6	40	7	70	8	8	9	2
0	21	1	2	2	70	3	15	4	97	5	55	6	10	7	93	8	63	9	80
0	71	1	57	2	64	3	55	4	98	5	40	6	86	7	48	8	73	9	78
0	40	1	72	2	73	3	5	4	35	5	92	6	67	7	8	8	63	9	33
0	84	1	39	2	15	3	61	4	8	5	86	6	4	7	63	8	73	9	72
0	72	1	26	2	43	3	45	4	88	5	78	6	21	7	72	8	15	9	74
0	28	1	92	2	96	3	30	4	62	5	48	6	28	7	65	8	79	9	5
0	88	1	3	2	30	3	31	4	95	5	33	6	42	7	4	8	48	9	13
0	37	1	24	2	74	3	2	4	6	5	14	6	30	7	29	8	17	9	56
0	72	1	94	2	92	3	88	4	6	5	92	6	42	7	84	8	98	9	59
0	58	1	39	2	83	3	69	4	84	5	70	6	96	7	13	8	49	9	56
0	36	1	17	2	25	3	2	4	38	5	4	6	18	7	95	8	25	9	48
0	19	1	99	2	48	3	24	4	33	5	93	6	11	7	41	8	25	9	4
0	90	1	57	2	5	3	88	4	55	5	97	6	41	7	6	8	18	9	36
0	18	1	17	2	80	3	61	4	20	5	55	6	70	7	91	8	51	9	2
0	75	1	47	2	60	3	50	4	41	5	59	6	90	7	60	8	36	9	90
0	60	1	55	2	87	3	46	4	65	5	79	6	12	7	36	8	47	9	40
0	63	1	12	2	77	3	89	4	31	5	2	6	19	7	87	8	4	9	78
0	24	1	20	2	90	3	24	4	29	5	43	6	97	7	55	8	48	9	96
0	8	1	81	2	70	3	27	4	75	5	62	6	29	7	34	8	95	9	41
0	43	1	35	2	44	3	11	4	38	5	63	6	70	7	71	8	19	9	39
0	40	1	4	2	56	3	57	4	66	5	41	6	65	7	64	8	18	9	23
0	81	1	57	2	87	3	50	4	33	5	82	6	42	7	50	8	14	9	69
0	73	1	84	2	91	3	62	4	36	5	89	6	75	7	80	8	85	9	65
0	73	1	26	2	36	3	10	4	57	5	5	6	25	7	13	8	61	9	35
0	97	1	64	2	17	3	73	4	59	5	85	6	47	7	94	8	78	9	56
LBCmax: 2046
RELDUE
-1	637	3	4
-1	604	6	3
-1	1389	2	3
-1	1224	4	1
-1	1546	2	7
-1	1322	5	3
-1	448	7	2
-1	2124	4	8
-1	653	9	9
-1	1788	8	6
-1	1550	1	3
-1	1940	2	6
-1	1817	7	9
-1	1270	3	5
-1	1213	7	4
-1	1345	8	2
-1	642	6	3
-1	1805	3	8
-1	2108	5	6
-1	782	8	6
-1	1385	4	7
-1	800	4	6
-1	2039	9	1
-1	1805	2	9
-1	1677	5	3
-1	381	9	5
-1	1594	3	8
-1	575	8	9
-1	264	2	1
-1	1226	6	2
-1	1065	1	8
-1	1853	4	7
-1	250	8	4
-1	811	6	5
-1	1109	8	5
-1	1303	4	4
-1	1598	1	3
-1	1967	3	4
-1	1099	9	6
-1	255	6	7
-1	2098	8	4
-1	838	9	4
-1	2064	4	4
-1	1910	8	7
-1	1626	5	3
-1	459	7	5
-1	1962	1	6
-1	1534	5	5
-1	696	3	6
-1	281	7	6
-1	1518	4	7
-1	1616	1	1
-1	231	9	6
-1	1220	4	1
-1	2212	6	4
-1	2089	1	6
-1	816	4	8
-1	1836	4	6
-1	1798	9	9
-1	1370	4	5
-1	1980	5	9
-1	2124	1	6
-1	2065	8	9
-1	1679	3	4
-1	927	7	7
-1	1949	1	3
-1	1895	8	9
-1	1210	4	1
-1	365	4	9
-1	2162	5	7
-1	1998	9	8
-1	927	1	1
-1	910	2	1
-1	2058	1	3
-1	936	3	9
-1	752	6	4
-1	987	3	3
-1	334	2	4
-1	383	7	4
-1	1423	3	1
-1	670	4	9
-1	264	3	9
-1	2130	4	8
-1	2234	8	5
-1	1959	5	3
-1	1700	3	1
-1	1826	4	6
-1	1281	5	6
-1	850	8	9
-1	1271	4	7
-1	691	9	1
-1	2014	2	8
-1	373	2	6
-1	1980	1	5
-1	526	7	9
-1	2225	4	9
-1	1024	7	5
-1	590	3	1
-1	1187	5	2
-1	1928	7	4
DDW
599	675
538	670
1167	1611
1200	1248
1345	1747
1163	1481
358	538
1869	2379
542	764
1591	1985
1348	1752
1630	2250
1799	1835
1143	1397
1189	1237
1237	1453
526	758
1643	1967
1771	2445
673	891
1177	1593
752	848
1733	2345
1606	2004
1392	1962
351	411
1482	1706
460	690
246	282
1103	1349
1044	1086
1612	2094
238	262
649	973
987	1231
1186	1420
1518	1678
1947	1987
1044	1154
227	283
1783	2413
754	922
1754	2374
1795	2025
1512	1740
399	519
1609	2315
1457	1611
633	759
228	334
1457	1579
1568	1664
210	252
1208	1232
1902	2522
1671	2507
685	947
1744	1928
1708	1888
1288	1452
1861	2099
1699	2549
1962	2168
1545	1813
844	1010
1559	2339
1687	2103
1186	1234
292	438
1881	2443
1938	2058
769	1085
864	956
1935	2181
749	1123
714	790
869	1105
301	367
364	402
1352	1494
603	737
256	272
1896	2364
2055	2413
1822	2096
1360	2040
1753	1899
1217	1345
799	901
1131	1411
601	781
1994	2034
310	436
1584	2376
494	558
1891	2559
973	1075
543	637
985	1389
1774	2082
