HFSDDW
50	25	5
0	80	1	39	2	90	3	85	4	21
0	62	1	39	2	95	3	26	4	28
0	43	1	68	2	44	3	56	4	14
0	10	1	50	2	69	3	32	4	59
0	64	1	46	2	41	3	21	4	50
0	46	1	86	2	60	3	6	4	7
0	48	1	65	2	72	3	83	4	67
0	24	1	85	2	3	3	91	4	2
0	67	1	2	2	7	3	87	4	65
0	24	1	81	2	9	3	4	4	68
0	44	1	29	2	81	3	33	4	82
0	35	1	97	2	69	3	35	4	75
0	75	1	79	2	89	3	20	4	79
0	77	1	95	2	61	3	89	4	90
0	25	1	48	2	78	3	31	4	92
0	63	1	40	2	54	3	56	4	27
0	65	1	78	2	56	3	37	4	62
0	20	1	84	2	40	3	2	4	33
0	26	1	16	2	67	3	17	4	26
0	87	1	12	2	86	3	9	4	87
0	29	1	20	2	19	3	14	4	44
0	95	1	50	2	51	3	40	4	20
0	94	1	44	2	13	3	9	4	10
0	97	1	23	2	53	3	58	4	59
0	93	1	55	2	60	3	56	4	64
0	9	1	81	2	62	3	5	4	5
0	51	1	53	2	46	3	69	4	98
0	45	1	59	2	43	3	93	4	66
0	69	1	34	2	1	3	81	4	38
0	82	1	3	2	58	3	7	4	28
0	65	1	58	2	29	3	49	4	93
0	73	1	60	2	63	3	50	4	35
0	15	1	88	2	46	3	35	4	68
0	42	1	97	2	44	3	11	4	65
0	39	1	80	2	59	3	91	4	89
0	60	1	55	2	78	3	18	4	81
0	6	1	24	2	55	3	77	4	40
0	92	1	24	2	96	3	75	4	25
0	84	1	96	2	93	3	59	4	52
0	81	1	87	2	65	3	14	4	95
0	85	1	59	2	48	3	42	4	89
0	84	1	99	2	37	3	60	4	34
0	19	1	82	2	45	3	68	4	29
0	91	1	34	2	69	3	94	4	75
0	19	1	1	2	68	3	85	4	80
0	42	1	87	2	1	3	40	4	9
0	72	1	89	2	64	3	23	4	95
0	47	1	75	2	14	3	87	4	55
0	93	1	86	2	37	3	42	4	6
0	3	1	52	2	25	3	30	4	61
LBCmax: 668
RELDUE
-1	397	8	3
-1	358	5	5
-1	429	5	3
-1	386	4	3
-1	438	6	5
-1	448	2	6
-1	456	8	8
-1	418	6	4
-1	416	3	2
-1	397	9	1
-1	465	2	9
-1	468	7	6
-1	465	3	1
-1	403	7	4
-1	416	8	8
-1	374	4	7
-1	358	5	1
-1	364	9	6
-1	432	1	2
-1	444	4	4
-1	354	2	8
-1	361	7	9
-1	444	9	9
-1	387	3	7
-1	444	8	3
-1	377	6	7
-1	419	9	7
-1	370	6	9
-1	441	5	9
-1	439	2	4
-1	456	6	9
-1	418	5	7
-1	428	1	4
-1	441	2	8
-1	416	9	9
-1	406	3	1
-1	358	8	6
-1	367	9	3
-1	394	3	8
-1	349	7	4
-1	409	7	9
-1	351	6	6
-1	404	3	7
-1	388	8	7
-1	411	4	1
-1	460	1	2
-1	454	9	9
-1	449	7	2
-1	442	4	9
-1	436	9	5
DDW
333	461
319	397
360	498
317	455
350	526
394	502
374	538
380	456
345	487
361	433
400	530
398	538
446	484
330	476
354	478
329	419
329	387
298	430
389	475
413	475
308	400
329	393
408	480
317	457
369	519
373	381
411	427
300	440
366	516
378	500
374	538
393	443
355	501
415	467
366	466
390	422
340	376
316	418
343	445
300	398
339	479
319	383
327	481
310	466
382	440
423	497
449	459
436	462
424	460
419	453
