HFSDDW
100	25	5
0	1	1	19	2	11	3	55	4	35
0	74	1	47	2	64	3	52	4	93
0	42	1	70	2	28	3	45	4	54
0	91	1	73	2	79	3	50	4	67
0	20	1	57	2	3	3	34	4	94
0	14	1	37	2	41	3	95	4	3
0	80	1	2	2	10	3	10	4	94
0	78	1	49	2	70	3	80	4	62
0	89	1	84	2	85	3	94	4	64
0	76	1	29	2	55	3	62	4	63
0	53	1	32	2	67	3	32	4	31
0	43	1	17	2	76	3	61	4	22
0	37	1	6	2	69	3	50	4	13
0	40	1	60	2	19	3	50	4	76
0	43	1	4	2	98	3	87	4	77
0	35	1	72	2	8	3	70	4	19
0	84	1	82	2	79	3	32	4	49
0	49	1	34	2	78	3	78	4	51
0	62	1	72	2	10	3	58	4	26
0	84	1	15	2	36	3	82	4	24
0	16	1	10	2	5	3	86	4	21
0	50	1	33	2	79	3	55	4	95
0	71	1	9	2	7	3	42	4	37
0	55	1	27	2	37	3	1	4	64
0	6	1	82	2	40	3	99	4	14
0	70	1	94	2	41	3	62	4	92
0	21	1	37	2	26	3	46	4	4
0	75	1	78	2	92	3	11	4	99
0	16	1	54	2	23	3	83	4	80
0	53	1	66	2	68	3	21	4	71
0	57	1	78	2	35	3	18	4	18
0	33	1	70	2	6	3	72	4	51
0	55	1	92	2	18	3	62	4	75
0	34	1	83	2	60	3	38	4	62
0	76	1	34	2	27	3	2	4	49
0	51	1	59	2	56	3	19	4	61
0	4	1	27	2	20	3	91	4	36
0	42	1	2	2	8	3	28	4	70
0	6	1	72	2	21	3	59	4	44
0	23	1	37	2	61	3	9	4	46
0	70	1	7	2	30	3	59	4	94
0	24	1	51	2	34	3	69	4	67
0	74	1	14	2	87	3	12	4	48
0	29	1	73	2	27	3	27	4	33
0	33	1	75	2	32	3	68	4	57
0	5	1	14	2	67	3	57	4	26
0	15	1	98	2	48	3	72	4	90
0	97	1	96	2	61	3	96	4	12
0	91	1	67	2	39	3	61	4	96
0	92	1	85	2	9	3	12	4	15
0	50	1	11	2	34	3	75	4	14
0	94	1	74	2	61	3	2	4	89
0	10	1	84	2	76	3	44	4	53
0	76	1	65	2	15	3	21	4	51
0	33	1	13	2	30	3	15	4	42
0	66	1	37	2	71	3	72	4	65
0	19	1	5	2	56	3	43	4	76
0	4	1	64	2	72	3	59	4	95
0	23	1	35	2	59	3	7	4	3
0	7	1	90	2	95	3	9	4	20
0	27	1	71	2	87	3	60	4	82
0	37	1	81	2	20	3	34	4	47
0	58	1	4	2	89	3	37	4	70
0	6	1	29	2	34	3	67	4	49
0	13	1	92	2	55	3	26	4	28
0	97	1	54	2	23	3	13	4	35
0	75	1	42	2	62	3	52	4	38
0	48	1	17	2	95	3	61	4	40
0	23	1	44	2	39	3	12	4	38
0	20	1	45	2	22	3	36	4	97
0	78	1	57	2	28	3	59	4	8
0	35	1	16	2	62	3	33	4	84
0	83	1	58	2	7	3	98	4	72
0	17	1	41	2	38	3	99	4	23
0	88	1	33	2	73	3	28	4	26
0	68	1	54	2	43	3	88	4	9
0	52	1	32	2	86	3	16	4	57
0	19	1	14	2	3	3	44	4	4
0	33	1	55	2	63	3	76	4	56
0	65	1	37	2	40	3	40	4	22
0	78	1	8	2	23	3	14	4	10
0	45	1	83	2	1	3	34	4	40
0	80	1	72	2	74	3	24	4	32
0	52	1	71	2	91	3	42	4	53
0	3	1	38	2	94	3	95	4	89
0	33	1	70	2	96	3	71	4	61
0	31	1	15	2	4	3	67	4	31
0	45	1	9	2	72	3	7	4	12
0	35	1	14	2	69	3	4	4	23
0	61	1	80	2	40	3	44	4	5
0	93	1	46	2	97	3	86	4	19
0	40	1	14	2	28	3	25	4	76
0	75	1	86	2	29	3	72	4	10
0	66	1	68	2	8	3	93	4	87
0	43	1	98	2	85	3	31	4	19
0	88	1	68	2	90	3	72	4	29
0	52	1	31	2	53	3	67	4	68
0	85	1	18	2	18	3	48	4	90
0	32	1	81	2	48	3	31	4	36
0	48	1	85	2	97	3	94	4	57
LBCmax: 1070
RELDUE
-1	1308	8	8
-1	1106	9	6
-1	817	3	7
-1	928	6	6
-1	980	7	2
-1	1332	4	7
-1	966	6	5
-1	1030	6	5
-1	1046	6	7
-1	653	4	5
-1	1089	3	1
-1	571	4	6
-1	908	8	2
-1	1345	4	5
-1	572	9	8
-1	794	2	5
-1	687	5	7
-1	984	7	5
-1	361	1	8
-1	580	7	8
-1	838	2	2
-1	866	5	9
-1	961	5	9
-1	352	8	4
-1	920	4	8
-1	985	6	1
-1	864	2	4
-1	910	9	7
-1	1334	5	3
-1	1073	8	2
-1	352	3	2
-1	1080	6	9
-1	1340	9	9
-1	483	2	9
-1	712	8	2
-1	1168	4	7
-1	1225	9	6
-1	1348	4	1
-1	376	5	4
-1	1110	1	8
-1	586	4	1
-1	867	1	2
-1	854	2	1
-1	498	4	2
-1	517	7	9
-1	408	9	7
-1	601	1	6
-1	882	5	9
-1	394	5	6
-1	1306	1	6
-1	470	8	9
-1	570	6	3
-1	1326	4	9
-1	1076	2	5
-1	417	1	8
-1	763	3	2
-1	466	2	9
-1	785	7	3
-1	329	1	5
-1	1387	7	8
-1	788	5	1
-1	376	2	9
-1	1088	2	6
-1	1364	7	4
-1	621	2	4
-1	330	6	8
-1	622	4	5
-1	746	1	5
-1	953	4	8
-1	796	7	3
-1	961	9	8
-1	731	1	9
-1	929	6	8
-1	642	5	1
-1	1386	8	2
-1	1363	9	1
-1	332	8	2
-1	783	1	8
-1	1226	7	6
-1	832	1	8
-1	704	2	7
-1	1373	4	7
-1	836	3	4
-1	348	7	7
-1	924	9	3
-1	1173	8	3
-1	1146	7	5
-1	584	9	7
-1	386	9	3
-1	1340	3	4
-1	1022	1	7
-1	761	6	9
-1	1340	5	6
-1	380	9	3
-1	643	4	3
-1	530	7	8
-1	1171	7	9
-1	882	1	3
-1	1268	5	4
-1	508	7	3
DDW
1282	1334
929	1283
801	833
835	1021
921	1039
1146	1518
918	1014
937	1123
994	1098
594	712
893	1285
520	622
844	972
1143	1547
492	652
707	881
673	701
895	1073
343	379
505	655
771	905
771	961
884	1038
299	405
810	1030
965	1005
769	959
746	1074
1214	1454
934	1212
334	370
972	1188
1166	1514
478	488
669	755
1098	1238
1066	1384
1308	1388
323	429
932	1288
539	633
763	971
683	1025
398	598
476	558
384	432
541	661
706	1058
374	414
1162	1450
451	489
564	576
1260	1392
1054	1098
342	492
671	855
424	508
722	848
266	392
1318	1456
756	820
346	406
870	1306
1187	1541
590	652
300	360
516	728
694	798
858	1048
732	860
778	1144
592	870
780	1078
584	700
1303	1469
1131	1595
295	369
713	853
1140	1312
782	882
612	796
1222	1524
727	945
282	414
841	1007
1126	1220
1089	1203
520	648
371	401
1139	1541
838	1206
715	807
1273	1407
346	414
559	727
424	636
1030	1312
811	953
1065	1471
406	610
