HFSDDW
50	25	5
0	28	1	61	2	75	3	13	4	72
0	76	1	30	2	72	3	21	4	36
0	24	1	75	2	50	3	25	4	46
0	19	1	13	2	84	3	35	4	74
0	30	1	83	2	79	3	5	4	24
0	81	1	64	2	61	3	87	4	61
0	7	1	99	2	20	3	10	4	50
0	96	1	2	2	12	3	68	4	22
0	50	1	76	2	49	3	28	4	47
0	14	1	36	2	84	3	66	4	38
0	59	1	76	2	26	3	89	4	55
0	45	1	82	2	71	3	88	4	90
0	13	1	68	2	84	3	60	4	29
0	25	1	55	2	41	3	75	4	49
0	18	1	1	2	16	3	14	4	24
0	54	1	34	2	52	3	57	4	11
0	46	1	79	2	94	3	50	4	2
0	31	1	73	2	30	3	54	4	6
0	15	1	31	2	24	3	77	4	9
0	81	1	91	2	89	3	99	4	23
0	58	1	95	2	10	3	17	4	20
0	59	1	61	2	13	3	66	4	2
0	11	1	31	2	14	3	77	4	45
0	34	1	73	2	35	3	59	4	98
0	51	1	26	2	86	3	70	4	35
0	87	1	77	2	38	3	5	4	42
0	62	1	45	2	52	3	34	4	53
0	51	1	69	2	77	3	30	4	43
0	70	1	61	2	64	3	53	4	94
0	84	1	17	2	46	3	33	4	75
0	9	1	56	2	31	3	1	4	72
0	32	1	9	2	40	3	82	4	33
0	81	1	23	2	8	3	24	4	39
0	65	1	78	2	80	3	25	4	94
0	64	1	95	2	6	3	16	4	29
0	89	1	62	2	33	3	75	4	51
0	71	1	32	2	6	3	30	4	34
0	6	1	15	2	51	3	62	4	21
0	42	1	30	2	95	3	97	4	61
0	47	1	54	2	41	3	14	4	30
0	6	1	36	2	21	3	38	4	11
0	13	1	51	2	15	3	72	4	82
0	70	1	75	2	65	3	31	4	62
0	50	1	17	2	77	3	89	4	34
0	51	1	27	2	18	3	5	4	53
0	35	1	1	2	9	3	55	4	81
0	36	1	22	2	20	3	45	4	45
0	35	1	11	2	68	3	20	4	22
0	55	1	1	2	79	3	80	4	50
0	66	1	64	2	64	3	35	4	12
LBCmax: 564
RELDUE
-1	225	1	5
-1	490	8	1
-1	344	7	8
-1	507	2	8
-1	500	1	3
-1	504	3	8
-1	160	6	9
-1	147	1	7
-1	535	7	2
-1	484	4	8
-1	124	8	2
-1	298	5	2
-1	390	1	5
-1	566	6	2
-1	319	6	7
-1	331	1	6
-1	371	1	5
-1	167	7	3
-1	542	6	6
-1	208	7	7
-1	277	4	8
-1	333	4	4
-1	381	4	4
-1	440	3	8
-1	502	4	3
-1	340	4	3
-1	322	5	5
-1	268	3	9
-1	362	9	6
-1	546	9	3
-1	454	2	1
-1	260	3	4
-1	468	2	7
-1	303	7	1
-1	347	2	8
-1	386	2	1
-1	453	4	7
-1	280	5	9
-1	432	7	2
-1	427	8	7
-1	147	2	8
-1	590	7	3
-1	525	3	8
-1	301	1	6
-1	108	3	8
-1	122	4	1
-1	288	7	4
-1	558	6	4
-1	244	6	1
-1	64	2	6
DDW
212	238
475	505
320	368
477	537
490	510
484	524
146	174
134	160
482	588
465	503
122	126
274	322
359	421
549	583
313	325
318	344
360	382
150	184
537	547
200	216
258	296
326	340
351	411
422	458
477	527
333	347
309	335
241	295
355	369
535	557
440	468
239	281
421	515
294	312
340	354
351	421
444	462
274	286
423	441
389	465
146	148
572	608
488	562
271	331
100	116
115	129
279	297
530	586
237	251
62	66
