HFSDDW
100	15	5
0	80	1	28	2	35	3	72	4	56
0	20	1	16	2	97	3	60	4	29
0	23	1	53	2	94	3	55	4	36
0	46	1	66	2	94	3	70	4	88
0	17	1	80	2	11	3	36	4	6
0	15	1	34	2	43	3	29	4	82
0	95	1	14	2	1	3	32	4	22
0	42	1	79	2	67	3	40	4	31
0	45	1	36	2	97	3	92	4	72
0	12	1	23	2	46	3	79	4	3
0	45	1	54	2	55	3	28	4	47
0	1	1	18	2	99	3	66	4	42
0	86	1	73	2	68	3	78	4	34
0	10	1	52	2	63	3	33	4	93
0	66	1	98	2	55	3	39	4	44
0	81	1	82	2	18	3	63	4	93
0	92	1	87	2	64	3	26	4	38
0	41	1	59	2	73	3	84	4	21
0	24	1	80	2	1	3	97	4	45
0	72	1	68	2	20	3	59	4	63
0	60	1	60	2	13	3	85	4	37
0	46	1	99	2	16	3	84	4	66
0	19	1	1	2	36	3	72	4	50
0	98	1	9	2	42	3	40	4	93
0	50	1	79	2	78	3	13	4	69
0	85	1	98	2	57	3	94	4	71
0	13	1	62	2	59	3	1	4	34
0	32	1	75	2	78	3	89	4	92
0	42	1	43	2	89	3	18	4	3
0	24	1	45	2	28	3	48	4	46
0	63	1	26	2	80	3	65	4	13
0	80	1	81	2	1	3	16	4	52
0	48	1	42	2	21	3	13	4	53
0	56	1	42	2	36	3	39	4	18
0	24	1	31	2	52	3	48	4	52
0	8	1	90	2	60	3	10	4	46
0	41	1	70	2	10	3	48	4	8
0	87	1	82	2	93	3	87	4	53
0	51	1	74	2	63	3	38	4	45
0	99	1	23	2	76	3	65	4	46
0	82	1	9	2	89	3	31	4	23
0	33	1	74	2	33	3	14	4	6
0	90	1	22	2	90	3	70	4	11
0	78	1	33	2	72	3	6	4	66
0	74	1	48	2	48	3	85	4	66
0	49	1	67	2	15	3	3	4	52
0	84	1	15	2	95	3	63	4	63
0	32	1	80	2	78	3	26	4	74
0	13	1	50	2	79	3	82	4	63
0	29	1	83	2	93	3	27	4	67
0	67	1	50	2	71	3	98	4	72
0	34	1	61	2	4	3	64	4	74
0	66	1	59	2	30	3	62	4	21
0	76	1	26	2	27	3	7	4	79
0	97	1	54	2	47	3	31	4	53
0	25	1	68	2	66	3	23	4	38
0	65	1	74	2	87	3	36	4	84
0	35	1	43	2	96	3	91	4	30
0	71	1	77	2	14	3	52	4	9
0	54	1	20	2	18	3	61	4	86
0	3	1	57	2	86	3	48	4	69
0	14	1	4	2	41	3	45	4	47
0	65	1	94	2	80	3	27	4	9
0	91	1	71	2	93	3	78	4	86
0	33	1	29	2	36	3	77	4	8
0	20	1	41	2	95	3	22	4	99
0	5	1	51	2	6	3	36	4	35
0	9	1	88	2	40	3	67	4	71
0	32	1	3	2	52	3	44	4	64
0	76	1	96	2	86	3	43	4	18
0	82	1	27	2	40	3	75	4	54
0	73	1	21	2	10	3	40	4	49
0	72	1	8	2	19	3	45	4	43
0	15	1	89	2	45	3	92	4	99
0	4	1	32	2	27	3	7	4	54
0	30	1	77	2	91	3	14	4	31
0	24	1	54	2	52	3	5	4	18
0	78	1	11	2	30	3	82	4	61
0	88	1	79	2	99	3	18	4	98
0	24	1	83	2	7	3	2	4	49
0	87	1	52	2	93	3	43	4	14
0	50	1	99	2	33	3	21	4	24
0	96	1	29	2	95	3	9	4	26
0	18	1	56	2	15	3	28	4	64
0	4	1	59	2	62	3	32	4	12
0	25	1	33	2	10	3	9	4	31
0	47	1	71	2	90	3	64	4	44
0	71	1	60	2	9	3	90	4	67
0	78	1	78	2	9	3	58	4	64
0	59	1	83	2	90	3	91	4	80
0	68	1	69	2	78	3	37	4	46
0	28	1	89	2	62	3	31	4	89
0	18	1	90	2	25	3	90	4	77
0	26	1	38	2	32	3	65	4	54
0	57	1	47	2	25	3	61	4	86
0	26	1	50	2	5	3	67	4	53
0	42	1	42	2	18	3	28	4	62
0	77	1	92	2	54	3	19	4	16
0	82	1	98	2	77	3	2	4	49
0	87	1	53	2	19	3	81	4	39
LBCmax: 1904
RELDUE
-1	809	4	4
-1	1162	5	9
-1	864	2	2
-1	997	6	1
-1	832	2	5
-1	810	5	3
-1	1083	6	9
-1	768	1	8
-1	1147	5	6
-1	798	7	3
-1	1459	1	2
-1	1541	4	5
-1	1655	1	2
-1	1464	7	5
-1	1116	9	6
-1	1442	8	3
-1	1405	6	2
-1	1676	4	2
-1	893	2	7
-1	1714	3	6
-1	948	5	4
-1	1537	3	7
-1	714	4	3
-1	1135	7	3
-1	1392	4	1
-1	1248	6	1
-1	1364	8	2
-1	835	8	2
-1	707	9	1
-1	1703	8	9
-1	1396	5	2
-1	937	1	6
-1	840	6	3
-1	897	6	5
-1	937	5	9
-1	1599	6	8
-1	754	4	1
-1	1491	8	6
-1	629	9	7
-1	1045	1	8
-1	943	5	5
-1	1432	2	8
-1	609	9	8
-1	1702	4	4
-1	1005	3	2
-1	1686	3	2
-1	612	8	3
-1	1710	2	4
-1	1182	3	7
-1	1406	2	2
-1	736	6	3
-1	1220	7	4
-1	1602	4	8
-1	1497	6	8
-1	637	4	3
-1	987	3	3
-1	1018	9	1
-1	1443	5	9
-1	1319	9	2
-1	1299	6	7
-1	1161	8	2
-1	819	2	3
-1	631	6	5
-1	1159	9	1
-1	1117	8	5
-1	1093	4	2
-1	1272	5	9
-1	1328	2	2
-1	1097	8	7
-1	1231	5	2
-1	1258	2	6
-1	1629	1	1
-1	1618	9	9
-1	1562	2	8
-1	1341	8	3
-1	1231	4	2
-1	1498	2	4
-1	727	3	4
-1	700	2	4
-1	1421	8	9
-1	1207	8	6
-1	1368	9	9
-1	1367	8	1
-1	1015	7	9
-1	1537	8	3
-1	746	1	3
-1	1049	7	4
-1	1058	5	2
-1	830	2	1
-1	1665	4	6
-1	1151	3	2
-1	1025	2	6
-1	742	1	2
-1	1045	1	2
-1	1599	6	7
-1	695	1	4
-1	1371	9	6
-1	1164	3	6
-1	1155	7	2
-1	1627	2	8
DDW
785	833
1127	1197
778	950
937	1057
815	849
794	826
1029	1137
707	829
1044	1250
782	814
1401	1517
1526	1556
1638	1672
1435	1493
1049	1183
1327	1557
1349	1461
1609	1743
822	964
1594	1834
939	957
1445	1629
685	743
1112	1158
1350	1434
1161	1335
1309	1419
818	852
693	721
1550	1856
1326	1466
843	1031
764	916
843	951
900	974
1583	1615
731	777
1387	1595
598	660
940	1150
868	1018
1375	1489
585	633
1617	1787
955	1055
1517	1855
581	643
1556	1864
1064	1300
1322	1490
707	765
1171	1269
1538	1666
1407	1587
586	688
908	1066
926	1110
1328	1558
1279	1359
1221	1377
1057	1265
794	844
593	669
1043	1275
1039	1195
1049	1137
1247	1297
1262	1394
1009	1185
1169	1293
1195	1321
1515	1743
1456	1780
1437	1687
1220	1462
1145	1317
1453	1543
662	792
651	749
1378	1464
1171	1243
1300	1436
1340	1394
954	1076
1445	1629
731	761
986	1112
1016	1100
764	896
1548	1782
1128	1174
974	1076
712	772
951	1139
1567	1631
653	737
1261	1481
1117	1211
1051	1259
1611	1643
