HFSDDW
100	50	10
0	37	1	2	2	68	3	72	4	61	5	85	6	95	7	82	8	7	9	95
0	53	1	13	2	10	3	90	4	60	5	62	6	65	7	2	8	72	9	42
0	29	1	31	2	16	3	21	4	61	5	77	6	52	7	51	8	58	9	14
0	53	1	91	2	54	3	80	4	30	5	9	6	22	7	16	8	78	9	76
0	57	1	18	2	33	3	41	4	15	5	14	6	70	7	61	8	27	9	16
0	54	1	20	2	84	3	41	4	7	5	6	6	86	7	48	8	12	9	84
0	34	1	44	2	25	3	93	4	42	5	61	6	58	7	29	8	60	9	52
0	41	1	49	2	24	3	95	4	85	5	11	6	98	7	74	8	6	9	47
0	7	1	91	2	25	3	43	4	60	5	33	6	7	7	14	8	74	9	25
0	22	1	74	2	4	3	93	4	42	5	13	6	93	7	40	8	99	9	53
0	55	1	42	2	1	3	74	4	75	5	5	6	96	7	88	8	56	9	95
0	8	1	12	2	42	3	64	4	78	5	43	6	20	7	82	8	34	9	9
0	54	1	45	2	55	3	36	4	30	5	66	6	46	7	30	8	53	9	73
0	18	1	58	2	75	3	52	4	91	5	65	6	90	7	50	8	67	9	55
0	37	1	18	2	57	3	78	4	17	5	11	6	32	7	39	8	16	9	99
0	92	1	11	2	7	3	90	4	98	5	11	6	86	7	65	8	45	9	9
0	59	1	67	2	36	3	83	4	77	5	50	6	36	7	89	8	73	9	14
0	52	1	69	2	15	3	78	4	72	5	37	6	88	7	77	8	19	9	19
0	35	1	7	2	14	3	54	4	80	5	8	6	52	7	84	8	54	9	81
0	78	1	26	2	6	3	59	4	96	5	69	6	82	7	74	8	1	9	67
0	75	1	42	2	66	3	3	4	47	5	23	6	95	7	29	8	19	9	62
0	23	1	10	2	46	3	26	4	73	5	53	6	53	7	81	8	3	9	70
0	97	1	51	2	36	3	91	4	35	5	27	6	63	7	55	8	81	9	3
0	54	1	15	2	76	3	52	4	44	5	92	6	40	7	12	8	7	9	57
0	12	1	24	2	66	3	91	4	59	5	69	6	80	7	80	8	85	9	44
0	17	1	1	2	71	3	31	4	69	5	24	6	7	7	75	8	68	9	21
0	59	1	41	2	47	3	16	4	9	5	9	6	34	7	93	8	81	9	81
0	13	1	42	2	75	3	46	4	59	5	74	6	84	7	45	8	33	9	65
0	47	1	83	2	69	3	38	4	86	5	53	6	43	7	45	8	83	9	21
0	86	1	64	2	44	3	86	4	97	5	70	6	76	7	51	8	83	9	51
0	36	1	86	2	99	3	5	4	31	5	75	6	26	7	25	8	71	9	94
0	39	1	62	2	43	3	3	4	74	5	76	6	71	7	9	8	29	9	55
0	65	1	88	2	11	3	61	4	95	5	49	6	97	7	89	8	48	9	88
0	98	1	34	2	61	3	82	4	30	5	60	6	84	7	65	8	8	9	12
0	27	1	19	2	74	3	88	4	81	5	25	6	22	7	41	8	12	9	22
0	99	1	68	2	22	3	28	4	86	5	47	6	76	7	39	8	10	9	82
0	77	1	37	2	77	3	82	4	96	5	5	6	1	7	61	8	72	9	14
0	92	1	7	2	2	3	18	4	28	5	46	6	14	7	22	8	79	9	70
0	27	1	56	2	77	3	27	4	89	5	30	6	13	7	34	8	95	9	82
0	84	1	45	2	55	3	26	4	35	5	90	6	42	7	91	8	92	9	76
0	25	1	61	2	69	3	98	4	29	5	93	6	66	7	5	8	99	9	40
0	34	1	54	2	59	3	39	4	56	5	21	6	59	7	50	8	93	9	66
0	92	1	66	2	65	3	89	4	30	5	47	6	51	7	76	8	82	9	38
0	5	1	22	2	30	3	3	4	46	5	65	6	87	7	79	8	98	9	96
0	64	1	9	2	34	3	56	4	49	5	30	6	86	7	17	8	70	9	15
0	31	1	91	2	98	3	26	4	84	5	58	6	96	7	79	8	68	9	82
0	43	1	90	2	22	3	62	4	35	5	12	6	25	7	56	8	92	9	90
0	33	1	80	2	52	3	97	4	3	5	84	6	33	7	9	8	41	9	99
0	61	1	34	2	7	3	68	4	8	5	13	6	24	7	5	8	19	9	88
0	68	1	9	2	11	3	16	4	53	5	73	6	86	7	72	8	22	9	38
0	6	1	30	2	24	3	79	4	81	5	50	6	40	7	2	8	23	9	99
0	25	1	88	2	39	3	69	4	21	5	9	6	84	7	53	8	55	9	22
0	87	1	21	2	38	3	5	4	23	5	25	6	70	7	36	8	44	9	30
0	97	1	61	2	87	3	3	4	94	5	31	6	11	7	27	8	87	9	57
0	73	1	23	2	81	3	19	4	63	5	80	6	69	7	42	8	94	9	45
0	89	1	34	2	17	3	99	4	50	5	85	6	92	7	20	8	57	9	56
0	80	1	5	2	57	3	93	4	3	5	64	6	2	7	36	8	74	9	90
0	98	1	57	2	66	3	98	4	49	5	65	6	39	7	19	8	41	9	42
0	55	1	28	2	41	3	98	4	41	5	64	6	44	7	87	8	53	9	10
0	39	1	90	2	70	3	31	4	76	5	69	6	65	7	87	8	17	9	99
0	78	1	34	2	67	3	5	4	47	5	32	6	68	7	19	8	51	9	85
0	46	1	73	2	79	3	15	4	2	5	53	6	63	7	59	8	53	9	39
0	20	1	14	2	83	3	65	4	51	5	8	6	86	7	35	8	22	9	79
0	99	1	51	2	3	3	42	4	63	5	21	6	60	7	36	8	51	9	9
0	95	1	26	2	37	3	67	4	63	5	66	6	11	7	56	8	30	9	24
0	6	1	7	2	35	3	77	4	79	5	65	6	51	7	3	8	54	9	39
0	46	1	33	2	96	3	71	4	86	5	95	6	70	7	38	8	51	9	80
0	92	1	27	2	8	3	45	4	43	5	94	6	77	7	16	8	3	9	84
0	96	1	31	2	6	3	98	4	74	5	92	6	17	7	26	8	62	9	98
0	70	1	58	2	82	3	12	4	63	5	63	6	29	7	65	8	81	9	68
0	95	1	73	2	6	3	49	4	31	5	79	6	99	7	90	8	35	9	85
0	87	1	35	2	1	3	69	4	43	5	16	6	28	7	98	8	97	9	93
0	79	1	45	2	75	3	52	4	10	5	35	6	45	7	95	8	81	9	80
0	65	1	12	2	35	3	35	4	88	5	24	6	25	7	56	8	67	9	94
0	93	1	26	2	90	3	77	4	12	5	35	6	57	7	13	8	69	9	48
0	35	1	31	2	68	3	88	4	88	5	51	6	97	7	53	8	40	9	96
0	34	1	5	2	9	3	54	4	20	5	76	6	1	7	66	8	80	9	19
0	90	1	72	2	32	3	3	4	99	5	53	6	54	7	98	8	41	9	75
0	77	1	32	2	26	3	34	4	45	5	35	6	43	7	46	8	46	9	38
0	26	1	71	2	17	3	71	4	61	5	89	6	18	7	36	8	57	9	35
0	34	1	91	2	33	3	51	4	57	5	63	6	99	7	66	8	88	9	36
0	96	1	99	2	13	3	64	4	19	5	3	6	78	7	74	8	10	9	85
0	33	1	55	2	21	3	42	4	93	5	19	6	55	7	61	8	42	9	11
0	35	1	18	2	42	3	6	4	41	5	86	6	99	7	75	8	77	9	81
0	36	1	77	2	58	3	10	4	42	5	27	6	59	7	52	8	52	9	59
0	11	1	44	2	27	3	72	4	3	5	79	6	71	7	90	8	57	9	39
0	8	1	39	2	25	3	78	4	2	5	78	6	57	7	7	8	24	9	33
0	3	1	4	2	96	3	28	4	49	5	56	6	96	7	11	8	1	9	67
0	60	1	4	2	9	3	82	4	99	5	91	6	91	7	70	8	4	9	61
0	15	1	9	2	18	3	39	4	74	5	97	6	52	7	80	8	9	9	63
0	69	1	52	2	29	3	19	4	56	5	8	6	47	7	99	8	23	9	47
0	82	1	60	2	89	3	89	4	78	5	5	6	30	7	42	8	78	9	10
0	87	1	87	2	4	3	62	4	18	5	93	6	85	7	58	8	54	9	52
0	4	1	17	2	3	3	38	4	98	5	8	6	75	7	90	8	27	9	92
0	45	1	92	2	47	3	56	4	79	5	55	6	20	7	28	8	60	9	69
0	68	1	11	2	3	3	98	4	76	5	81	6	48	7	66	8	2	9	62
0	22	1	88	2	45	3	71	4	44	5	65	6	58	7	52	8	91	9	71
0	30	1	40	2	16	3	85	4	65	5	94	6	40	7	48	8	83	9	63
0	74	1	57	2	98	3	84	4	83	5	92	6	15	7	4	8	62	9	17
0	60	1	9	2	89	3	64	4	71	5	56	6	47	7	76	8	13	9	14
LBCmax: 1424
RELDUE
-1	1810	9	2
-1	1397	8	9
-1	950	6	8
-1	1694	7	6
-1	990	1	1
-1	831	6	7
-1	1786	6	3
-1	663	3	8
-1	911	7	9
-1	1587	8	7
-1	1011	1	9
-1	429	1	5
-1	1609	5	8
-1	968	5	9
-1	1688	5	1
-1	1346	6	4
-1	1709	6	9
-1	1290	6	8
-1	1668	2	8
-1	1152	5	6
-1	1150	9	2
-1	1199	6	9
-1	1705	6	6
-1	1488	9	1
-1	586	1	9
-1	727	8	1
-1	1147	6	7
-1	1153	9	1
-1	636	1	3
-1	548	4	7
-1	1101	4	8
-1	1340	1	1
-1	927	5	2
-1	1424	1	6
-1	1366	7	4
-1	510	6	8
-1	719	5	3
-1	561	8	8
-1	1068	3	1
-1	1217	8	9
-1	1813	9	4
-1	1827	8	5
-1	1418	2	5
-1	1573	8	9
-1	1509	1	5
-1	1277	7	9
-1	791	4	7
-1	1153	2	1
-1	1505	2	6
-1	515	4	5
-1	1371	5	3
-1	1662	4	6
-1	1696	4	9
-1	1306	6	4
-1	1317	9	2
-1	1037	7	9
-1	1543	5	4
-1	1313	8	9
-1	1535	9	5
-1	690	9	1
-1	1536	4	2
-1	1059	6	2
-1	454	6	7
-1	789	4	7
-1	912	1	7
-1	1523	7	7
-1	1353	6	4
-1	612	4	6
-1	1454	1	2
-1	1604	2	2
-1	1054	9	5
-1	1575	1	9
-1	649	7	7
-1	878	5	1
-1	1191	8	3
-1	1175	2	6
-1	1633	7	4
-1	559	1	4
-1	1831	7	2
-1	1160	9	7
-1	1788	5	8
-1	1845	3	2
-1	1499	4	1
-1	547	4	1
-1	1028	9	3
-1	1291	8	7
-1	1495	4	7
-1	1472	1	9
-1	534	2	7
-1	755	4	8
-1	819	2	4
-1	1257	9	8
-1	877	6	1
-1	804	1	2
-1	1532	3	1
-1	1180	9	8
-1	1799	3	4
-1	1055	6	2
-1	1087	2	8
-1	1837	5	7
DDW
1647	1973
1285	1509
931	969
1474	1914
901	1079
765	897
1661	1911
530	796
829	993
1524	1650
960	1062
343	515
1335	1883
939	997
1502	1874
1306	1386
1401	2017
1161	1419
1501	1835
1060	1244
1127	1173
1163	1235
1415	1995
1220	1756
545	627
582	872
1021	1273
922	1384
630	642
455	641
936	1266
1260	1420
871	983
1225	1623
1229	1503
418	602
669	769
522	600
983	1153
1144	1290
1541	2085
1809	1845
1191	1645
1526	1620
1237	1781
1022	1532
775	807
1118	1188
1249	1761
458	572
1275	1467
1413	1911
1543	1849
1280	1332
1146	1488
975	1099
1358	1728
1260	1366
1443	1627
628	752
1275	1797
985	1133
368	540
694	884
830	994
1234	1812
1150	1556
594	630
1250	1658
1379	1829
885	1223
1402	1748
636	662
843	913
1036	1346
1163	1187
1502	1764
481	637
1813	1849
1067	1253
1448	2128
1679	2011
1454	1544
487	607
925	1131
1278	1304
1226	1764
1413	1531
523	545
725	785
770	868
1207	1307
859	895
643	965
1394	1670
1074	1286
1763	1835
1002	1108
935	1239
1488	2186
