HFSDDW
50	15	5
0	90	1	81	2	51	3	69	4	56
0	10	1	7	2	14	3	23	4	98
0	95	1	14	2	64	3	30	4	91
0	24	1	99	2	49	3	24	4	14
0	22	1	51	2	7	3	80	4	18
0	20	1	81	2	41	3	88	4	2
0	66	1	99	2	48	3	90	4	60
0	97	1	80	2	60	3	54	4	64
0	24	1	34	2	43	3	53	4	4
0	49	1	46	2	82	3	10	4	35
0	23	1	50	2	1	3	41	4	67
0	39	1	74	2	71	3	52	4	36
0	28	1	66	2	25	3	22	4	33
0	96	1	66	2	74	3	70	4	94
0	44	1	40	2	95	3	60	4	89
0	87	1	8	2	53	3	76	4	69
0	74	1	98	2	32	3	54	4	78
0	16	1	98	2	8	3	24	4	21
0	23	1	9	2	9	3	18	4	36
0	58	1	10	2	22	3	21	4	8
0	83	1	72	2	13	3	16	4	91
0	82	1	54	2	41	3	51	4	79
0	32	1	21	2	94	3	83	4	62
0	30	1	34	2	71	3	43	4	17
0	98	1	58	2	50	3	49	4	72
0	35	1	32	2	77	3	24	4	32
0	77	1	86	2	33	3	68	4	85
0	3	1	85	2	17	3	62	4	95
0	61	1	57	2	56	3	45	4	89
0	2	1	15	2	26	3	56	4	6
0	24	1	39	2	79	3	5	4	10
0	25	1	23	2	64	3	44	4	57
0	51	1	77	2	18	3	19	4	2
0	46	1	88	2	26	3	97	4	59
0	45	1	18	2	9	3	47	4	55
0	41	1	2	2	6	3	60	4	70
0	20	1	7	2	21	3	18	4	8
0	39	1	7	2	29	3	59	4	61
0	79	1	22	2	73	3	5	4	45
0	84	1	40	2	38	3	43	4	44
0	13	1	88	2	28	3	96	4	61
0	7	1	30	2	32	3	49	4	68
0	23	1	17	2	4	3	73	4	37
0	45	1	56	2	99	3	12	4	63
0	39	1	60	2	67	3	37	4	79
0	24	1	45	2	4	3	3	4	71
0	2	1	64	2	63	3	16	4	57
0	32	1	78	2	24	3	57	4	2
0	10	1	75	2	79	3	90	4	38
0	63	1	18	2	99	3	68	4	99
LBCmax: 927
RELDUE
-1	251	1	3
-1	319	8	6
-1	238	4	9
-1	538	9	2
-1	122	3	4
-1	386	7	5
-1	212	9	1
-1	600	3	2
-1	188	9	3
-1	302	4	1
-1	435	2	7
-1	238	7	2
-1	259	9	8
-1	528	3	3
-1	468	7	7
-1	419	2	8
-1	396	5	2
-1	581	1	7
-1	183	6	7
-1	123	7	5
-1	462	6	2
-1	269	6	7
-1	326	3	6
-1	147	9	1
-1	390	8	3
-1	446	9	2
-1	544	6	2
-1	519	6	4
-1	645	5	7
-1	187	7	5
-1	124	7	7
-1	345	5	6
-1	293	3	9
-1	105	9	7
-1	329	9	6
-1	430	5	2
-1	306	6	9
-1	553	5	9
-1	153	2	1
-1	117	8	3
-1	149	8	2
-1	579	4	5
-1	132	7	1
-1	201	2	4
-1	315	6	7
-1	555	3	9
-1	343	1	2
-1	99	7	8
-1	220	7	9
-1	532	5	4
DDW
231	271
309	329
233	243
516	560
113	131
355	417
199	225
552	648
173	203
281	323
422	448
226	250
233	285
507	549
431	505
394	444
376	416
575	587
168	198
119	127
425	499
253	285
319	333
144	150
374	406
415	477
539	549
493	545
632	658
176	198
120	128
338	352
272	314
101	109
309	349
400	460
303	309
547	559
141	165
116	118
142	156
556	602
123	141
199	203
296	334
511	599
309	377
92	106
209	231
521	543
