HFSDDW
100	30	10
0	92	1	83	2	29	3	80	4	88	5	64	6	78	7	24	8	37	9	13
0	81	1	38	2	91	3	88	4	64	5	39	6	97	7	91	8	6	9	49
0	21	1	35	2	16	3	43	4	70	5	46	6	34	7	41	8	40	9	49
0	24	1	21	2	29	3	19	4	29	5	91	6	91	7	62	8	42	9	66
0	92	1	8	2	32	3	34	4	80	5	77	6	73	7	17	8	82	9	73
0	14	1	22	2	63	3	17	4	4	5	57	6	67	7	86	8	10	9	43
0	31	1	37	2	83	3	87	4	89	5	61	6	9	7	72	8	59	9	72
0	48	1	36	2	50	3	40	4	56	5	13	6	3	7	82	8	62	9	92
0	72	1	18	2	59	3	66	4	36	5	3	6	57	7	13	8	16	9	71
0	25	1	5	2	52	3	98	4	36	5	55	6	24	7	44	8	45	9	19
0	68	1	1	2	57	3	10	4	26	5	77	6	72	7	24	8	61	9	91
0	54	1	85	2	24	3	18	4	70	5	13	6	78	7	18	8	52	9	87
0	4	1	96	2	57	3	87	4	48	5	43	6	83	7	51	8	4	9	1
0	88	1	58	2	37	3	44	4	24	5	72	6	61	7	50	8	41	9	58
0	30	1	34	2	51	3	25	4	18	5	39	6	81	7	34	8	29	9	23
0	77	1	7	2	92	3	58	4	16	5	71	6	44	7	69	8	61	9	83
0	94	1	22	2	20	3	60	4	3	5	95	6	48	7	80	8	94	9	98
0	52	1	29	2	77	3	93	4	57	5	70	6	45	7	32	8	70	9	9
0	62	1	49	2	22	3	80	4	24	5	81	6	66	7	79	8	28	9	52
0	28	1	91	2	88	3	58	4	64	5	9	6	14	7	91	8	22	9	22
0	91	1	2	2	40	3	31	4	71	5	49	6	30	7	98	8	1	9	45
0	26	1	12	2	98	3	53	4	22	5	45	6	99	7	40	8	37	9	22
0	30	1	68	2	52	3	42	4	70	5	60	6	40	7	20	8	30	9	48
0	57	1	54	2	11	3	49	4	17	5	61	6	10	7	91	8	9	9	74
0	51	1	67	2	78	3	83	4	26	5	16	6	93	7	36	8	36	9	19
0	10	1	74	2	55	3	1	4	92	5	23	6	49	7	97	8	60	9	12
0	9	1	11	2	69	3	53	4	88	5	72	6	2	7	50	8	36	9	61
0	36	1	8	2	31	3	62	4	70	5	62	6	90	7	68	8	17	9	54
0	67	1	5	2	83	3	11	4	39	5	83	6	98	7	11	8	56	9	94
0	12	1	12	2	32	3	96	4	65	5	41	6	97	7	26	8	95	9	53
0	15	1	43	2	99	3	75	4	83	5	2	6	43	7	92	8	30	9	30
0	33	1	80	2	81	3	6	4	45	5	4	6	28	7	59	8	14	9	5
0	73	1	91	2	94	3	42	4	49	5	25	6	76	7	34	8	96	9	29
0	65	1	64	2	73	3	63	4	40	5	24	6	5	7	8	8	27	9	38
0	40	1	6	2	80	3	27	4	61	5	31	6	30	7	26	8	52	9	61
0	13	1	39	2	12	3	90	4	79	5	24	6	49	7	58	8	27	9	59
0	26	1	10	2	96	3	1	4	65	5	69	6	8	7	18	8	66	9	21
0	99	1	21	2	32	3	76	4	64	5	67	6	12	7	67	8	81	9	19
0	94	1	50	2	82	3	35	4	16	5	26	6	52	7	82	8	83	9	17
0	75	1	47	2	81	3	67	4	12	5	31	6	10	7	79	8	62	9	91
0	24	1	12	2	60	3	31	4	62	5	92	6	7	7	36	8	26	9	13
0	12	1	81	2	77	3	8	4	65	5	75	6	27	7	61	8	84	9	39
0	17	1	25	2	35	3	49	4	46	5	52	6	40	7	64	8	64	9	34
0	58	1	32	2	6	3	89	4	94	5	82	6	90	7	51	8	72	9	24
0	20	1	17	2	57	3	71	4	5	5	94	6	70	7	73	8	3	9	37
0	4	1	49	2	94	3	24	4	75	5	98	6	77	7	11	8	85	9	11
0	53	1	42	2	71	3	92	4	54	5	80	6	76	7	88	8	14	9	83
0	85	1	76	2	88	3	61	4	19	5	99	6	68	7	63	8	45	9	51
0	82	1	66	2	62	3	28	4	30	5	10	6	38	7	81	8	14	9	95
0	5	1	79	2	66	3	62	4	70	5	77	6	46	7	64	8	17	9	25
0	18	1	82	2	60	3	20	4	51	5	28	6	60	7	33	8	5	9	75
0	31	1	14	2	65	3	34	4	29	5	86	6	80	7	43	8	62	9	45
0	42	1	94	2	74	3	18	4	78	5	6	6	10	7	27	8	91	9	41
0	54	1	4	2	47	3	21	4	33	5	1	6	7	7	42	8	76	9	3
0	49	1	5	2	77	3	39	4	65	5	91	6	15	7	33	8	34	9	83
0	97	1	3	2	3	3	71	4	82	5	24	6	8	7	42	8	42	9	46
0	19	1	33	2	42	3	63	4	22	5	28	6	67	7	45	8	1	9	29
0	80	1	38	2	66	3	59	4	96	5	37	6	17	7	36	8	53	9	86
0	91	1	76	2	93	3	9	4	44	5	51	6	1	7	75	8	38	9	10
0	92	1	64	2	1	3	31	4	84	5	16	6	63	7	14	8	17	9	37
0	24	1	69	2	33	3	6	4	4	5	59	6	37	7	43	8	75	9	45
0	7	1	72	2	89	3	55	4	55	5	42	6	40	7	34	8	20	9	71
0	27	1	92	2	7	3	91	4	36	5	16	6	38	7	36	8	75	9	80
0	74	1	4	2	19	3	16	4	63	5	22	6	44	7	88	8	5	9	85
0	15	1	58	2	99	3	92	4	3	5	20	6	74	7	45	8	76	9	43
0	76	1	30	2	94	3	46	4	11	5	32	6	62	7	42	8	69	9	87
0	22	1	1	2	67	3	95	4	71	5	4	6	54	7	74	8	92	9	33
0	97	1	52	2	29	3	35	4	57	5	69	6	92	7	15	8	88	9	17
0	42	1	92	2	60	3	33	4	4	5	44	6	9	7	73	8	6	9	31
0	60	1	3	2	20	3	18	4	63	5	14	6	90	7	4	8	22	9	98
0	65	1	1	2	53	3	43	4	45	5	24	6	2	7	60	8	89	9	41
0	39	1	48	2	53	3	52	4	46	5	29	6	40	7	35	8	91	9	28
0	94	1	81	2	68	3	62	4	72	5	94	6	33	7	11	8	71	9	43
0	78	1	88	2	92	3	89	4	51	5	41	6	40	7	17	8	87	9	80
0	42	1	49	2	84	3	64	4	91	5	12	6	50	7	67	8	72	9	34
0	74	1	55	2	12	3	93	4	5	5	84	6	32	7	91	8	70	9	50
0	91	1	91	2	88	3	46	4	63	5	50	6	55	7	63	8	1	9	5
0	89	1	23	2	47	3	12	4	85	5	45	6	96	7	5	8	70	9	61
0	45	1	65	2	38	3	37	4	69	5	23	6	77	7	99	8	85	9	66
0	9	1	48	2	46	3	38	4	88	5	51	6	60	7	38	8	2	9	41
0	56	1	86	2	66	3	67	4	44	5	51	6	9	7	1	8	9	9	59
0	87	1	28	2	21	3	10	4	5	5	26	6	53	7	52	8	77	9	40
0	73	1	56	2	77	3	34	4	96	5	41	6	77	7	10	8	24	9	35
0	85	1	59	2	3	3	30	4	5	5	59	6	99	7	70	8	92	9	18
0	15	1	76	2	91	3	27	4	79	5	81	6	28	7	36	8	33	9	63
0	97	1	9	2	60	3	62	4	67	5	1	6	10	7	32	8	71	9	4
0	73	1	98	2	77	3	73	4	74	5	29	6	25	7	91	8	6	9	46
0	27	1	83	2	59	3	59	4	25	5	97	6	65	7	51	8	55	9	16
0	14	1	41	2	77	3	60	4	38	5	76	6	98	7	41	8	62	9	4
0	49	1	67	2	99	3	89	4	45	5	17	6	99	7	18	8	53	9	50
0	56	1	36	2	31	3	86	4	37	5	15	6	50	7	2	8	37	9	70
0	35	1	59	2	76	3	56	4	89	5	33	6	21	7	17	8	36	9	97
0	30	1	84	2	30	3	2	4	96	5	59	6	83	7	69	8	15	9	8
0	97	1	48	2	97	3	5	4	59	5	77	6	10	7	91	8	24	9	23
0	27	1	97	2	4	3	91	4	69	5	90	6	90	7	43	8	1	9	12
0	96	1	83	2	82	3	55	4	20	5	72	6	7	7	29	8	89	9	77
0	31	1	80	2	86	3	30	4	73	5	87	6	61	7	72	8	96	9	13
0	23	1	30	2	92	3	13	4	71	5	33	6	80	7	38	8	33	9	6
0	68	1	41	2	69	3	4	4	12	5	14	6	65	7	42	8	84	9	87
0	70	1	81	2	2	3	47	4	92	5	46	6	11	7	74	8	19	9	81
LBCmax: 2121
RELDUE
-1	1611	5	4
-1	1565	2	7
-1	1680	1	1
-1	1858	6	8
-1	1861	2	4
-1	1768	5	4
-1	1872	2	1
-1	1778	9	3
-1	1843	4	3
-1	1855	7	7
-1	1876	4	8
-1	1778	5	4
-1	1894	4	4
-1	1839	9	1
-1	1525	7	6
-1	1866	7	6
-1	1533	6	1
-1	1839	8	2
-1	1561	9	3
-1	1737	1	8
-1	1576	4	6
-1	1565	4	6
-1	1854	2	7
-1	1526	4	3
-1	1663	8	7
-1	1662	4	2
-1	1601	3	6
-1	1678	7	6
-1	1572	8	7
-1	1591	3	7
-1	1579	1	6
-1	1510	2	6
-1	1568	6	8
-1	1701	8	2
-1	1809	2	7
-1	1693	3	1
-1	1887	2	8
-1	1830	4	7
-1	1547	5	9
-1	1676	3	7
-1	1580	1	6
-1	1895	3	9
-1	1729	2	6
-1	1900	4	9
-1	1889	3	3
-1	1490	3	3
-1	1845	9	4
-1	1563	7	8
-1	1642	5	7
-1	1494	9	3
-1	1632	8	2
-1	1600	2	1
-1	1723	4	4
-1	1735	9	5
-1	1740	3	1
-1	1530	2	8
-1	1621	5	6
-1	1639	7	5
-1	1680	4	3
-1	1683	4	9
-1	1651	5	9
-1	1679	8	9
-1	1691	4	1
-1	1737	1	8
-1	1760	1	5
-1	1850	2	7
-1	1694	1	9
-1	1677	8	8
-1	1515	5	2
-1	1741	5	8
-1	1889	6	8
-1	1612	6	3
-1	1776	2	5
-1	1795	8	4
-1	1641	7	3
-1	1591	4	3
-1	1746	4	9
-1	1864	8	9
-1	1546	4	2
-1	1657	6	4
-1	1727	3	2
-1	1523	4	7
-1	1521	8	4
-1	1562	8	5
-1	1869	8	9
-1	1888	9	2
-1	1696	7	6
-1	1742	4	6
-1	1870	3	5
-1	1763	8	9
-1	1556	2	7
-1	1732	1	7
-1	1635	2	9
-1	1774	4	1
-1	1509	2	8
-1	1811	4	3
-1	1688	5	1
-1	1902	6	4
-1	1624	5	9
-1	1523	5	7
DDW
1498	1724
1502	1628
1579	1781
1691	2025
1787	1935
1715	1821
1778	1966
1636	1920
1714	1972
1818	1892
1745	2007
1618	1938
1799	1989
1692	1986
1494	1556
1754	1978
1502	1564
1710	1968
1452	1670
1563	1911
1418	1734
1424	1706
1780	1928
1373	1679
1580	1746
1546	1778
1489	1713
1561	1795
1415	1729
1432	1750
1547	1611
1450	1570
1552	1584
1684	1718
1737	1881
1541	1845
1849	1925
1775	1885
1485	1609
1525	1827
1501	1659
1762	2028
1660	1798
1881	1919
1832	1946
1386	1594
1679	2011
1438	1688
1478	1806
1479	1509
1567	1697
1456	1744
1671	1775
1631	1839
1601	1879
1408	1652
1605	1637
1541	1737
1613	1747
1548	1818
1552	1750
1528	1830
1539	1843
1615	1859
1584	1936
1794	1906
1558	1830
1610	1744
1439	1591
1689	1793
1813	1965
1467	1757
1723	1829
1651	1939
1559	1723
1527	1655
1659	1833
1789	1939
1422	1670
1508	1806
1589	1865
1371	1675
1399	1643
1406	1718
1738	2000
1812	1964
1662	1730
1637	1847
1795	1945
1657	1869
1416	1696
1611	1853
1472	1798
1650	1898
1449	1569
1684	1938
1553	1823
1750	2054
1608	1640
1371	1675
