HFSDDW
50	15	5
0	60	1	43	2	83	3	13	4	87
0	7	1	99	2	39	3	77	4	8
0	74	1	15	2	78	3	69	4	12
0	43	1	1	2	40	3	59	4	60
0	4	1	2	2	56	3	13	4	73
0	48	1	6	2	61	3	44	4	76
0	69	1	7	2	92	3	87	4	62
0	16	1	34	2	52	3	90	4	90
0	73	1	74	2	47	3	27	4	76
0	67	1	19	2	8	3	44	4	57
0	88	1	85	2	22	3	42	4	14
0	59	1	86	2	71	3	39	4	39
0	2	1	39	2	94	3	2	4	39
0	67	1	23	2	90	3	7	4	95
0	9	1	48	2	50	3	68	4	87
0	29	1	54	2	30	3	36	4	6
0	29	1	97	2	17	3	87	4	88
0	83	1	84	2	51	3	74	4	4
0	29	1	63	2	14	3	52	4	89
0	35	1	79	2	46	3	87	4	9
0	45	1	29	2	2	3	49	4	48
0	41	1	36	2	54	3	55	4	84
0	5	1	57	2	35	3	33	4	10
0	5	1	22	2	8	3	14	4	56
0	83	1	71	2	17	3	4	4	67
0	46	1	35	2	97	3	79	4	53
0	50	1	9	2	43	3	27	4	60
0	1	1	96	2	68	3	39	4	47
0	47	1	30	2	95	3	89	4	98
0	72	1	28	2	80	3	42	4	84
0	13	1	72	2	33	3	32	4	26
0	73	1	13	2	97	3	81	4	3
0	6	1	38	2	75	3	2	4	35
0	95	1	14	2	9	3	73	4	9
0	9	1	54	2	69	3	66	4	9
0	53	1	76	2	27	3	5	4	94
0	18	1	55	2	56	3	94	4	41
0	77	1	75	2	12	3	2	4	86
0	88	1	98	2	86	3	36	4	42
0	10	1	55	2	94	3	54	4	3
0	58	1	20	2	8	3	33	4	75
0	58	1	3	2	67	3	23	4	72
0	97	1	85	2	92	3	87	4	85
0	51	1	82	2	80	3	61	4	57
0	21	1	3	2	8	3	86	4	21
0	10	1	68	2	34	3	24	4	99
0	98	1	81	2	72	3	2	4	36
0	97	1	48	2	23	3	19	4	83
0	75	1	9	2	88	3	29	4	89
0	4	1	7	2	99	3	50	4	90
LBCmax: 997
RELDUE
-1	553	9	2
-1	646	5	6
-1	564	8	7
-1	693	2	5
-1	664	2	7
-1	609	4	4
-1	523	3	9
-1	540	6	2
-1	523	8	1
-1	630	5	5
-1	677	7	4
-1	637	7	7
-1	584	1	7
-1	545	5	1
-1	645	8	7
-1	530	5	5
-1	524	3	3
-1	680	3	8
-1	599	2	2
-1	674	5	1
-1	504	2	9
-1	616	6	5
-1	622	4	5
-1	654	1	2
-1	663	9	7
-1	521	2	6
-1	526	2	1
-1	655	1	5
-1	692	4	8
-1	532	6	1
-1	505	2	1
-1	637	7	4
-1	665	3	9
-1	565	2	1
-1	642	7	7
-1	547	9	6
-1	595	6	5
-1	648	4	7
-1	536	8	3
-1	660	3	5
-1	669	7	4
-1	550	2	1
-1	518	6	9
-1	604	4	2
-1	686	2	7
-1	509	4	4
-1	630	6	4
-1	628	8	1
-1	609	2	2
-1	644	3	5
DDW
531	575
640	652
536	592
679	707
611	717
572	646
471	575
502	578
481	565
605	655
623	731
618	656
555	613
540	550
619	671
482	578
477	571
632	728
545	653
647	701
474	534
554	678
566	678
589	719
636	690
490	552
521	531
635	675
644	740
516	548
475	535
599	675
658	672
514	616
629	655
503	591
541	649
642	654
515	557
653	667
602	736
506	594
492	544
550	658
679	693
494	524
567	693
590	666
603	615
580	708
