HFSDDW
100	50	10
0	14	1	31	2	19	3	70	4	87	5	18	6	86	7	89	8	72	9	17
0	54	1	11	2	41	3	28	4	22	5	23	6	71	7	63	8	13	9	24
0	17	1	57	2	63	3	76	4	95	5	93	6	28	7	8	8	73	9	55
0	21	1	53	2	22	3	48	4	11	5	34	6	90	7	25	8	3	9	9
0	65	1	15	2	71	3	4	4	69	5	51	6	62	7	21	8	29	9	77
0	3	1	10	2	34	3	33	4	14	5	56	6	67	7	43	8	74	9	94
0	89	1	79	2	16	3	17	4	95	5	2	6	88	7	92	8	18	9	88
0	32	1	46	2	60	3	5	4	59	5	2	6	86	7	60	8	8	9	45
0	32	1	8	2	78	3	96	4	53	5	12	6	19	7	88	8	35	9	54
0	66	1	48	2	51	3	9	4	19	5	85	6	98	7	54	8	8	9	67
0	62	1	69	2	3	3	40	4	45	5	56	6	49	7	29	8	73	9	12
0	70	1	7	2	35	3	29	4	62	5	82	6	2	7	20	8	64	9	84
0	82	1	1	2	57	3	64	4	22	5	84	6	95	7	51	8	86	9	74
0	4	1	32	2	52	3	40	4	83	5	62	6	6	7	38	8	51	9	96
0	62	1	90	2	15	3	24	4	83	5	59	6	13	7	22	8	46	9	37
0	84	1	79	2	90	3	24	4	84	5	62	6	13	7	38	8	18	9	60
0	61	1	98	2	43	3	99	4	9	5	38	6	55	7	94	8	46	9	1
0	76	1	63	2	68	3	67	4	22	5	92	6	85	7	34	8	81	9	63
0	71	1	73	2	6	3	50	4	90	5	24	6	42	7	28	8	56	9	22
0	49	1	67	2	21	3	91	4	36	5	64	6	47	7	16	8	16	9	45
0	5	1	19	2	76	3	45	4	60	5	21	6	11	7	23	8	2	9	92
0	76	1	79	2	57	3	55	4	89	5	88	6	92	7	93	8	9	9	84
0	96	1	27	2	39	3	25	4	51	5	10	6	42	7	77	8	32	9	58
0	46	1	70	2	19	3	36	4	58	5	53	6	96	7	60	8	89	9	69
0	14	1	20	2	26	3	64	4	45	5	70	6	11	7	65	8	2	9	48
0	71	1	54	2	7	3	31	4	49	5	78	6	79	7	52	8	94	9	51
0	78	1	34	2	90	3	44	4	46	5	7	6	61	7	21	8	96	9	37
0	91	1	33	2	4	3	40	4	71	5	76	6	1	7	75	8	79	9	81
0	98	1	77	2	75	3	84	4	86	5	91	6	64	7	87	8	87	9	80
0	73	1	44	2	66	3	39	4	90	5	79	6	30	7	82	8	18	9	39
0	10	1	89	2	68	3	65	4	56	5	38	6	51	7	66	8	60	9	72
0	77	1	5	2	73	3	14	4	52	5	2	6	58	7	6	8	57	9	55
0	43	1	73	2	34	3	17	4	64	5	47	6	67	7	64	8	49	9	91
0	47	1	19	2	58	3	40	4	71	5	10	6	9	7	11	8	29	9	48
0	41	1	97	2	27	3	15	4	3	5	68	6	71	7	53	8	86	9	89
0	22	1	24	2	25	3	62	4	96	5	36	6	55	7	51	8	2	9	9
0	71	1	86	2	18	3	69	4	26	5	59	6	47	7	33	8	42	9	43
0	92	1	47	2	77	3	10	4	15	5	46	6	47	7	20	8	15	9	95
0	75	1	15	2	78	3	60	4	69	5	23	6	93	7	95	8	44	9	35
0	54	1	57	2	10	3	20	4	77	5	55	6	79	7	58	8	88	9	43
0	22	1	39	2	11	3	44	4	96	5	74	6	46	7	16	8	48	9	51
0	89	1	35	2	37	3	6	4	34	5	57	6	9	7	58	8	99	9	3
0	66	1	51	2	88	3	7	4	88	5	36	6	38	7	58	8	32	9	59
0	66	1	88	2	31	3	71	4	74	5	37	6	4	7	34	8	63	9	94
0	77	1	78	2	48	3	93	4	46	5	20	6	20	7	4	8	86	9	21
0	47	1	22	2	58	3	86	4	77	5	70	6	51	7	4	8	56	9	60
0	37	1	88	2	83	3	88	4	84	5	1	6	4	7	65	8	31	9	97
0	53	1	74	2	94	3	5	4	26	5	87	6	4	7	94	8	61	9	69
0	16	1	34	2	72	3	12	4	13	5	45	6	31	7	45	8	94	9	5
0	86	1	99	2	78	3	3	4	58	5	89	6	95	7	59	8	9	9	45
0	16	1	55	2	73	3	88	4	67	5	72	6	27	7	53	8	60	9	90
0	66	1	56	2	43	3	87	4	45	5	4	6	16	7	71	8	75	9	40
0	70	1	58	2	71	3	27	4	11	5	54	6	96	7	91	8	47	9	36
0	91	1	44	2	86	3	16	4	53	5	61	6	61	7	83	8	45	9	40
0	18	1	77	2	85	3	5	4	38	5	30	6	57	7	90	8	58	9	55
0	73	1	24	2	83	3	69	4	75	5	57	6	83	7	46	8	78	9	14
0	76	1	36	2	7	3	24	4	98	5	22	6	70	7	27	8	34	9	84
0	42	1	32	2	27	3	35	4	22	5	92	6	73	7	67	8	89	9	81
0	96	1	6	2	34	3	92	4	63	5	68	6	61	7	17	8	41	9	96
0	77	1	16	2	6	3	32	4	64	5	82	6	71	7	61	8	6	9	16
0	60	1	31	2	57	3	74	4	13	5	41	6	97	7	48	8	48	9	83
0	83	1	17	2	56	3	96	4	17	5	70	6	2	7	14	8	61	9	31
0	61	1	53	2	86	3	37	4	7	5	27	6	27	7	95	8	71	9	39
0	21	1	13	2	61	3	74	4	21	5	66	6	49	7	59	8	80	9	22
0	71	1	13	2	69	3	57	4	14	5	60	6	59	7	9	8	15	9	94
0	80	1	57	2	99	3	75	4	54	5	8	6	44	7	20	8	67	9	85
0	15	1	2	2	77	3	9	4	62	5	70	6	56	7	82	8	76	9	51
0	21	1	42	2	34	3	40	4	59	5	49	6	84	7	29	8	24	9	46
0	68	1	18	2	81	3	76	4	58	5	63	6	14	7	85	8	20	9	13
0	22	1	29	2	92	3	94	4	7	5	69	6	35	7	60	8	95	9	43
0	5	1	76	2	32	3	64	4	73	5	39	6	24	7	59	8	16	9	6
0	23	1	16	2	96	3	21	4	17	5	96	6	21	7	2	8	51	9	98
0	57	1	71	2	63	3	63	4	29	5	92	6	50	7	39	8	34	9	90
0	14	1	25	2	33	3	80	4	42	5	91	6	85	7	18	8	3	9	20
0	40	1	55	2	69	3	14	4	90	5	6	6	32	7	71	8	77	9	10
0	48	1	34	2	10	3	97	4	86	5	34	6	14	7	69	8	35	9	81
0	88	1	84	2	25	3	26	4	92	5	98	6	83	7	17	8	78	9	26
0	11	1	4	2	98	3	31	4	59	5	2	6	2	7	49	8	73	9	23
0	60	1	78	2	61	3	24	4	43	5	79	6	16	7	36	8	93	9	9
0	78	1	17	2	82	3	22	4	31	5	55	6	30	7	44	8	22	9	92
0	23	1	16	2	93	3	52	4	98	5	44	6	36	7	78	8	39	9	84
0	32	1	65	2	95	3	12	4	22	5	11	6	24	7	2	8	82	9	13
0	82	1	47	2	23	3	70	4	47	5	94	6	22	7	76	8	99	9	4
0	72	1	58	2	27	3	81	4	1	5	44	6	85	7	9	8	26	9	98
0	44	1	38	2	97	3	9	4	77	5	13	6	22	7	71	8	1	9	21
0	32	1	28	2	61	3	10	4	10	5	75	6	92	7	23	8	5	9	5
0	23	1	59	2	78	3	35	4	13	5	73	6	38	7	15	8	12	9	77
0	25	1	15	2	76	3	84	4	69	5	45	6	50	7	15	8	92	9	34
0	72	1	50	2	76	3	78	4	71	5	44	6	97	7	18	8	71	9	25
0	51	1	62	2	5	3	21	4	75	5	84	6	59	7	62	8	96	9	5
0	75	1	7	2	59	3	23	4	96	5	18	6	52	7	76	8	40	9	64
0	26	1	78	2	31	3	70	4	32	5	73	6	83	7	99	8	64	9	68
0	75	1	21	2	43	3	86	4	26	5	63	6	10	7	55	8	10	9	84
0	86	1	88	2	19	3	88	4	59	5	65	6	90	7	53	8	82	9	54
0	91	1	22	2	77	3	8	4	99	5	73	6	32	7	34	8	88	9	3
0	2	1	59	2	98	3	28	4	29	5	54	6	64	7	73	8	96	9	34
0	8	1	96	2	67	3	56	4	78	5	38	6	60	7	42	8	12	9	67
0	82	1	30	2	18	3	10	4	76	5	54	6	43	7	36	8	87	9	53
0	31	1	76	2	67	3	7	4	82	5	28	6	89	7	90	8	59	9	6
0	2	1	18	2	56	3	49	4	46	5	95	6	54	7	22	8	30	9	62
LBCmax: 1357
RELDUE
-1	441	5	7
-1	651	1	8
-1	467	4	8
-1	465	2	8
-1	462	2	7
-1	603	2	1
-1	519	1	6
-1	647	3	4
-1	545	5	7
-1	610	5	7
-1	438	2	9
-1	484	5	1
-1	639	3	4
-1	525	9	5
-1	414	5	5
-1	491	7	6
-1	487	9	1
-1	570	4	6
-1	605	5	4
-1	544	1	4
-1	537	8	8
-1	596	2	5
-1	631	8	3
-1	423	4	3
-1	584	1	7
-1	580	6	1
-1	606	2	4
-1	594	8	6
-1	580	3	1
-1	629	5	9
-1	678	8	7
-1	464	4	6
-1	423	9	5
-1	477	2	9
-1	517	3	7
-1	517	8	1
-1	554	6	2
-1	530	8	3
-1	641	8	1
-1	435	2	1
-1	641	1	7
-1	409	4	7
-1	514	8	7
-1	636	4	5
-1	661	3	8
-1	605	3	5
-1	495	8	2
-1	441	5	1
-1	531	5	5
-1	447	5	3
-1	584	1	4
-1	662	1	4
-1	540	8	5
-1	621	4	9
-1	444	5	5
-1	523	7	3
-1	427	8	5
-1	451	9	2
-1	560	4	6
-1	561	7	3
-1	676	1	7
-1	603	7	4
-1	473	4	4
-1	595	3	5
-1	611	7	7
-1	653	8	3
-1	467	5	8
-1	569	1	6
-1	415	7	1
-1	576	9	3
-1	615	3	4
-1	636	9	7
-1	608	2	1
-1	576	6	4
-1	582	2	3
-1	534	7	9
-1	488	7	2
-1	674	2	4
-1	440	7	6
-1	657	1	4
-1	491	3	8
-1	571	3	8
-1	469	7	4
-1	540	7	9
-1	451	5	3
-1	422	5	3
-1	603	7	5
-1	481	9	7
-1	440	7	9
-1	673	3	3
-1	497	8	9
-1	510	4	4
-1	649	1	9
-1	487	6	3
-1	438	6	7
-1	444	9	1
-1	615	1	5
-1	598	1	5
-1	431	2	2
-1	415	1	7
DDW
423	459
605	697
425	509
423	507
420	504
573	633
503	535
628	666
529	561
573	647
412	464
445	523
613	665
483	567
385	443
471	511
463	511
513	627
551	659
500	588
489	585
572	620
606	656
385	461
561	607
551	609
588	624
582	606
551	609
598	660
637	719
432	496
381	465
448	506
470	564
507	527
548	560
498	562
603	679
409	461
590	692
393	425
509	519
623	649
654	668
587	623
460	530
428	454
483	579
416	478
578	590
649	675
518	562
596	646
404	484
471	575
410	444
446	456
526	594
533	589
662	690
597	609
430	516
541	649
605	617
588	718
425	509
518	620
378	452
547	605
590	640
572	700
578	638
559	593
576	588
507	561
468	508
661	687
405	475
644	670
447	535
565	577
450	488
497	583
428	474
405	439
585	621
447	515
409	471
612	734
457	537
505	515
584	714
482	492
416	460
413	475
584	646
586	610
422	440
407	423
