HFSDDW
100	30	10
0	73	1	77	2	26	3	38	4	17	5	5	6	84	7	38	8	21	9	87
0	61	1	24	2	20	3	89	4	17	5	74	6	93	7	18	8	95	9	6
0	74	1	54	2	49	3	25	4	62	5	33	6	10	7	47	8	88	9	69
0	64	1	62	2	55	3	11	4	7	5	53	6	99	7	10	8	89	9	74
0	75	1	63	2	65	3	46	4	42	5	54	6	1	7	55	8	51	9	64
0	39	1	88	2	1	3	13	4	68	5	19	6	29	7	2	8	75	9	84
0	94	1	38	2	49	3	52	4	24	5	98	6	69	7	9	8	82	9	64
0	75	1	83	2	29	3	22	4	31	5	12	6	89	7	3	8	83	9	9
0	33	1	54	2	96	3	24	4	31	5	75	6	62	7	42	8	43	9	87
0	25	1	98	2	34	3	6	4	79	5	37	6	14	7	13	8	23	9	43
0	84	1	91	2	73	3	86	4	89	5	55	6	60	7	79	8	81	9	57
0	30	1	27	2	18	3	66	4	51	5	40	6	42	7	25	8	22	9	48
0	36	1	27	2	66	3	95	4	40	5	76	6	49	7	23	8	42	9	93
0	97	1	76	2	79	3	40	4	25	5	41	6	81	7	10	8	35	9	75
0	16	1	83	2	60	3	85	4	57	5	97	6	80	7	67	8	55	9	40
0	95	1	89	2	90	3	74	4	7	5	58	6	25	7	77	8	47	9	13
0	6	1	38	2	38	3	88	4	60	5	54	6	47	7	78	8	42	9	11
0	58	1	33	2	89	3	47	4	33	5	53	6	66	7	81	8	38	9	42
0	96	1	81	2	67	3	2	4	98	5	9	6	85	7	5	8	33	9	67
0	16	1	4	2	62	3	23	4	69	5	77	6	46	7	72	8	26	9	4
0	51	1	3	2	26	3	44	4	81	5	62	6	99	7	44	8	42	9	54
0	91	1	44	2	39	3	6	4	17	5	25	6	70	7	36	8	89	9	51
0	68	1	42	2	45	3	75	4	94	5	54	6	70	7	67	8	77	9	55
0	8	1	94	2	56	3	35	4	90	5	93	6	56	7	24	8	21	9	36
0	10	1	41	2	63	3	79	4	75	5	72	6	65	7	57	8	7	9	45
0	8	1	10	2	82	3	74	4	35	5	9	6	58	7	50	8	49	9	27
0	92	1	32	2	67	3	87	4	46	5	97	6	88	7	5	8	15	9	23
0	68	1	47	2	15	3	54	4	42	5	27	6	79	7	65	8	1	9	23
0	89	1	14	2	60	3	32	4	48	5	97	6	12	7	81	8	1	9	81
0	36	1	7	2	74	3	94	4	44	5	77	6	74	7	75	8	33	9	78
0	83	1	60	2	43	3	84	4	77	5	61	6	95	7	29	8	32	9	8
0	30	1	92	2	49	3	27	4	37	5	79	6	71	7	35	8	40	9	49
0	85	1	7	2	4	3	33	4	86	5	62	6	72	7	21	8	10	9	65
0	53	1	4	2	33	3	22	4	39	5	29	6	70	7	76	8	55	9	86
0	3	1	82	2	50	3	92	4	52	5	44	6	57	7	47	8	57	9	65
0	6	1	40	2	36	3	84	4	92	5	77	6	57	7	10	8	97	9	15
0	88	1	74	2	20	3	67	4	55	5	26	6	60	7	28	8	87	9	8
0	9	1	95	2	79	3	53	4	46	5	4	6	57	7	11	8	80	9	43
0	5	1	25	2	63	3	45	4	59	5	13	6	67	7	48	8	29	9	62
0	72	1	60	2	79	3	40	4	98	5	28	6	63	7	82	8	38	9	26
0	84	1	30	2	60	3	50	4	57	5	11	6	60	7	83	8	38	9	89
0	20	1	46	2	30	3	54	4	10	5	63	6	11	7	74	8	9	9	42
0	58	1	12	2	98	3	25	4	35	5	48	6	16	7	39	8	54	9	19
0	40	1	74	2	73	3	54	4	59	5	75	6	65	7	14	8	88	9	48
0	52	1	84	2	10	3	40	4	42	5	27	6	31	7	25	8	30	9	36
0	18	1	88	2	74	3	95	4	67	5	72	6	31	7	35	8	15	9	9
0	95	1	21	2	30	3	20	4	50	5	45	6	73	7	75	8	95	9	35
0	97	1	96	2	86	3	60	4	89	5	74	6	2	7	59	8	82	9	9
0	18	1	91	2	10	3	18	4	2	5	51	6	1	7	77	8	86	9	86
0	44	1	30	2	99	3	79	4	53	5	32	6	54	7	90	8	89	9	97
0	54	1	55	2	29	3	95	4	39	5	21	6	2	7	15	8	6	9	93
0	71	1	72	2	52	3	6	4	91	5	5	6	12	7	12	8	19	9	98
0	45	1	95	2	88	3	10	4	90	5	67	6	97	7	8	8	7	9	58
0	21	1	12	2	69	3	85	4	55	5	62	6	62	7	14	8	79	9	80
0	50	1	86	2	71	3	93	4	15	5	72	6	78	7	93	8	88	9	49
0	20	1	42	2	71	3	91	4	52	5	58	6	67	7	19	8	6	9	71
0	23	1	94	2	8	3	47	4	72	5	60	6	4	7	67	8	51	9	30
0	42	1	98	2	33	3	38	4	49	5	59	6	24	7	95	8	95	9	18
0	89	1	5	2	19	3	58	4	39	5	78	6	40	7	77	8	33	9	96
0	95	1	43	2	8	3	9	4	58	5	55	6	78	7	25	8	21	9	55
0	68	1	11	2	42	3	59	4	8	5	21	6	10	7	34	8	43	9	93
0	35	1	71	2	24	3	87	4	81	5	19	6	75	7	50	8	9	9	94
0	21	1	26	2	34	3	55	4	35	5	99	6	90	7	24	8	80	9	93
0	80	1	99	2	74	3	40	4	50	5	78	6	62	7	60	8	51	9	19
0	69	1	7	2	35	3	40	4	62	5	24	6	19	7	21	8	28	9	40
0	79	1	29	2	17	3	27	4	35	5	42	6	77	7	87	8	25	9	8
0	31	1	85	2	54	3	49	4	14	5	35	6	97	7	84	8	38	9	3
0	56	1	16	2	99	3	90	4	25	5	15	6	91	7	94	8	92	9	11
0	80	1	70	2	96	3	40	4	15	5	52	6	83	7	47	8	6	9	8
0	2	1	75	2	36	3	43	4	87	5	83	6	52	7	85	8	26	9	27
0	26	1	35	2	83	3	25	4	84	5	64	6	29	7	27	8	2	9	21
0	51	1	83	2	94	3	14	4	28	5	61	6	88	7	14	8	35	9	62
0	52	1	51	2	78	3	31	4	1	5	80	6	79	7	57	8	3	9	42
0	62	1	7	2	68	3	65	4	84	5	46	6	87	7	72	8	56	9	50
0	23	1	57	2	45	3	85	4	56	5	18	6	80	7	23	8	15	9	27
0	95	1	39	2	50	3	64	4	75	5	75	6	56	7	52	8	24	9	4
0	84	1	72	2	24	3	60	4	58	5	45	6	16	7	29	8	29	9	81
0	74	1	17	2	58	3	85	4	39	5	94	6	6	7	93	8	74	9	82
0	99	1	57	2	42	3	75	4	46	5	24	6	56	7	4	8	90	9	10
0	89	1	35	2	48	3	53	4	65	5	50	6	33	7	84	8	27	9	12
0	3	1	52	2	93	3	34	4	53	5	78	6	81	7	65	8	26	9	80
0	70	1	63	2	78	3	41	4	4	5	28	6	31	7	49	8	15	9	35
0	88	1	12	2	39	3	20	4	91	5	39	6	69	7	6	8	20	9	88
0	62	1	21	2	66	3	62	4	80	5	48	6	64	7	9	8	22	9	68
0	42	1	90	2	78	3	10	4	40	5	27	6	56	7	7	8	49	9	38
0	20	1	83	2	70	3	92	4	24	5	91	6	13	7	74	8	42	9	14
0	10	1	75	2	46	3	37	4	19	5	49	6	97	7	17	8	61	9	55
0	64	1	22	2	27	3	46	4	92	5	97	6	33	7	30	8	79	9	65
0	83	1	63	2	56	3	81	4	69	5	78	6	51	7	74	8	39	9	88
0	36	1	89	2	66	3	8	4	59	5	67	6	45	7	42	8	90	9	91
0	30	1	40	2	45	3	93	4	74	5	97	6	57	7	24	8	99	9	26
0	58	1	83	2	94	3	76	4	31	5	46	6	20	7	64	8	68	9	41
0	98	1	23	2	78	3	73	4	20	5	74	6	55	7	19	8	87	9	26
0	52	1	91	2	39	3	88	4	36	5	43	6	18	7	62	8	7	9	71
0	22	1	27	2	75	3	13	4	31	5	53	6	94	7	90	8	77	9	13
0	47	1	80	2	74	3	50	4	93	5	7	6	62	7	72	8	74	9	1
0	43	1	38	2	37	3	73	4	73	5	66	6	44	7	6	8	41	9	88
0	28	1	57	2	57	3	96	4	19	5	71	6	48	7	65	8	42	9	66
0	79	1	65	2	42	3	74	4	78	5	71	6	18	7	89	8	95	9	29
0	81	1	46	2	87	3	7	4	29	5	84	6	89	7	2	8	39	9	64
LBCmax: 2091
RELDUE
-1	0	2	6
-1	1649	3	6
-1	816	9	5
-1	1647	5	1
-1	1559	8	1
-1	1672	6	4
-1	282	9	6
-1	1407	4	3
-1	444	1	9
-1	238	5	8
-1	1019	7	8
-1	1816	8	5
-1	406	2	8
-1	0	7	8
-1	224	4	8
-1	1405	7	4
-1	1785	1	8
-1	1091	1	9
-1	1767	6	1
-1	0	3	9
-1	817	9	4
-1	933	1	6
-1	8	5	7
-1	50	8	2
-1	0	5	4
-1	1501	6	4
-1	1245	2	5
-1	844	8	3
-1	1222	7	8
-1	524	4	1
-1	1507	7	7
-1	761	6	1
-1	340	3	3
-1	1426	4	1
-1	993	5	4
-1	1684	7	1
-1	132	6	5
-1	911	8	4
-1	1677	7	3
-1	1648	1	5
-1	799	9	6
-1	629	4	9
-1	999	2	4
-1	1343	3	5
-1	1254	1	7
-1	1550	2	8
-1	144	7	2
-1	1462	3	3
-1	1595	7	9
-1	862	3	3
-1	1643	3	7
-1	363	6	1
-1	0	7	6
-1	571	7	6
-1	107	6	5
-1	931	5	5
-1	1432	8	9
-1	556	2	2
-1	1498	4	6
-1	0	9	9
-1	218	9	9
-1	1321	1	7
-1	0	2	9
-1	1803	3	5
-1	613	3	6
-1	49	6	7
-1	1267	1	8
-1	862	2	2
-1	844	9	3
-1	422	3	5
-1	1063	6	6
-1	664	8	5
-1	1297	2	7
-1	0	9	8
-1	911	1	1
-1	0	9	1
-1	1817	1	4
-1	548	3	4
-1	678	7	9
-1	272	9	7
-1	1147	4	3
-1	1665	4	1
-1	1132	8	8
-1	150	4	1
-1	764	7	9
-1	935	3	1
-1	612	3	5
-1	1651	3	4
-1	1110	1	6
-1	0	5	4
-1	43	9	5
-1	1458	4	3
-1	1295	6	5
-1	1618	7	6
-1	1221	5	8
-1	1360	5	1
-1	444	3	6
-1	1078	2	4
-1	520	3	7
-1	996	6	4
DDW
0	0
1484	1814
808	824
1631	1663
1434	1684
1522	1822
259	305
1309	1505
435	453
217	259
978	1060
1798	1834
386	426
0	0
206	242
1279	1531
1624	1946
1080	1102
1679	1855
0	0
809	825
858	1008
8	8
45	55
0	0
1456	1546
1145	1345
776	912
1173	1271
472	576
1477	1537
738	784
306	374
1412	1440
983	1003
1516	1852
125	139
875	947
1576	1778
1500	1796
735	863
623	635
939	1059
1249	1437
1191	1317
1472	1628
135	153
1345	1579
1451	1739
828	896
1544	1742
356	370
0	0
554	588
103	111
875	987
1346	1518
545	567
1393	1603
0	0
216	220
1308	1334
0	0
1767	1839
564	662
49	49
1242	1292
828	896
802	886
384	460
1010	1116
624	704
1219	1375
0	0
847	975
0	0
1762	1872
504	592
644	712
245	299
1055	1239
1648	1682
1019	1245
148	152
733	795
842	1028
551	673
1535	1767
1021	1199
0	0
41	45
1414	1502
1204	1386
1602	1634
1123	1319
1265	1455
408	480
1035	1121
468	572
956	1036
