HFSDDW
200	30	10
0	3	1	43	2	25	3	8	4	54	5	31	6	90	7	81	8	36	9	87
0	17	1	48	2	49	3	26	4	89	5	15	6	13	7	52	8	61	9	53
0	69	1	91	2	82	3	68	4	77	5	47	6	85	7	17	8	81	9	12
0	41	1	31	2	1	3	31	4	89	5	79	6	65	7	21	8	53	9	95
0	98	1	35	2	8	3	86	4	79	5	67	6	54	7	80	8	49	9	19
0	48	1	43	2	11	3	56	4	27	5	11	6	61	7	57	8	31	9	7
0	45	1	74	2	99	3	24	4	47	5	85	6	48	7	19	8	36	9	11
0	50	1	92	2	99	3	65	4	55	5	34	6	84	7	95	8	88	9	10
0	92	1	5	2	67	3	63	4	64	5	97	6	21	7	45	8	5	9	79
0	19	1	8	2	89	3	46	4	50	5	24	6	35	7	83	8	40	9	93
0	20	1	36	2	44	3	38	4	68	5	55	6	44	7	45	8	1	9	92
0	27	1	65	2	68	3	21	4	15	5	41	6	7	7	37	8	59	9	49
0	65	1	4	2	14	3	57	4	91	5	42	6	3	7	54	8	16	9	31
0	98	1	1	2	56	3	95	4	90	5	56	6	61	7	30	8	94	9	9
0	54	1	75	2	44	3	12	4	53	5	53	6	40	7	69	8	32	9	10
0	18	1	98	2	24	3	90	4	29	5	17	6	22	7	86	8	46	9	27
0	53	1	90	2	30	3	69	4	94	5	26	6	9	7	73	8	31	9	58
0	79	1	77	2	42	3	51	4	95	5	90	6	59	7	3	8	5	9	38
0	3	1	34	2	22	3	6	4	14	5	99	6	76	7	66	8	67	9	74
0	34	1	74	2	83	3	68	4	56	5	64	6	45	7	74	8	18	9	27
0	45	1	66	2	38	3	73	4	31	5	40	6	57	7	73	8	95	9	38
0	57	1	20	2	82	3	8	4	24	5	19	6	68	7	24	8	56	9	94
0	49	1	43	2	7	3	57	4	25	5	5	6	94	7	73	8	95	9	31
0	45	1	84	2	85	3	77	4	93	5	36	6	95	7	49	8	75	9	73
0	43	1	4	2	70	3	29	4	17	5	15	6	92	7	75	8	44	9	37
0	96	1	21	2	19	3	23	4	77	5	2	6	60	7	81	8	49	9	26
0	46	1	84	2	78	3	64	4	92	5	73	6	35	7	5	8	15	9	88
0	23	1	19	2	49	3	83	4	52	5	46	6	72	7	77	8	41	9	10
0	13	1	20	2	29	3	58	4	35	5	24	6	65	7	62	8	1	9	92
0	76	1	15	2	99	3	50	4	27	5	59	6	25	7	7	8	36	9	43
0	79	1	88	2	60	3	56	4	14	5	77	6	72	7	36	8	71	9	31
0	29	1	82	2	41	3	39	4	13	5	27	6	55	7	20	8	30	9	69
0	8	1	73	2	4	3	23	4	13	5	9	6	20	7	98	8	56	9	93
0	22	1	66	2	42	3	97	4	31	5	24	6	59	7	73	8	45	9	57
0	51	1	30	2	90	3	69	4	63	5	93	6	74	7	61	8	37	9	1
0	4	1	6	2	76	3	67	4	35	5	7	6	84	7	38	8	44	9	6
0	58	1	74	2	79	3	78	4	10	5	63	6	40	7	43	8	9	9	89
0	67	1	81	2	75	3	72	4	18	5	77	6	82	7	35	8	59	9	19
0	34	1	58	2	61	3	56	4	89	5	17	6	89	7	74	8	63	9	24
0	40	1	21	2	30	3	39	4	99	5	77	6	51	7	12	8	60	9	99
0	53	1	32	2	52	3	48	4	33	5	23	6	30	7	4	8	50	9	57
0	24	1	50	2	78	3	25	4	71	5	99	6	13	7	24	8	89	9	93
0	73	1	66	2	80	3	84	4	49	5	47	6	51	7	36	8	73	9	40
0	27	1	70	2	75	3	60	4	65	5	3	6	6	7	14	8	23	9	66
0	86	1	85	2	25	3	6	4	1	5	90	6	42	7	5	8	68	9	99
0	64	1	28	2	23	3	66	4	27	5	87	6	52	7	67	8	98	9	85
0	71	1	94	2	31	3	10	4	31	5	53	6	75	7	19	8	60	9	68
0	93	1	99	2	1	3	23	4	8	5	87	6	41	7	74	8	84	9	59
0	5	1	47	2	67	3	73	4	76	5	99	6	48	7	9	8	34	9	77
0	51	1	38	2	15	3	38	4	95	5	91	6	55	7	16	8	75	9	47
0	16	1	23	2	45	3	99	4	7	5	65	6	28	7	1	8	59	9	39
0	47	1	77	2	83	3	40	4	80	5	25	6	27	7	58	8	33	9	32
0	6	1	66	2	85	3	83	4	18	5	55	6	84	7	63	8	27	9	16
0	33	1	25	2	98	3	38	4	44	5	82	6	2	7	68	8	67	9	11
0	71	1	47	2	50	3	94	4	30	5	73	6	55	7	75	8	57	9	70
0	65	1	97	2	82	3	44	4	41	5	49	6	38	7	62	8	81	9	51
0	81	1	64	2	73	3	43	4	7	5	22	6	78	7	45	8	95	9	98
0	23	1	58	2	90	3	23	4	60	5	58	6	16	7	91	8	53	9	44
0	99	1	9	2	7	3	56	4	50	5	36	6	42	7	55	8	96	9	94
0	44	1	40	2	86	3	16	4	30	5	7	6	73	7	7	8	87	9	8
0	94	1	11	2	80	3	58	4	48	5	7	6	7	7	60	8	84	9	82
0	34	1	46	2	9	3	37	4	51	5	72	6	58	7	18	8	93	9	71
0	80	1	24	2	49	3	1	4	55	5	83	6	72	7	74	8	93	9	53
0	85	1	9	2	4	3	45	4	50	5	89	6	29	7	48	8	9	9	43
0	29	1	82	2	70	3	14	4	61	5	97	6	31	7	49	8	65	9	57
0	49	1	56	2	14	3	17	4	28	5	71	6	61	7	79	8	4	9	65
0	35	1	32	2	67	3	32	4	97	5	25	6	43	7	64	8	87	9	61
0	44	1	11	2	9	3	50	4	42	5	97	6	53	7	35	8	39	9	57
0	52	1	23	2	10	3	36	4	4	5	29	6	95	7	87	8	17	9	79
0	28	1	49	2	45	3	44	4	9	5	97	6	16	7	39	8	16	9	37
0	55	1	67	2	61	3	4	4	14	5	39	6	47	7	64	8	74	9	31
0	18	1	27	2	40	3	46	4	13	5	12	6	23	7	31	8	28	9	68
0	30	1	56	2	47	3	9	4	33	5	94	6	65	7	65	8	41	9	45
0	81	1	14	2	19	3	3	4	2	5	84	6	61	7	6	8	23	9	65
0	82	1	31	2	13	3	86	4	61	5	2	6	10	7	98	8	31	9	96
0	75	1	84	2	12	3	48	4	8	5	99	6	20	7	53	8	70	9	20
0	73	1	82	2	24	3	30	4	49	5	4	6	8	7	37	8	45	9	29
0	50	1	17	2	9	3	62	4	86	5	98	6	44	7	61	8	48	9	32
0	85	1	66	2	34	3	44	4	69	5	96	6	3	7	71	8	95	9	3
0	64	1	9	2	35	3	3	4	92	5	99	6	8	7	82	8	37	9	57
0	93	1	72	2	54	3	3	4	47	5	58	6	76	7	49	8	61	9	9
0	55	1	59	2	5	3	39	4	35	5	8	6	48	7	79	8	60	9	53
0	2	1	37	2	42	3	42	4	64	5	42	6	81	7	6	8	70	9	86
0	91	1	61	2	24	3	91	4	38	5	13	6	12	7	32	8	97	9	12
0	21	1	54	2	10	3	87	4	47	5	6	6	5	7	96	8	68	9	84
0	51	1	29	2	22	3	84	4	56	5	57	6	30	7	13	8	39	9	6
0	76	1	70	2	79	3	74	4	17	5	94	6	36	7	14	8	1	9	22
0	96	1	17	2	81	3	49	4	32	5	48	6	27	7	55	8	94	9	59
0	37	1	85	2	38	3	85	4	36	5	63	6	40	7	40	8	36	9	81
0	82	1	99	2	92	3	92	4	35	5	50	6	74	7	36	8	70	9	53
0	69	1	90	2	95	3	47	4	88	5	35	6	47	7	73	8	52	9	8
0	30	1	75	2	18	3	80	4	68	5	90	6	33	7	93	8	39	9	54
0	55	1	95	2	78	3	20	4	39	5	96	6	24	7	89	8	14	9	82
0	73	1	91	2	84	3	42	4	89	5	47	6	90	7	91	8	96	9	1
0	17	1	66	2	87	3	28	4	51	5	7	6	82	7	13	8	25	9	44
0	18	1	80	2	96	3	16	4	98	5	74	6	13	7	76	8	8	9	91
0	11	1	57	2	59	3	70	4	35	5	39	6	91	7	75	8	91	9	21
0	1	1	42	2	96	3	38	4	38	5	88	6	9	7	51	8	68	9	32
0	15	1	12	2	65	3	70	4	64	5	92	6	95	7	69	8	43	9	15
0	35	1	14	2	83	3	6	4	90	5	59	6	8	7	17	8	92	9	13
0	16	1	7	2	22	3	4	4	44	5	76	6	83	7	58	8	77	9	11
0	65	1	62	2	9	3	75	4	77	5	99	6	92	7	89	8	7	9	42
0	44	1	23	2	32	3	76	4	86	5	86	6	58	7	91	8	48	9	79
0	80	1	91	2	58	3	55	4	17	5	9	6	89	7	61	8	26	9	88
0	9	1	37	2	91	3	33	4	49	5	73	6	6	7	8	8	28	9	90
0	66	1	19	2	11	3	51	4	69	5	93	6	74	7	46	8	17	9	57
0	18	1	92	2	10	3	98	4	30	5	74	6	4	7	53	8	59	9	68
0	10	1	32	2	63	3	18	4	33	5	7	6	32	7	99	8	27	9	14
0	81	1	51	2	64	3	57	4	14	5	62	6	80	7	8	8	85	9	23
0	35	1	44	2	44	3	69	4	70	5	17	6	28	7	92	8	4	9	75
0	69	1	52	2	48	3	59	4	81	5	34	6	55	7	93	8	18	9	63
0	62	1	74	2	20	3	4	4	76	5	67	6	28	7	52	8	85	9	67
0	93	1	96	2	68	3	37	4	34	5	66	6	87	7	94	8	47	9	16
0	79	1	39	2	96	3	51	4	45	5	29	6	3	7	5	8	76	9	79
0	8	1	87	2	89	3	23	4	61	5	60	6	25	7	41	8	92	9	4
0	88	1	75	2	8	3	36	4	81	5	72	6	84	7	12	8	26	9	16
0	47	1	60	2	46	3	2	4	84	5	23	6	78	7	68	8	59	9	48
0	65	1	24	2	76	3	6	4	60	5	7	6	7	7	45	8	76	9	74
0	41	1	47	2	2	3	44	4	27	5	5	6	31	7	60	8	70	9	72
0	44	1	90	2	79	3	61	4	33	5	47	6	41	7	87	8	39	9	38
0	81	1	56	2	82	3	45	4	39	5	65	6	99	7	2	8	76	9	74
0	65	1	40	2	36	3	51	4	74	5	1	6	59	7	3	8	75	9	79
0	92	1	19	2	98	3	86	4	4	5	74	6	45	7	15	8	73	9	13
0	65	1	20	2	7	3	39	4	93	5	85	6	65	7	57	8	5	9	62
0	5	1	30	2	84	3	95	4	7	5	5	6	55	7	28	8	87	9	33
0	88	1	39	2	13	3	59	4	46	5	63	6	58	7	95	8	41	9	65
0	20	1	84	2	29	3	63	4	10	5	46	6	33	7	97	8	58	9	88
0	35	1	2	2	98	3	13	4	75	5	62	6	34	7	3	8	80	9	99
0	19	1	17	2	27	3	41	4	25	5	27	6	7	7	48	8	92	9	31
0	27	1	69	2	16	3	39	4	42	5	20	6	1	7	21	8	86	9	60
0	71	1	58	2	70	3	98	4	97	5	86	6	41	7	99	8	84	9	83
0	29	1	56	2	16	3	41	4	47	5	4	6	58	7	87	8	39	9	82
0	40	1	85	2	5	3	28	4	62	5	66	6	86	7	59	8	71	9	55
0	62	1	13	2	17	3	20	4	29	5	60	6	47	7	29	8	44	9	38
0	85	1	7	2	63	3	10	4	2	5	70	6	53	7	74	8	92	9	39
0	62	1	13	2	82	3	4	4	21	5	85	6	54	7	43	8	36	9	31
0	1	1	82	2	29	3	29	4	21	5	16	6	40	7	96	8	13	9	86
0	56	1	29	2	44	3	1	4	97	5	33	6	23	7	94	8	26	9	91
0	13	1	12	2	66	3	33	4	92	5	49	6	31	7	13	8	99	9	43
0	7	1	5	2	92	3	13	4	38	5	4	6	77	7	34	8	88	9	86
0	31	1	57	2	62	3	6	4	82	5	34	6	69	7	82	8	7	9	87
0	63	1	59	2	18	3	45	4	18	5	89	6	16	7	96	8	37	9	72
0	85	1	27	2	96	3	69	4	80	5	52	6	37	7	31	8	63	9	93
0	56	1	88	2	7	3	39	4	60	5	55	6	50	7	60	8	50	9	59
0	80	1	48	2	7	3	12	4	80	5	47	6	86	7	48	8	95	9	49
0	88	1	81	2	97	3	17	4	2	5	5	6	60	7	92	8	25	9	30
0	96	1	38	2	20	3	13	4	32	5	75	6	53	7	78	8	84	9	62
0	39	1	55	2	46	3	78	4	92	5	37	6	20	7	85	8	89	9	34
0	65	1	89	2	36	3	15	4	6	5	74	6	91	7	89	8	37	9	56
0	95	1	57	2	36	3	21	4	62	5	42	6	29	7	93	8	80	9	6
0	93	1	9	2	64	3	33	4	10	5	33	6	35	7	19	8	25	9	65
0	85	1	75	2	4	3	91	4	64	5	8	6	2	7	6	8	8	9	57
0	84	1	63	2	41	3	29	4	67	5	81	6	20	7	26	8	16	9	50
0	8	1	26	2	6	3	84	4	40	5	57	6	26	7	4	8	5	9	72
0	39	1	72	2	65	3	72	4	70	5	20	6	54	7	44	8	56	9	55
0	41	1	24	2	86	3	23	4	22	5	30	6	67	7	35	8	65	9	28
0	14	1	10	2	3	3	74	4	58	5	59	6	70	7	20	8	51	9	7
0	81	1	98	2	1	3	36	4	19	5	12	6	98	7	69	8	58	9	48
0	27	1	75	2	69	3	61	4	10	5	83	6	40	7	82	8	62	9	11
0	90	1	90	2	39	3	76	4	59	5	30	6	69	7	91	8	15	9	11
0	50	1	35	2	93	3	50	4	73	5	42	6	24	7	50	8	5	9	10
0	32	1	97	2	77	3	18	4	1	5	38	6	41	7	42	8	65	9	74
0	20	1	87	2	57	3	41	4	16	5	91	6	59	7	24	8	77	9	89
0	43	1	7	2	54	3	47	4	98	5	92	6	82	7	19	8	87	9	67
0	60	1	89	2	78	3	53	4	78	5	92	6	13	7	22	8	76	9	21
0	88	1	27	2	26	3	40	4	91	5	62	6	78	7	52	8	34	9	82
0	83	1	99	2	73	3	16	4	67	5	25	6	43	7	31	8	20	9	9
0	56	1	22	2	54	3	97	4	15	5	30	6	10	7	4	8	63	9	23
0	78	1	38	2	48	3	56	4	1	5	16	6	80	7	15	8	55	9	36
0	14	1	30	2	85	3	6	4	84	5	60	6	16	7	62	8	86	9	53
0	50	1	82	2	3	3	67	4	65	5	67	6	73	7	29	8	26	9	61
0	52	1	75	2	89	3	11	4	4	5	45	6	52	7	18	8	16	9	51
0	44	1	29	2	75	3	83	4	94	5	26	6	36	7	49	8	14	9	55
0	15	1	47	2	17	3	10	4	73	5	96	6	36	7	80	8	91	9	33
0	43	1	52	2	88	3	94	4	83	5	39	6	40	7	74	8	3	9	40
0	9	1	98	2	47	3	35	4	9	5	21	6	8	7	19	8	72	9	39
0	31	1	24	2	16	3	71	4	47	5	6	6	58	7	80	8	37	9	7
0	9	1	71	2	27	3	82	4	9	5	92	6	40	7	80	8	99	9	56
0	85	1	61	2	46	3	73	4	46	5	17	6	99	7	81	8	2	9	53
0	89	1	17	2	9	3	52	4	3	5	19	6	37	7	18	8	48	9	78
0	81	1	60	2	38	3	95	4	31	5	38	6	71	7	65	8	27	9	17
0	80	1	27	2	20	3	17	4	53	5	69	6	77	7	42	8	25	9	30
0	6	1	76	2	78	3	84	4	18	5	92	6	62	7	75	8	79	9	90
0	56	1	23	2	33	3	22	4	75	5	26	6	24	7	50	8	43	9	9
0	45	1	34	2	55	3	85	4	72	5	63	6	97	7	91	8	98	9	33
0	41	1	94	2	92	3	18	4	72	5	5	6	81	7	53	8	78	9	38
0	75	1	96	2	86	3	37	4	60	5	58	6	93	7	98	8	42	9	28
0	45	1	28	2	98	3	17	4	85	5	71	6	22	7	93	8	13	9	54
0	95	1	71	2	76	3	46	4	49	5	61	6	30	7	16	8	49	9	70
0	44	1	71	2	71	3	5	4	33	5	49	6	48	7	19	8	25	9	14
0	70	1	98	2	49	3	71	4	88	5	14	6	96	7	76	8	33	9	2
0	82	1	88	2	41	3	25	4	43	5	5	6	20	7	40	8	87	9	99
0	29	1	78	2	50	3	71	4	84	5	74	6	56	7	94	8	83	9	36
0	23	1	3	2	69	3	98	4	84	5	96	6	22	7	6	8	58	9	36
0	65	1	54	2	82	3	47	4	87	5	55	6	30	7	47	8	61	9	29
0	29	1	9	2	31	3	25	4	85	5	91	6	49	7	78	8	86	9	14
0	58	1	2	2	92	3	96	4	78	5	80	6	20	7	43	8	41	9	47
0	82	1	15	2	82	3	52	4	35	5	74	6	95	7	3	8	83	9	29
0	44	1	9	2	33	3	55	4	8	5	15	6	72	7	44	8	13	9	92
0	47	1	44	2	19	3	44	4	78	5	63	6	62	7	85	8	69	9	8
LBCmax: 3722
RELDUE
-1	2129	6	7
-1	2514	9	3
-1	1908	4	5
-1	1966	3	8
-1	2208	8	7
-1	1965	2	3
-1	2058	3	9
-1	2451	2	4
-1	2538	2	5
-1	1942	5	6
-1	2578	5	7
-1	2210	6	8
-1	2567	8	7
-1	2289	6	2
-1	2381	7	9
-1	2225	3	4
-1	2377	2	9
-1	2138	8	9
-1	2526	6	2
-1	2335	8	5
-1	1919	7	2
-1	2424	5	3
-1	2082	1	5
-1	2219	5	6
-1	1865	7	9
-1	2149	1	8
-1	2572	9	7
-1	2144	9	8
-1	2412	2	1
-1	2391	5	7
-1	1957	9	2
-1	1934	2	8
-1	2108	5	7
-1	2422	1	4
-1	2552	2	3
-1	2280	8	1
-1	1879	6	1
-1	1999	8	3
-1	1922	3	3
-1	2557	8	4
-1	2517	3	1
-1	2551	5	8
-1	2254	8	4
-1	1874	5	5
-1	2576	9	9
-1	2604	7	5
-1	2223	7	2
-1	2319	5	5
-1	2412	1	6
-1	2076	8	3
-1	2560	4	1
-1	2042	5	4
-1	2579	1	1
-1	1901	3	8
-1	1861	9	6
-1	2311	6	9
-1	2293	3	1
-1	2294	4	9
-1	1961	7	3
-1	1919	1	1
-1	1999	2	6
-1	2519	5	2
-1	1899	5	4
-1	2007	3	4
-1	2591	5	3
-1	2504	3	6
-1	1962	5	5
-1	2006	9	2
-1	2343	5	1
-1	1962	7	8
-1	2207	2	7
-1	2238	6	3
-1	2077	4	8
-1	2574	2	6
-1	2424	8	6
-1	1974	8	7
-1	2031	6	7
-1	2068	2	7
-1	2249	6	3
-1	1866	8	7
-1	2532	7	8
-1	2113	3	6
-1	2338	4	1
-1	2197	4	8
-1	2437	2	2
-1	2520	4	6
-1	1961	6	3
-1	2068	8	5
-1	2421	1	2
-1	2102	7	7
-1	2593	2	6
-1	2190	6	9
-1	1898	5	5
-1	1863	1	7
-1	2419	4	3
-1	2603	6	3
-1	2512	2	9
-1	2107	1	4
-1	1889	4	9
-1	1932	8	4
-1	2502	4	4
-1	2077	5	6
-1	2582	3	3
-1	2311	1	4
-1	2474	8	7
-1	2182	6	5
-1	2571	5	2
-1	1865	6	2
-1	2083	2	4
-1	2493	1	8
-1	2140	9	6
-1	2085	5	8
-1	1906	6	2
-1	1955	4	6
-1	1992	2	5
-1	2491	1	1
-1	2042	3	4
-1	2308	3	7
-1	2176	2	1
-1	1931	6	2
-1	2404	5	6
-1	2499	8	6
-1	2191	7	2
-1	2102	7	1
-1	1974	4	8
-1	1878	2	9
-1	2201	9	1
-1	2074	4	7
-1	2016	9	7
-1	2426	9	2
-1	2067	8	5
-1	2530	2	4
-1	2040	6	5
-1	2178	2	2
-1	1970	9	8
-1	2316	1	2
-1	2137	8	9
-1	1887	4	3
-1	2328	8	8
-1	2115	2	5
-1	2555	4	4
-1	1956	2	4
-1	2591	3	2
-1	2533	2	3
-1	2567	1	5
-1	2369	7	4
-1	2144	1	4
-1	2548	4	9
-1	2477	5	4
-1	2534	1	2
-1	2421	9	5
-1	2065	2	6
-1	2537	8	1
-1	2564	2	9
-1	2133	6	1
-1	1863	9	2
-1	2492	5	5
-1	2341	7	5
-1	2197	3	8
-1	2457	2	5
-1	2586	3	8
-1	2358	2	4
-1	2455	1	6
-1	2262	2	4
-1	2287	5	4
-1	2216	8	4
-1	1905	7	9
-1	2334	5	9
-1	2591	3	6
-1	2282	5	2
-1	2214	9	2
-1	2015	7	9
-1	2585	5	6
-1	1921	9	6
-1	1982	7	8
-1	2308	7	7
-1	2514	3	6
-1	2263	8	2
-1	2140	4	7
-1	2211	5	3
-1	2339	8	7
-1	2259	5	3
-1	2203	3	6
-1	2088	4	5
-1	1865	9	8
-1	1862	3	6
-1	2598	4	1
-1	2082	5	1
-1	1905	2	2
-1	1967	8	5
-1	2429	6	6
-1	2402	7	6
-1	2296	6	1
-1	2477	1	2
-1	2135	2	4
-1	2057	5	5
-1	2107	1	2
-1	2190	3	3
-1	2107	7	4
-1	2212	6	8
DDW
2086	2172
2413	2615
1774	2042
1789	2143
2053	2363
1926	2004
1976	2140
2377	2525
2487	2589
1787	2097
2552	2604
2166	2254
2336	2798
2266	2312
2214	2548
2158	2292
2353	2401
1946	2330
2374	2678
2265	2405
1804	2034
2327	2521
1978	2186
2086	2352
1809	1921
1977	2321
2418	2726
2101	2187
2243	2581
2319	2463
1879	2035
1779	2089
1982	2234
2398	2446
2475	2629
2212	2348
1691	2067
1819	2179
1903	1941
2404	2710
2341	2693
2321	2781
2029	2479
1799	1949
2499	2653
2500	2708
2067	2379
2296	2342
2267	2557
2055	2097
2509	2611
1838	2246
2347	2811
1806	1996
1787	1935
2103	2519
2064	2522
2271	2317
1824	2098
1727	2111
1859	2139
2443	2595
1785	2013
1806	2208
2461	2721
2404	2604
1844	2080
1825	2187
2156	2530
1884	2040
2141	2273
2171	2305
1911	2243
2548	2600
2279	2569
1836	2112
1950	2112
2047	2089
2159	2339
1698	2034
2507	2557
2007	2219
2174	2502
2043	2351
2413	2461
2419	2621
1785	2137
2027	2109
2252	2590
1997	2207
2489	2697
1971	2409
1841	1955
1844	1882
2201	2637
2473	2733
2412	2612
2086	2128
1719	2059
1739	2125
2302	2702
1890	2264
2505	2659
2265	2357
2276	2672
1964	2400
2520	2622
1716	2014
1875	2291
2318	2668
2012	2268
1897	2273
1754	2058
1799	2111
1813	2171
2441	2541
1919	2165
2077	2539
1980	2372
1912	1950
2284	2524
2374	2624
2147	2235
2018	2186
1777	2171
1803	1953
2179	2223
1908	2240
1956	2076
2402	2450
1984	2150
2454	2606
1979	2101
2091	2265
1950	1990
2247	2385
2073	2201
1793	1981
2118	2538
2094	2136
2478	2632
1936	1976
2539	2643
2508	2558
2336	2798
2227	2511
2080	2208
2421	2675
2403	2551
2331	2737
2179	2663
1962	2168
2461	2613
2333	2795
2026	2240
1788	1938
2293	2691
2130	2552
2153	2241
2359	2555
2327	2845
2240	2476
2308	2602
2058	2466
2218	2356
2127	2305
1772	2038
2241	2427
2410	2772
2122	2442
1993	2435
1995	2035
2559	2611
1767	2075
1804	2160
2216	2400
2413	2615
2240	2286
2012	2268
2100	2322
2292	2386
2123	2395
2071	2335
1984	2192
1828	1902
1676	2048
2572	2624
1978	2186
1734	2076
1810	2124
2283	2575
2306	2498
2227	2365
2328	2626
2092	2178
1892	2222
1981	2233
2124	2256
1938	2276
2079	2345
