HFSDDW
200	25	5
0	11	1	89	2	64	3	82	4	58
0	11	1	20	2	55	3	70	4	65
0	14	1	74	2	79	3	87	4	10
0	43	1	11	2	81	3	54	4	18
0	38	1	48	2	60	3	65	4	82
0	20	1	63	2	80	3	30	4	46
0	33	1	21	2	12	3	50	4	9
0	50	1	78	2	35	3	65	4	81
0	75	1	11	2	34	3	49	4	65
0	35	1	13	2	1	3	47	4	7
0	72	1	94	2	46	3	94	4	41
0	63	1	30	2	99	3	99	4	38
0	48	1	40	2	26	3	24	4	33
0	92	1	62	2	29	3	78	4	59
0	65	1	75	2	16	3	73	4	42
0	27	1	14	2	12	3	99	4	48
0	8	1	62	2	33	3	23	4	74
0	38	1	75	2	18	3	10	4	46
0	20	1	79	2	35	3	28	4	33
0	36	1	85	2	11	3	16	4	73
0	72	1	83	2	23	3	87	4	42
0	96	1	79	2	72	3	52	4	14
0	49	1	19	2	1	3	51	4	31
0	86	1	7	2	3	3	50	4	95
0	18	1	45	2	20	3	32	4	40
0	86	1	41	2	87	3	41	4	6
0	42	1	3	2	95	3	27	4	76
0	25	1	40	2	45	3	81	4	77
0	58	1	3	2	65	3	96	4	96
0	2	1	78	2	83	3	97	4	46
0	30	1	82	2	61	3	20	4	55
0	28	1	63	2	90	3	48	4	56
0	56	1	92	2	31	3	47	4	72
0	47	1	24	2	73	3	75	4	6
0	46	1	61	2	22	3	72	4	38
0	15	1	79	2	24	3	36	4	38
0	8	1	57	2	90	3	94	4	76
0	59	1	42	2	75	3	71	4	48
0	61	1	50	2	97	3	25	4	22
0	66	1	71	2	19	3	24	4	50
0	78	1	5	2	9	3	91	4	99
0	68	1	60	2	89	3	82	4	41
0	49	1	40	2	54	3	10	4	49
0	99	1	2	2	37	3	70	4	13
0	5	1	48	2	3	3	28	4	45
0	96	1	64	2	97	3	51	4	71
0	43	1	60	2	99	3	86	4	60
0	3	1	49	2	99	3	94	4	9
0	98	1	52	2	92	3	31	4	99
0	22	1	95	2	87	3	76	4	22
0	64	1	35	2	49	3	11	4	45
0	30	1	3	2	81	3	47	4	4
0	5	1	63	2	38	3	12	4	97
0	88	1	40	2	68	3	50	4	46
0	51	1	3	2	42	3	62	4	14
0	52	1	55	2	72	3	28	4	24
0	2	1	77	2	21	3	29	4	7
0	8	1	12	2	88	3	41	4	30
0	99	1	68	2	52	3	91	4	5
0	36	1	15	2	81	3	34	4	12
0	81	1	27	2	38	3	30	4	71
0	62	1	93	2	86	3	96	4	92
0	75	1	31	2	53	3	24	4	3
0	27	1	42	2	10	3	5	4	89
0	77	1	51	2	28	3	20	4	46
0	82	1	50	2	50	3	58	4	78
0	38	1	74	2	39	3	17	4	42
0	74	1	40	2	90	3	57	4	45
0	15	1	25	2	91	3	48	4	55
0	69	1	15	2	29	3	89	4	77
0	93	1	5	2	77	3	44	4	35
0	30	1	99	2	18	3	84	4	88
0	13	1	43	2	29	3	19	4	54
0	1	1	92	2	37	3	81	4	28
0	87	1	51	2	52	3	59	4	75
0	52	1	59	2	79	3	64	4	76
0	68	1	21	2	61	3	81	4	84
0	34	1	96	2	94	3	82	4	12
0	74	1	22	2	7	3	69	4	33
0	71	1	95	2	73	3	94	4	54
0	77	1	78	2	48	3	61	4	89
0	42	1	53	2	18	3	69	4	82
0	71	1	21	2	54	3	8	4	21
0	91	1	82	2	48	3	34	4	21
0	5	1	97	2	55	3	70	4	54
0	66	1	45	2	83	3	27	4	4
0	57	1	86	2	84	3	10	4	99
0	90	1	73	2	99	3	91	4	43
0	81	1	78	2	25	3	99	4	41
0	53	1	67	2	99	3	48	4	41
0	89	1	48	2	40	3	74	4	50
0	79	1	23	2	78	3	8	4	23
0	97	1	70	2	91	3	66	4	26
0	85	1	36	2	44	3	8	4	30
0	19	1	82	2	56	3	91	4	40
0	26	1	72	2	55	3	29	4	1
0	98	1	45	2	35	3	86	4	15
0	9	1	47	2	11	3	59	4	20
0	67	1	94	2	92	3	69	4	45
0	12	1	87	2	59	3	74	4	56
0	18	1	24	2	92	3	19	4	22
0	7	1	91	2	48	3	35	4	24
0	7	1	68	2	49	3	7	4	25
0	53	1	35	2	5	3	51	4	17
0	39	1	26	2	84	3	87	4	63
0	25	1	90	2	87	3	47	4	29
0	39	1	13	2	80	3	73	4	83
0	75	1	53	2	17	3	64	4	8
0	18	1	98	2	76	3	36	4	13
0	99	1	46	2	85	3	45	4	91
0	76	1	82	2	9	3	58	4	17
0	91	1	39	2	5	3	55	4	97
0	16	1	4	2	2	3	6	4	85
0	93	1	87	2	75	3	24	4	49
0	1	1	19	2	41	3	43	4	98
0	40	1	49	2	49	3	75	4	63
0	79	1	5	2	43	3	55	4	52
0	56	1	5	2	23	3	56	4	91
0	37	1	49	2	61	3	67	4	92
0	14	1	97	2	70	3	50	4	19
0	12	1	70	2	62	3	95	4	91
0	57	1	42	2	65	3	59	4	77
0	42	1	89	2	29	3	92	4	19
0	12	1	61	2	46	3	54	4	30
0	89	1	65	2	20	3	32	4	13
0	52	1	58	2	73	3	51	4	84
0	43	1	79	2	99	3	56	4	52
0	10	1	43	2	47	3	64	4	94
0	14	1	40	2	63	3	79	4	49
0	48	1	20	2	69	3	49	4	80
0	53	1	52	2	17	3	20	4	30
0	47	1	50	2	31	3	83	4	39
0	99	1	69	2	14	3	74	4	35
0	63	1	89	2	73	3	41	4	10
0	69	1	14	2	81	3	59	4	16
0	49	1	3	2	40	3	82	4	64
0	33	1	88	2	25	3	70	4	32
0	90	1	62	2	79	3	26	4	5
0	59	1	12	2	64	3	25	4	94
0	45	1	26	2	88	3	44	4	86
0	58	1	46	2	29	3	40	4	12
0	39	1	70	2	58	3	4	4	80
0	44	1	11	2	49	3	19	4	7
0	11	1	45	2	43	3	43	4	44
0	2	1	10	2	48	3	36	4	51
0	57	1	50	2	56	3	64	4	71
0	24	1	14	2	95	3	96	4	6
0	86	1	60	2	84	3	59	4	93
0	21	1	5	2	76	3	45	4	61
0	48	1	63	2	45	3	19	4	83
0	1	1	82	2	46	3	1	4	84
0	49	1	98	2	93	3	89	4	55
0	88	1	14	2	93	3	33	4	57
0	30	1	15	2	52	3	13	4	20
0	51	1	60	2	84	3	50	4	23
0	96	1	34	2	3	3	74	4	3
0	93	1	6	2	38	3	80	4	71
0	41	1	68	2	95	3	12	4	57
0	88	1	67	2	95	3	4	4	5
0	8	1	11	2	43	3	88	4	31
0	34	1	11	2	32	3	98	4	33
0	40	1	97	2	95	3	77	4	87
0	15	1	95	2	19	3	87	4	61
0	83	1	75	2	14	3	61	4	16
0	61	1	19	2	41	3	56	4	32
0	83	1	64	2	80	3	45	4	16
0	86	1	90	2	15	3	44	4	68
0	82	1	73	2	40	3	47	4	31
0	43	1	73	2	18	3	24	4	42
0	92	1	49	2	9	3	43	4	21
0	32	1	97	2	82	3	72	4	69
0	16	1	70	2	76	3	67	4	50
0	75	1	18	2	51	3	62	4	2
0	25	1	81	2	74	3	20	4	78
0	11	1	36	2	66	3	31	4	72
0	88	1	2	2	18	3	14	4	39
0	34	1	56	2	38	3	25	4	84
0	88	1	9	2	42	3	75	4	53
0	13	1	96	2	73	3	97	4	55
0	26	1	23	2	56	3	22	4	18
0	12	1	75	2	89	3	64	4	10
0	96	1	32	2	52	3	99	4	80
0	14	1	53	2	63	3	28	4	16
0	20	1	79	2	26	3	78	4	13
0	17	1	39	2	99	3	66	4	66
0	14	1	62	2	68	3	75	4	47
0	66	1	46	2	95	3	95	4	28
0	59	1	67	2	74	3	15	4	87
0	57	1	57	2	43	3	94	4	39
0	59	1	34	2	46	3	82	4	36
0	47	1	96	2	78	3	9	4	2
0	72	1	75	2	23	3	97	4	95
0	34	1	63	2	76	3	53	4	14
0	68	1	58	2	67	3	99	4	57
0	52	1	6	2	11	3	90	4	56
0	59	1	96	2	5	3	28	4	7
0	80	1	17	2	86	3	39	4	99
0	70	1	68	2	86	3	94	4	56
0	83	1	45	2	76	3	20	4	54
0	94	1	80	2	89	3	80	4	70
LBCmax: 2226
RELDUE
-1	1119	9	4
-1	1410	2	8
-1	1317	5	6
-1	1225	4	8
-1	1487	2	4
-1	1298	6	5
-1	1495	7	8
-1	1503	6	1
-1	1350	1	2
-1	1298	2	4
-1	1448	8	8
-1	1428	5	2
-1	1536	8	7
-1	1516	5	5
-1	1181	6	3
-1	1188	4	4
-1	1454	4	3
-1	1281	4	1
-1	1349	7	6
-1	1309	3	2
-1	1115	8	2
-1	1432	5	9
-1	1435	3	4
-1	1307	8	8
-1	1438	3	4
-1	1146	2	2
-1	1241	8	4
-1	1521	1	2
-1	1274	8	1
-1	1387	9	7
-1	1466	1	8
-1	1143	3	9
-1	1221	1	2
-1	1366	1	4
-1	1137	4	6
-1	1174	4	5
-1	1429	9	1
-1	1385	6	7
-1	1357	4	6
-1	1373	8	5
-1	1488	9	7
-1	1470	2	2
-1	1259	2	2
-1	1349	6	1
-1	1473	3	3
-1	1170	2	6
-1	1334	6	5
-1	1496	2	9
-1	1130	8	6
-1	1277	8	1
-1	1190	3	5
-1	1302	4	7
-1	1276	1	6
-1	1275	2	8
-1	1426	7	3
-1	1245	8	3
-1	1533	2	5
-1	1123	7	4
-1	1346	6	2
-1	1454	7	8
-1	1169	5	1
-1	1532	1	2
-1	1341	4	7
-1	1522	9	4
-1	1390	8	6
-1	1418	8	8
-1	1320	7	7
-1	1282	2	5
-1	1492	4	5
-1	1120	1	5
-1	1318	1	8
-1	1181	3	9
-1	1482	5	9
-1	1534	5	1
-1	1379	7	8
-1	1203	3	7
-1	1286	8	9
-1	1199	6	2
-1	1393	4	2
-1	1381	4	4
-1	1370	6	7
-1	1304	9	1
-1	1504	5	9
-1	1556	5	5
-1	1310	3	3
-1	1277	1	2
-1	1425	1	2
-1	1504	8	7
-1	1499	8	1
-1	1450	7	4
-1	1200	3	8
-1	1418	6	1
-1	1152	4	2
-1	1462	1	7
-1	1316	2	9
-1	1515	1	2
-1	1241	1	7
-1	1296	8	3
-1	1517	8	2
-1	1168	5	5
-1	1408	4	1
-1	1165	7	5
-1	1116	7	1
-1	1123	7	6
-1	1518	2	8
-1	1121	4	4
-1	1379	5	9
-1	1301	2	8
-1	1455	2	8
-1	1335	7	4
-1	1518	9	7
-1	1447	3	4
-1	1289	3	8
-1	1523	2	3
-1	1197	3	6
-1	1424	8	6
-1	1140	5	3
-1	1344	9	3
-1	1325	2	2
-1	1226	3	3
-1	1551	4	4
-1	1374	6	4
-1	1341	6	6
-1	1154	7	1
-1	1478	6	1
-1	1458	2	9
-1	1142	5	2
-1	1132	5	7
-1	1330	7	4
-1	1422	2	9
-1	1521	9	5
-1	1549	3	6
-1	1240	9	8
-1	1338	8	2
-1	1531	9	8
-1	1318	7	9
-1	1300	6	4
-1	1494	9	6
-1	1150	2	9
-1	1301	7	6
-1	1456	2	1
-1	1237	7	3
-1	1161	4	8
-1	1277	1	3
-1	1491	8	3
-1	1311	5	7
-1	1242	1	4
-1	1187	4	9
-1	1378	2	1
-1	1451	4	8
-1	1488	8	5
-1	1455	2	7
-1	1529	4	2
-1	1404	4	1
-1	1175	3	9
-1	1147	5	8
-1	1382	7	5
-1	1521	7	8
-1	1203	8	1
-1	1172	2	1
-1	1538	7	6
-1	1359	4	6
-1	1529	4	9
-1	1145	9	2
-1	1372	1	1
-1	1528	5	1
-1	1319	6	9
-1	1510	8	6
-1	1551	9	9
-1	1437	8	2
-1	1236	5	9
-1	1205	1	8
-1	1306	8	7
-1	1136	1	5
-1	1328	6	5
-1	1426	2	1
-1	1325	8	3
-1	1177	2	3
-1	1221	2	5
-1	1279	4	4
-1	1329	3	3
-1	1513	1	3
-1	1313	4	5
-1	1438	3	7
-1	1493	7	2
-1	1178	9	8
-1	1132	2	9
-1	1395	6	7
-1	1275	5	5
-1	1497	8	7
-1	1494	9	5
-1	1337	5	5
-1	1404	9	4
-1	1536	2	3
-1	1321	8	6
-1	1210	5	5
-1	1267	6	4
-1	1129	9	3
-1	1463	9	8
-1	1522	4	4
DDW
1018	1220
1325	1495
1106	1528
1090	1360
1294	1680
1220	1376
1226	1764
1217	1789
1174	1526
1194	1402
1231	1665
1242	1614
1336	1736
1319	1713
1063	1299
986	1390
1250	1658
1140	1422
1255	1443
1296	1322
1059	1171
1160	1704
1148	1722
1281	1333
1251	1625
1043	1249
1179	1303
1278	1764
1249	1299
1276	1498
1217	1715
983	1303
1197	1245
1216	1516
1069	1205
1021	1327
1215	1643
1108	1662
1113	1601
1195	1551
1324	1652
1367	1573
1070	1448
1228	1470
1208	1738
959	1381
1094	1574
1197	1795
915	1345
1251	1303
1059	1321
1198	1406
1148	1404
1173	1377
1383	1469
1108	1382
1426	1640
966	1280
1090	1602
1381	1527
1146	1192
1501	1563
1113	1569
1446	1598
1223	1557
1404	1432
1175	1465
1244	1320
1388	1596
918	1322
1292	1344
1004	1358
1289	1675
1304	1764
1241	1517
974	1432
1235	1337
1055	1343
1323	1463
1174	1588
1219	1521
1226	1382
1248	1760
1245	1867
1074	1546
1149	1405
1368	1482
1293	1715
1364	1634
1218	1682
1116	1284
1390	1446
1129	1175
1257	1667
1158	1474
1379	1651
1117	1365
1153	1439
1259	1775
958	1378
1309	1507
979	1351
971	1261
1101	1145
1503	1533
930	1312
1172	1586
1093	1509
1179	1731
1282	1388
1412	1624
1230	1664
1160	1418
1462	1584
1029	1365
1182	1666
1072	1208
1102	1586
1219	1431
1201	1251
1287	1815
1140	1608
1153	1529
1016	1292
1301	1655
1443	1473
994	1290
906	1358
1277	1383
1408	1436
1369	1673
1332	1766
1054	1426
1244	1432
1393	1669
1107	1529
1131	1469
1255	1733
920	1380
1288	1314
1238	1674
1126	1348
975	1347
1213	1341
1342	1640
1154	1468
1081	1403
973	1401
1364	1392
1233	1669
1428	1548
1280	1630
1468	1590
1179	1629
1163	1187
1032	1262
1354	1410
1491	1551
1071	1335
938	1406
1476	1600
1142	1576
1330	1728
939	1351
1166	1578
1329	1727
1306	1332
1465	1555
1303	1799
1178	1696
1187	1285
1072	1338
1058	1554
1056	1216
1235	1421
1298	1554
1298	1352
1059	1295
1197	1245
1023	1535
1209	1449
1286	1740
1050	1576
1309	1567
1224	1762
966	1390
1019	1245
1116	1674
1186	1364
1213	1781
1270	1718
1190	1484
1334	1474
1229	1843
1096	1546
968	1452
1064	1470
914	1344
1302	1624
1263	1781
