HFSDDW
100	25	5
0	2	1	4	2	42	3	51	4	12
0	72	1	22	2	16	3	18	4	34
0	27	1	21	2	67	3	54	4	20
0	18	1	69	2	28	3	43	4	43
0	33	1	6	2	72	3	84	4	54
0	95	1	44	2	94	3	54	4	18
0	90	1	58	2	2	3	73	4	9
0	72	1	62	2	52	3	45	4	28
0	17	1	84	2	7	3	7	4	45
0	80	1	37	2	2	3	99	4	68
0	86	1	91	2	42	3	52	4	7
0	96	1	32	2	57	3	96	4	17
0	29	1	27	2	62	3	99	4	43
0	68	1	20	2	93	3	45	4	48
0	55	1	17	2	83	3	15	4	26
0	49	1	98	2	65	3	40	4	73
0	58	1	42	2	95	3	86	4	32
0	99	1	16	2	49	3	67	4	12
0	41	1	5	2	55	3	28	4	99
0	89	1	22	2	8	3	64	4	77
0	61	1	43	2	56	3	52	4	13
0	69	1	9	2	28	3	27	4	57
0	98	1	66	2	18	3	24	4	58
0	87	1	32	2	75	3	67	4	44
0	52	1	71	2	27	3	34	4	7
0	50	1	62	2	55	3	16	4	37
0	27	1	91	2	2	3	63	4	13
0	16	1	85	2	43	3	74	4	63
0	90	1	88	2	23	3	10	4	14
0	74	1	87	2	31	3	69	4	12
0	58	1	47	2	40	3	20	4	25
0	90	1	16	2	23	3	45	4	62
0	7	1	53	2	12	3	90	4	30
0	8	1	65	2	55	3	12	4	43
0	2	1	89	2	2	3	5	4	53
0	63	1	49	2	18	3	20	4	33
0	63	1	31	2	85	3	4	4	79
0	80	1	51	2	81	3	38	4	23
0	99	1	62	2	98	3	12	4	57
0	37	1	77	2	33	3	79	4	7
0	10	1	32	2	20	3	27	4	11
0	68	1	46	2	36	3	66	4	61
0	42	1	98	2	3	3	13	4	99
0	75	1	68	2	8	3	11	4	50
0	56	1	83	2	17	3	89	4	43
0	40	1	90	2	89	3	48	4	16
0	86	1	16	2	38	3	14	4	24
0	32	1	12	2	59	3	93	4	11
0	34	1	16	2	15	3	77	4	80
0	2	1	59	2	85	3	12	4	81
0	69	1	69	2	22	3	29	4	50
0	26	1	15	2	31	3	84	4	71
0	77	1	56	2	88	3	51	4	74
0	26	1	60	2	89	3	88	4	68
0	64	1	10	2	15	3	1	4	17
0	40	1	68	2	40	3	9	4	42
0	80	1	5	2	78	3	66	4	47
0	17	1	94	2	10	3	63	4	98
0	17	1	81	2	74	3	23	4	33
0	78	1	28	2	64	3	3	4	55
0	41	1	70	2	97	3	44	4	18
0	60	1	55	2	21	3	13	4	11
0	57	1	75	2	22	3	42	4	91
0	73	1	78	2	22	3	4	4	58
0	31	1	51	2	26	3	90	4	51
0	83	1	35	2	92	3	68	4	39
0	13	1	4	2	37	3	53	4	2
0	10	1	8	2	34	3	49	4	87
0	62	1	74	2	96	3	53	4	41
0	42	1	59	2	33	3	32	4	60
0	99	1	6	2	61	3	45	4	25
0	89	1	44	2	7	3	93	4	35
0	25	1	63	2	52	3	74	4	97
0	53	1	38	2	69	3	41	4	81
0	65	1	45	2	73	3	17	4	96
0	56	1	55	2	73	3	50	4	9
0	25	1	3	2	60	3	9	4	39
0	8	1	43	2	92	3	29	4	12
0	66	1	1	2	40	3	14	4	62
0	98	1	23	2	23	3	55	4	87
0	5	1	89	2	91	3	50	4	94
0	55	1	33	2	44	3	49	4	68
0	35	1	70	2	57	3	85	4	11
0	23	1	3	2	43	3	35	4	90
0	11	1	45	2	40	3	29	4	16
0	64	1	5	2	59	3	55	4	97
0	34	1	32	2	18	3	62	4	4
0	35	1	11	2	11	3	14	4	83
0	75	1	99	2	44	3	61	4	77
0	95	1	44	2	55	3	4	4	40
0	96	1	79	2	87	3	65	4	77
0	59	1	50	2	63	3	35	4	31
0	50	1	73	2	89	3	52	4	34
0	3	1	53	2	95	3	81	4	76
0	12	1	92	2	29	3	52	4	16
0	12	1	2	2	79	3	51	4	21
0	21	1	50	2	56	3	16	4	1
0	55	1	45	2	52	3	84	4	44
0	84	1	48	2	76	3	83	4	33
0	2	1	10	2	92	3	27	4	75
LBCmax: 1111
RELDUE
-1	872	9	9
-1	886	3	4
-1	941	1	9
-1	839	5	8
-1	838	7	7
-1	787	4	5
-1	889	8	6
-1	857	4	4
-1	889	3	3
-1	925	1	9
-1	906	8	2
-1	935	8	9
-1	804	1	8
-1	809	9	6
-1	801	5	7
-1	779	5	3
-1	816	4	2
-1	943	8	3
-1	890	3	4
-1	953	7	4
-1	905	2	8
-1	778	3	8
-1	801	9	8
-1	860	5	3
-1	981	9	7
-1	921	7	6
-1	813	6	5
-1	880	6	8
-1	818	2	3
-1	808	3	3
-1	781	9	8
-1	799	4	1
-1	894	2	2
-1	946	1	7
-1	952	7	1
-1	937	1	9
-1	948	5	7
-1	840	8	9
-1	974	8	9
-1	993	1	2
-1	789	3	6
-1	799	7	7
-1	783	1	9
-1	819	7	8
-1	971	5	9
-1	809	1	1
-1	858	1	5
-1	916	4	3
-1	940	4	3
-1	850	7	8
-1	966	8	8
-1	857	5	8
-1	870	7	8
-1	885	1	8
-1	819	7	6
-1	871	9	3
-1	863	2	1
-1	858	9	3
-1	858	2	7
-1	918	1	2
-1	974	4	3
-1	786	3	8
-1	816	9	1
-1	858	8	1
-1	922	4	5
-1	884	6	6
-1	818	3	3
-1	858	4	5
-1	857	1	8
-1	864	1	3
-1	831	8	8
-1	976	2	9
-1	970	1	8
-1	898	8	9
-1	941	6	1
-1	883	2	7
-1	996	3	5
-1	983	4	5
-1	890	6	7
-1	950	8	6
-1	840	9	1
-1	898	5	2
-1	940	1	4
-1	968	1	9
-1	843	7	5
-1	924	3	3
-1	930	7	7
-1	787	3	5
-1	904	2	3
-1	858	7	2
-1	852	3	8
-1	868	5	4
-1	982	4	9
-1	833	3	7
-1	796	9	8
-1	780	9	3
-1	983	1	4
-1	926	3	8
-1	897	4	9
-1	864	9	6
DDW
732	1012
718	1054
885	997
822	856
704	972
653	921
880	898
771	943
853	925
768	1082
824	988
879	991
796	812
696	922
737	865
748	810
718	914
915	971
748	1032
934	972
887	923
731	825
793	809
705	1015
863	1099
746	1096
764	862
827	933
728	908
727	889
750	812
767	831
814	974
918	974
866	1038
871	1003
844	1052
773	907
857	1091
874	1112
639	939
663	935
681	885
803	835
884	1058
704	914
798	918
843	989
931	949
824	876
908	1024
814	900
835	905
735	1035
729	909
784	958
708	1018
789	927
764	952
753	1083
857	1091
668	904
653	979
738	978
793	1051
840	928
679	957
704	1012
814	900
847	881
723	939
937	1015
854	1086
862	934
903	979
830	936
857	1135
786	1180
801	979
770	1130
739	941
736	1060
884	996
891	1045
809	877
739	1109
921	939
685	889
796	1012
695	1021
775	929
842	894
805	1159
716	950
788	804
749	811
816	1150
750	1102
816	978
829	899
