HFSDDW
100	50	10
0	50	1	69	2	94	3	47	4	87	5	4	6	56	7	32	8	50	9	10
0	53	1	20	2	76	3	57	4	73	5	59	6	20	7	57	8	55	9	87
0	99	1	72	2	54	3	99	4	3	5	12	6	89	7	62	8	51	9	62
0	73	1	31	2	27	3	91	4	45	5	14	6	49	7	37	8	70	9	10
0	84	1	12	2	22	3	61	4	37	5	42	6	48	7	6	8	69	9	2
0	9	1	35	2	60	3	94	4	42	5	78	6	16	7	94	8	45	9	76
0	15	1	94	2	81	3	87	4	37	5	22	6	93	7	85	8	12	9	60
0	10	1	82	2	87	3	45	4	3	5	87	6	50	7	92	8	63	9	60
0	63	1	84	2	92	3	49	4	54	5	39	6	71	7	32	8	49	9	67
0	98	1	54	2	92	3	93	4	95	5	90	6	31	7	35	8	25	9	15
0	49	1	63	2	93	3	10	4	91	5	26	6	47	7	15	8	91	9	54
0	29	1	23	2	32	3	84	4	14	5	30	6	2	7	32	8	33	9	97
0	51	1	61	2	36	3	45	4	61	5	55	6	90	7	94	8	50	9	13
0	56	1	16	2	68	3	49	4	12	5	1	6	90	7	82	8	58	9	29
0	91	1	56	2	40	3	95	4	39	5	76	6	23	7	8	8	80	9	65
0	88	1	98	2	2	3	27	4	64	5	87	6	27	7	48	8	49	9	36
0	35	1	53	2	65	3	79	4	97	5	13	6	54	7	83	8	73	9	13
0	39	1	19	2	74	3	4	4	7	5	94	6	21	7	41	8	7	9	85
0	33	1	82	2	14	3	85	4	24	5	58	6	14	7	42	8	85	9	25
0	73	1	43	2	34	3	22	4	94	5	38	6	91	7	61	8	97	9	26
0	22	1	39	2	35	3	67	4	26	5	69	6	25	7	97	8	20	9	69
0	66	1	86	2	42	3	64	4	3	5	52	6	39	7	80	8	56	9	40
0	98	1	12	2	98	3	48	4	39	5	96	6	85	7	52	8	10	9	69
0	4	1	60	2	44	3	81	4	63	5	93	6	48	7	47	8	59	9	54
0	33	1	17	2	23	3	16	4	59	5	87	6	1	7	70	8	19	9	42
0	98	1	12	2	5	3	57	4	27	5	11	6	41	7	87	8	28	9	29
0	84	1	73	2	87	3	51	4	66	5	6	6	43	7	61	8	1	9	9
0	5	1	92	2	21	3	3	4	8	5	82	6	89	7	82	8	89	9	52
0	96	1	16	2	33	3	68	4	70	5	91	6	56	7	86	8	54	9	53
0	53	1	61	2	19	3	31	4	69	5	59	6	29	7	72	8	50	9	53
0	45	1	40	2	69	3	10	4	37	5	7	6	90	7	3	8	50	9	44
0	21	1	58	2	97	3	76	4	33	5	69	6	40	7	20	8	80	9	74
0	50	1	56	2	7	3	48	4	56	5	44	6	74	7	90	8	33	9	48
0	54	1	18	2	33	3	36	4	7	5	56	6	46	7	23	8	31	9	64
0	2	1	53	2	37	3	10	4	32	5	94	6	63	7	42	8	97	9	1
0	19	1	9	2	91	3	76	4	4	5	88	6	33	7	21	8	54	9	93
0	32	1	1	2	70	3	2	4	90	5	4	6	26	7	61	8	69	9	76
0	23	1	18	2	89	3	16	4	73	5	97	6	20	7	97	8	17	9	61
0	81	1	32	2	92	3	32	4	29	5	45	6	26	7	57	8	33	9	19
0	24	1	26	2	69	3	37	4	32	5	1	6	82	7	35	8	19	9	29
0	69	1	3	2	72	3	21	4	78	5	2	6	19	7	75	8	3	9	7
0	69	1	36	2	5	3	93	4	13	5	1	6	8	7	39	8	72	9	45
0	77	1	69	2	28	3	51	4	53	5	97	6	48	7	52	8	83	9	72
0	15	1	84	2	78	3	88	4	91	5	78	6	59	7	71	8	54	9	28
0	27	1	51	2	54	3	27	4	49	5	88	6	22	7	76	8	25	9	32
0	93	1	44	2	63	3	74	4	51	5	1	6	74	7	22	8	68	9	80
0	53	1	67	2	91	3	31	4	91	5	84	6	57	7	16	8	2	9	34
0	41	1	36	2	85	3	45	4	19	5	27	6	16	7	2	8	2	9	65
0	76	1	72	2	27	3	52	4	79	5	71	6	22	7	5	8	37	9	91
0	5	1	38	2	4	3	73	4	74	5	60	6	59	7	23	8	36	9	65
0	31	1	6	2	75	3	91	4	90	5	58	6	59	7	18	8	56	9	25
0	84	1	73	2	20	3	3	4	5	5	81	6	40	7	40	8	52	9	21
0	63	1	53	2	79	3	10	4	29	5	4	6	32	7	12	8	71	9	59
0	67	1	92	2	65	3	37	4	35	5	71	6	97	7	36	8	61	9	22
0	13	1	4	2	49	3	12	4	8	5	32	6	19	7	1	8	69	9	93
0	20	1	20	2	71	3	15	4	2	5	77	6	26	7	66	8	63	9	87
0	26	1	47	2	47	3	96	4	58	5	92	6	8	7	82	8	68	9	34
0	83	1	5	2	78	3	31	4	9	5	59	6	5	7	68	8	3	9	97
0	85	1	32	2	43	3	78	4	39	5	48	6	21	7	50	8	36	9	57
0	45	1	32	2	73	3	73	4	95	5	65	6	56	7	52	8	54	9	15
0	24	1	36	2	32	3	35	4	10	5	16	6	41	7	41	8	7	9	42
0	73	1	57	2	63	3	65	4	3	5	93	6	4	7	69	8	58	9	10
0	72	1	57	2	47	3	12	4	88	5	52	6	32	7	6	8	35	9	43
0	4	1	52	2	15	3	87	4	73	5	49	6	99	7	8	8	68	9	24
0	8	1	79	2	44	3	93	4	83	5	87	6	68	7	8	8	71	9	3
0	62	1	87	2	94	3	44	4	43	5	67	6	89	7	21	8	47	9	57
0	84	1	35	2	7	3	64	4	39	5	21	6	43	7	76	8	92	9	53
0	94	1	95	2	1	3	34	4	2	5	92	6	14	7	53	8	28	9	1
0	84	1	24	2	34	3	33	4	81	5	16	6	58	7	70	8	45	9	7
0	60	1	79	2	61	3	12	4	40	5	72	6	73	7	79	8	54	9	63
0	45	1	92	2	16	3	19	4	9	5	66	6	86	7	60	8	42	9	51
0	53	1	36	2	92	3	46	4	73	5	60	6	2	7	74	8	83	9	23
0	62	1	72	2	31	3	85	4	92	5	15	6	35	7	89	8	94	9	30
0	19	1	34	2	99	3	65	4	56	5	91	6	9	7	16	8	25	9	16
0	29	1	98	2	28	3	94	4	53	5	25	6	87	7	15	8	38	9	79
0	71	1	99	2	96	3	31	4	1	5	72	6	61	7	30	8	26	9	93
0	32	1	97	2	65	3	13	4	32	5	20	6	37	7	27	8	90	9	81
0	51	1	85	2	50	3	68	4	94	5	64	6	45	7	37	8	33	9	68
0	28	1	20	2	51	3	15	4	59	5	20	6	38	7	68	8	65	9	84
0	31	1	78	2	90	3	31	4	83	5	31	6	33	7	16	8	63	9	34
0	88	1	60	2	25	3	57	4	28	5	85	6	50	7	29	8	37	9	36
0	28	1	25	2	97	3	57	4	65	5	12	6	47	7	50	8	54	9	12
0	82	1	68	2	62	3	7	4	51	5	72	6	95	7	19	8	84	9	63
0	32	1	29	2	74	3	99	4	80	5	68	6	94	7	94	8	86	9	73
0	70	1	9	2	31	3	29	4	56	5	6	6	81	7	34	8	65	9	71
0	84	1	82	2	62	3	51	4	52	5	20	6	97	7	19	8	6	9	56
0	90	1	31	2	44	3	74	4	4	5	98	6	51	7	98	8	77	9	97
0	18	1	53	2	63	3	80	4	42	5	73	6	37	7	33	8	50	9	46
0	91	1	62	2	53	3	13	4	79	5	50	6	67	7	23	8	47	9	60
0	71	1	76	2	88	3	31	4	83	5	39	6	64	7	57	8	26	9	58
0	55	1	83	2	57	3	68	4	54	5	31	6	19	7	81	8	10	9	78
0	82	1	64	2	68	3	60	4	64	5	28	6	78	7	32	8	94	9	54
0	31	1	28	2	51	3	17	4	27	5	42	6	65	7	32	8	97	9	3
0	9	1	80	2	8	3	92	4	90	5	9	6	6	7	85	8	58	9	48
0	31	1	86	2	14	3	68	4	78	5	7	6	8	7	29	8	67	9	55
0	61	1	33	2	62	3	72	4	27	5	27	6	32	7	40	8	41	9	13
0	66	1	86	2	84	3	7	4	70	5	3	6	56	7	76	8	69	9	56
0	23	1	92	2	73	3	46	4	23	5	45	6	14	7	82	8	39	9	21
0	34	1	36	2	65	3	42	4	42	5	75	6	18	7	36	8	65	9	64
0	76	1	65	2	45	3	46	4	82	5	45	6	3	7	8	8	98	9	76
LBCmax: 1334
RELDUE
-1	534	6	3
-1	482	7	9
-1	559	9	6
-1	429	3	5
-1	486	3	1
-1	583	9	9
-1	559	9	8
-1	442	8	9
-1	532	7	4
-1	618	2	5
-1	435	4	8
-1	533	7	1
-1	404	9	3
-1	455	5	9
-1	609	4	9
-1	479	3	2
-1	456	8	1
-1	513	9	7
-1	572	5	6
-1	654	2	9
-1	625	6	2
-1	455	6	6
-1	430	5	9
-1	414	3	4
-1	612	5	6
-1	554	1	1
-1	528	9	9
-1	472	1	7
-1	571	6	6
-1	607	1	7
-1	515	2	3
-1	417	2	3
-1	625	8	7
-1	567	1	8
-1	587	8	2
-1	408	5	1
-1	605	3	2
-1	545	9	3
-1	425	3	1
-1	596	6	9
-1	442	1	1
-1	406	4	8
-1	630	8	2
-1	624	3	9
-1	535	1	2
-1	471	2	8
-1	570	6	4
-1	463	8	3
-1	582	9	3
-1	541	8	7
-1	463	8	4
-1	560	5	4
-1	514	2	1
-1	408	8	7
-1	645	9	7
-1	478	5	5
-1	452	9	1
-1	544	6	1
-1	485	8	3
-1	600	4	6
-1	454	5	2
-1	486	8	7
-1	538	9	6
-1	592	4	8
-1	503	4	7
-1	417	3	1
-1	575	3	9
-1	504	2	7
-1	535	5	1
-1	601	7	8
-1	541	4	5
-1	579	1	4
-1	487	7	6
-1	644	9	6
-1	611	7	7
-1	618	4	6
-1	492	8	3
-1	474	2	6
-1	547	6	8
-1	540	5	6
-1	652	6	9
-1	465	4	2
-1	558	4	5
-1	429	3	1
-1	544	8	9
-1	622	6	8
-1	570	6	6
-1	616	2	1
-1	590	2	4
-1	508	1	4
-1	623	6	8
-1	461	1	6
-1	459	3	7
-1	492	2	1
-1	542	7	5
-1	624	2	6
-1	535	6	2
-1	437	2	5
-1	520	1	8
-1	518	1	2
DDW
513	555
439	525
514	604
390	468
476	496
548	618
553	565
429	455
527	537
599	637
409	461
522	544
372	436
446	464
554	664
436	522
415	497
472	554
521	623
602	706
600	650
441	469
413	447
397	431
557	667
499	609
512	544
444	500
548	594
558	656
464	566
404	430
600	650
516	618
528	646
371	445
599	611
529	561
404	446
548	644
411	473
365	447
567	693
587	661
482	588
424	518
519	621
440	486
565	599
514	568
431	495
543	577
463	565
392	424
587	703
468	488
425	479
517	571
480	490
588	612
436	472
457	515
490	586
568	616
488	518
404	430
523	627
459	549
524	546
595	607
498	584
544	614
468	506
631	657
605	617
593	643
477	507
431	517
525	569
491	589
639	665
423	507
541	575
386	472
539	549
578	666
553	587
610	622
531	649
467	549
598	648
433	489
445	473
472	512
520	564
612	636
524	546
411	463
504	536
477	559
