HFSDDW
150	15	5
0	67	1	59	2	7	3	95	4	23
0	12	1	55	2	84	3	75	4	28
0	7	1	77	2	93	3	43	4	23
0	95	1	57	2	44	3	93	4	45
0	33	1	62	2	38	3	88	4	49
0	66	1	37	2	56	3	86	4	52
0	59	1	32	2	99	3	40	4	73
0	45	1	80	2	55	3	15	4	68
0	82	1	84	2	21	3	27	4	73
0	58	1	49	2	5	3	18	4	84
0	72	1	29	2	85	3	20	4	90
0	5	1	21	2	19	3	46	4	56
0	75	1	98	2	98	3	23	4	69
0	75	1	77	2	54	3	70	4	78
0	16	1	2	2	30	3	26	4	63
0	48	1	41	2	11	3	15	4	90
0	18	1	32	2	38	3	2	4	80
0	30	1	46	2	80	3	49	4	68
0	24	1	61	2	9	3	59	4	93
0	83	1	86	2	97	3	58	4	98
0	81	1	94	2	34	3	39	4	69
0	70	1	99	2	60	3	57	4	43
0	64	1	10	2	5	3	56	4	39
0	43	1	60	2	96	3	43	4	40
0	30	1	97	2	6	3	3	4	55
0	54	1	92	2	70	3	32	4	79
0	62	1	44	2	53	3	17	4	10
0	23	1	97	2	98	3	33	4	10
0	31	1	85	2	24	3	6	4	5
0	14	1	57	2	53	3	21	4	50
0	23	1	89	2	54	3	19	4	68
0	83	1	89	2	32	3	84	4	15
0	77	1	29	2	28	3	77	4	80
0	20	1	57	2	87	3	46	4	16
0	46	1	62	2	64	3	33	4	10
0	44	1	74	2	99	3	98	4	41
0	97	1	40	2	50	3	82	4	56
0	72	1	89	2	35	3	48	4	26
0	33	1	66	2	15	3	19	4	33
0	2	1	58	2	46	3	26	4	84
0	57	1	69	2	8	3	5	4	4
0	61	1	26	2	22	3	10	4	25
0	10	1	90	2	33	3	44	4	17
0	38	1	79	2	45	3	21	4	9
0	30	1	23	2	40	3	20	4	83
0	80	1	48	2	46	3	1	4	8
0	85	1	28	2	74	3	15	4	84
0	29	1	32	2	46	3	79	4	95
0	47	1	67	2	26	3	23	4	17
0	43	1	33	2	70	3	2	4	94
0	22	1	13	2	26	3	17	4	54
0	34	1	29	2	88	3	22	4	24
0	14	1	80	2	22	3	2	4	39
0	82	1	16	2	19	3	59	4	88
0	7	1	34	2	66	3	26	4	61
0	62	1	97	2	17	3	4	4	40
0	47	1	77	2	44	3	6	4	85
0	73	1	3	2	57	3	60	4	50
0	99	1	44	2	25	3	56	4	81
0	67	1	46	2	24	3	84	4	34
0	27	1	15	2	12	3	14	4	88
0	88	1	47	2	1	3	56	4	91
0	37	1	13	2	84	3	81	4	76
0	37	1	36	2	17	3	16	4	66
0	80	1	59	2	58	3	10	4	89
0	62	1	10	2	11	3	44	4	94
0	17	1	73	2	33	3	69	4	13
0	33	1	65	2	31	3	17	4	97
0	27	1	2	2	2	3	68	4	13
0	86	1	59	2	43	3	79	4	44
0	31	1	30	2	9	3	18	4	54
0	68	1	56	2	3	3	25	4	26
0	79	1	36	2	56	3	61	4	75
0	64	1	80	2	16	3	68	4	44
0	71	1	6	2	99	3	19	4	40
0	78	1	57	2	89	3	96	4	3
0	4	1	66	2	31	3	99	4	64
0	86	1	65	2	15	3	15	4	45
0	76	1	63	2	7	3	90	4	18
0	90	1	46	2	40	3	93	4	49
0	7	1	43	2	74	3	36	4	73
0	25	1	31	2	90	3	78	4	76
0	11	1	66	2	6	3	22	4	23
0	14	1	6	2	56	3	97	4	88
0	99	1	66	2	2	3	24	4	68
0	9	1	99	2	9	3	1	4	49
0	32	1	18	2	96	3	47	4	96
0	60	1	91	2	95	3	27	4	39
0	56	1	74	2	36	3	38	4	34
0	10	1	57	2	84	3	67	4	5
0	85	1	90	2	43	3	6	4	50
0	40	1	42	2	51	3	68	4	65
0	26	1	22	2	90	3	30	4	44
0	93	1	70	2	59	3	26	4	63
0	22	1	10	2	29	3	58	4	32
0	25	1	31	2	63	3	89	4	58
0	51	1	15	2	41	3	95	4	64
0	42	1	74	2	91	3	96	4	56
0	18	1	41	2	28	3	62	4	14
0	34	1	84	2	6	3	93	4	41
0	40	1	98	2	58	3	4	4	83
0	75	1	61	2	84	3	73	4	26
0	9	1	79	2	62	3	10	4	15
0	11	1	81	2	94	3	66	4	3
0	19	1	78	2	62	3	69	4	46
0	81	1	82	2	67	3	45	4	97
0	40	1	25	2	69	3	48	4	19
0	52	1	56	2	37	3	13	4	88
0	81	1	90	2	19	3	71	4	47
0	39	1	78	2	18	3	48	4	3
0	53	1	90	2	40	3	91	4	23
0	61	1	36	2	89	3	58	4	2
0	93	1	94	2	40	3	75	4	85
0	84	1	10	2	14	3	91	4	62
0	55	1	44	2	81	3	77	4	21
0	29	1	60	2	91	3	23	4	8
0	3	1	64	2	19	3	43	4	45
0	50	1	84	2	78	3	26	4	58
0	16	1	67	2	79	3	11	4	95
0	87	1	50	2	43	3	85	4	63
0	29	1	65	2	27	3	86	4	48
0	9	1	9	2	63	3	70	4	94
0	1	1	45	2	66	3	50	4	99
0	29	1	75	2	97	3	31	4	36
0	99	1	32	2	87	3	33	4	47
0	87	1	65	2	70	3	82	4	34
0	78	1	18	2	6	3	59	4	78
0	37	1	37	2	33	3	94	4	36
0	41	1	22	2	8	3	32	4	57
0	70	1	1	2	29	3	12	4	66
0	12	1	52	2	13	3	50	4	63
0	97	1	78	2	94	3	39	4	60
0	44	1	38	2	80	3	36	4	16
0	83	1	39	2	8	3	71	4	62
0	91	1	43	2	3	3	94	4	94
0	77	1	24	2	56	3	75	4	76
0	86	1	36	2	59	3	16	4	23
0	26	1	5	2	56	3	95	4	81
0	59	1	43	2	93	3	34	4	92
0	3	1	41	2	72	3	16	4	74
0	32	1	93	2	57	3	49	4	74
0	68	1	50	2	18	3	56	4	86
0	74	1	23	2	19	3	63	4	74
0	8	1	79	2	65	3	14	4	89
0	78	1	83	2	12	3	90	4	4
0	48	1	50	2	68	3	3	4	91
0	37	1	52	2	40	3	1	4	44
0	92	1	78	2	10	3	41	4	55
0	76	1	86	2	99	3	10	4	8
0	37	1	25	2	30	3	60	4	84
LBCmax: 2735
RELDUE
-1	1754	9	4
-1	2619	2	3
-1	2327	5	8
-1	1794	4	6
-1	2950	9	2
-1	2161	2	8
-1	2714	9	7
-1	2474	5	3
-1	2113	5	9
-1	1797	9	4
-1	1666	1	7
-1	2699	4	4
-1	1620	6	6
-1	2425	2	1
-1	2174	2	2
-1	1734	2	6
-1	2724	9	8
-1	1658	5	5
-1	1681	9	7
-1	2702	4	2
-1	1846	1	5
-1	2506	8	3
-1	1751	2	4
-1	2331	3	5
-1	1590	8	3
-1	2868	2	2
-1	2735	1	7
-1	1394	1	2
-1	2729	9	8
-1	2472	6	8
-1	1755	6	3
-1	1698	4	7
-1	1504	9	6
-1	1668	8	2
-1	2480	2	9
-1	2360	4	8
-1	2897	6	8
-1	1593	4	5
-1	1440	9	2
-1	2943	3	2
-1	1544	4	7
-1	1550	3	8
-1	2427	1	9
-1	1616	5	3
-1	1965	7	3
-1	2930	5	1
-1	2540	1	5
-1	1951	6	7
-1	2364	2	1
-1	2761	3	5
-1	2249	6	1
-1	1480	3	8
-1	1542	9	4
-1	2662	6	3
-1	2271	4	5
-1	2258	3	7
-1	2234	6	4
-1	3006	4	8
-1	1571	1	5
-1	1449	7	1
-1	2436	1	6
-1	2686	4	9
-1	2755	4	3
-1	2651	7	1
-1	1409	2	6
-1	2978	4	8
-1	2562	9	7
-1	2961	6	3
-1	2955	4	4
-1	2824	8	7
-1	1846	4	3
-1	2498	8	3
-1	1585	9	8
-1	1747	5	6
-1	2525	1	7
-1	1663	6	6
-1	1445	4	2
-1	1502	5	1
-1	1732	7	4
-1	1669	5	7
-1	1694	6	5
-1	2150	1	7
-1	2040	1	4
-1	2978	7	9
-1	1589	8	2
-1	1641	5	6
-1	1523	6	9
-1	1852	7	8
-1	2407	7	2
-1	1589	9	6
-1	1493	7	2
-1	2901	1	5
-1	1388	9	7
-1	3001	5	8
-1	1874	2	5
-1	1868	6	9
-1	1805	9	2
-1	2786	1	8
-1	1573	2	1
-1	1997	2	6
-1	1735	1	6
-1	2588	7	9
-1	2006	2	9
-1	2549	1	4
-1	2281	5	6
-1	2761	4	5
-1	2905	5	8
-1	2804	1	5
-1	1504	5	6
-1	1974	8	4
-1	2179	9	9
-1	2099	7	4
-1	2640	5	6
-1	2912	7	5
-1	2764	9	8
-1	1652	6	6
-1	2012	1	4
-1	2786	6	2
-1	2428	4	1
-1	2777	3	9
-1	2822	7	2
-1	2077	3	6
-1	1921	2	1
-1	2732	5	1
-1	2697	2	6
-1	1955	3	6
-1	2476	3	8
-1	1593	7	1
-1	2883	9	4
-1	2024	4	6
-1	2868	3	5
-1	1669	5	7
-1	2938	9	7
-1	2745	5	2
-1	2944	3	8
-1	2115	1	4
-1	1511	3	8
-1	2501	6	7
-1	2063	7	2
-1	1837	2	4
-1	1745	2	6
-1	1728	4	3
-1	1714	6	1
-1	1799	4	3
-1	2419	7	5
-1	2403	3	1
-1	1627	7	7
-1	1486	7	2
-1	1604	7	6
-1	1588	6	5
DDW
1631	1877
2514	2724
2141	2513
1740	1848
2744	3156
1967	2355
2605	2823
2350	2598
2071	2155
1617	1977
1599	1733
2483	2915
1588	1652
2182	2668
2065	2283
1613	1855
2670	2778
1608	1708
1664	1698
2432	2972
1772	1920
2431	2581
1663	1839
2121	2541
1479	1701
2581	3155
2516	2954
1310	1478
2702	2756
2348	2596
1737	1773
1664	1732
1414	1594
1535	1801
2282	2678
2148	2572
2636	3158
1561	1625
1339	1541
2708	3178
1420	1668
1395	1705
2378	2476
1487	1745
1926	2004
2784	3076
2311	2769
1795	2107
2317	2411
2706	2816
2227	2271
1406	1554
1465	1619
2476	2848
2226	2316
2145	2371
2033	2435
2705	3307
1461	1681
1348	1550
2412	2460
2471	2901
2645	2865
2465	2837
1268	1550
2918	3038
2485	2639
2813	3109
2896	3014
2626	3022
1698	1994
2248	2748
1490	1680
1677	1817
2449	2601
1596	1730
1431	1459
1382	1622
1611	1853
1636	1702
1660	1728
2128	2172
1958	2122
2680	3276
1525	1653
1543	1739
1401	1645
1685	2019
2263	2551
1525	1653
1344	1642
2611	3191
1305	1471
2971	3031
1743	2005
1681	2055
1697	1913
2647	2925
1431	1715
1977	2017
1683	1787
2459	2717
1886	2126
2396	2702
2190	2372
2733	2789
2644	3166
2748	2860
1429	1579
1796	2152
2092	2266
2078	2120
2534	2746
2737	3087
2598	2930
1635	1669
1932	2092
2675	2897
2355	2501
2666	2888
2681	2963
1994	2160
1748	2094
2513	2951
2481	2913
1799	2111
2352	2600
1497	1689
2652	3114
1963	2085
2610	3126
1552	1786
2644	3232
2553	2937
2650	3238
1967	2263
1435	1587
2276	2726
1919	2207
1782	1892
1623	1867
1624	1832
1628	1800
1655	1943
2395	2443
2187	2619
1513	1741
1337	1635
1508	1700
1493	1683
