HFSDDW
100	25	5
0	3	1	39	2	28	3	32	4	79
0	35	1	64	2	17	3	38	4	19
0	77	1	4	2	37	3	10	4	68
0	30	1	78	2	67	3	90	4	24
0	7	1	42	2	15	3	98	4	67
0	32	1	94	2	78	3	34	4	53
0	68	1	48	2	90	3	93	4	63
0	12	1	34	2	22	3	41	4	80
0	75	1	9	2	21	3	43	4	56
0	28	1	36	2	60	3	1	4	31
0	31	1	50	2	47	3	45	4	66
0	60	1	25	2	29	3	64	4	47
0	41	1	86	2	83	3	85	4	51
0	30	1	14	2	44	3	46	4	57
0	96	1	56	2	26	3	10	4	49
0	98	1	22	2	71	3	43	4	39
0	96	1	34	2	77	3	3	4	23
0	18	1	2	2	45	3	28	4	4
0	87	1	5	2	58	3	94	4	40
0	88	1	26	2	35	3	92	4	26
0	15	1	92	2	14	3	44	4	35
0	74	1	25	2	37	3	96	4	67
0	39	1	53	2	86	3	25	4	51
0	7	1	10	2	80	3	63	4	33
0	29	1	68	2	16	3	43	4	70
0	91	1	98	2	31	3	70	4	60
0	73	1	86	2	79	3	17	4	25
0	5	1	20	2	34	3	68	4	49
0	92	1	65	2	49	3	61	4	65
0	34	1	19	2	33	3	44	4	33
0	79	1	45	2	72	3	59	4	97
0	46	1	76	2	71	3	74	4	43
0	75	1	93	2	66	3	36	4	93
0	52	1	74	2	70	3	1	4	47
0	86	1	75	2	12	3	15	4	41
0	64	1	20	2	55	3	78	4	36
0	73	1	66	2	87	3	37	4	80
0	28	1	14	2	20	3	19	4	79
0	28	1	49	2	60	3	25	4	73
0	98	1	98	2	13	3	67	4	13
0	60	1	48	2	32	3	97	4	46
0	4	1	34	2	58	3	19	4	34
0	26	1	22	2	92	3	38	4	70
0	9	1	7	2	29	3	56	4	66
0	39	1	54	2	51	3	22	4	19
0	38	1	16	2	86	3	41	4	42
0	65	1	7	2	87	3	66	4	75
0	25	1	34	2	90	3	90	4	76
0	94	1	55	2	2	3	85	4	53
0	7	1	56	2	22	3	55	4	64
0	92	1	70	2	57	3	2	4	73
0	7	1	97	2	11	3	78	4	9
0	88	1	47	2	18	3	77	4	68
0	20	1	34	2	27	3	62	4	45
0	74	1	16	2	38	3	79	4	71
0	83	1	52	2	65	3	68	4	12
0	81	1	94	2	32	3	76	4	49
0	95	1	50	2	86	3	92	4	69
0	28	1	24	2	12	3	82	4	88
0	48	1	38	2	25	3	17	4	34
0	73	1	30	2	59	3	10	4	89
0	76	1	32	2	77	3	30	4	90
0	54	1	32	2	43	3	66	4	28
0	94	1	15	2	41	3	28	4	73
0	69	1	47	2	34	3	93	4	18
0	51	1	4	2	56	3	91	4	24
0	45	1	28	2	48	3	35	4	39
0	51	1	35	2	22	3	86	4	73
0	64	1	72	2	57	3	2	4	15
0	95	1	81	2	46	3	55	4	94
0	33	1	97	2	97	3	44	4	64
0	26	1	95	2	66	3	92	4	39
0	72	1	76	2	86	3	6	4	46
0	27	1	84	2	8	3	27	4	76
0	59	1	93	2	54	3	55	4	10
0	97	1	90	2	33	3	78	4	23
0	70	1	58	2	2	3	97	4	91
0	48	1	30	2	5	3	71	4	14
0	56	1	68	2	30	3	48	4	1
0	87	1	85	2	51	3	56	4	88
0	11	1	73	2	19	3	79	4	35
0	39	1	43	2	43	3	35	4	66
0	35	1	63	2	88	3	69	4	68
0	15	1	75	2	89	3	15	4	98
0	96	1	79	2	37	3	14	4	20
0	91	1	64	2	7	3	54	4	22
0	12	1	40	2	76	3	89	4	12
0	97	1	40	2	22	3	62	4	52
0	5	1	87	2	70	3	5	4	78
0	92	1	79	2	60	3	80	4	85
0	13	1	96	2	37	3	58	4	91
0	32	1	36	2	5	3	59	4	44
0	75	1	37	2	88	3	13	4	54
0	95	1	86	2	98	3	58	4	71
0	74	1	53	2	27	3	62	4	93
0	10	1	10	2	33	3	36	4	28
0	12	1	4	2	27	3	68	4	9
0	16	1	3	2	19	3	98	4	80
0	61	1	35	2	63	3	19	4	76
0	68	1	98	2	57	3	50	4	82
LBCmax: 1170
RELDUE
-1	626	4	5
-1	1155	3	8
-1	597	4	6
-1	648	2	9
-1	663	2	3
-1	1008	3	9
-1	1073	1	5
-1	1105	9	2
-1	1038	4	1
-1	1160	7	4
-1	738	7	5
-1	612	5	3
-1	1070	5	9
-1	805	7	7
-1	809	8	1
-1	1088	3	9
-1	654	4	3
-1	724	2	3
-1	613	4	4
-1	857	5	1
-1	1237	2	1
-1	1065	5	4
-1	585	6	5
-1	1132	7	7
-1	654	8	6
-1	862	5	4
-1	1212	4	1
-1	641	2	8
-1	1190	9	9
-1	760	4	5
-1	658	9	4
-1	953	2	2
-1	1162	1	3
-1	959	6	7
-1	736	3	7
-1	799	8	1
-1	600	6	7
-1	707	3	7
-1	987	9	2
-1	925	6	1
-1	909	2	1
-1	788	9	2
-1	964	6	8
-1	701	6	3
-1	994	2	4
-1	985	3	4
-1	1049	1	1
-1	810	1	7
-1	1196	8	4
-1	618	4	4
-1	996	9	1
-1	1140	4	2
-1	958	8	4
-1	665	7	7
-1	1213	8	5
-1	849	8	8
-1	1154	3	3
-1	752	3	9
-1	1282	5	1
-1	1089	5	2
-1	1084	6	3
-1	1016	6	9
-1	1202	5	4
-1	862	1	6
-1	1087	6	5
-1	1073	8	6
-1	738	8	3
-1	695	1	2
-1	653	6	8
-1	595	3	3
-1	1072	2	9
-1	1234	5	6
-1	1025	5	4
-1	975	1	7
-1	1235	7	2
-1	1034	3	8
-1	685	9	2
-1	1172	7	7
-1	722	4	5
-1	957	6	4
-1	1100	4	2
-1	986	1	3
-1	733	6	3
-1	1156	1	1
-1	1052	3	2
-1	806	3	7
-1	1282	7	3
-1	1081	1	7
-1	1034	7	9
-1	1175	5	2
-1	932	4	4
-1	1136	8	5
-1	713	3	1
-1	1186	7	6
-1	1128	5	4
-1	1181	7	1
-1	873	2	8
-1	686	8	9
-1	902	8	2
-1	1208	9	3
DDW
582	670
1143	1167
543	651
564	732
544	782
887	1129
1062	1084
950	1260
986	1090
928	1392
598	878
557	667
1059	1081
724	886
793	825
1077	1099
615	693
637	811
601	625
754	960
1089	1385
948	1182
526	644
928	1336
602	706
819	905
1079	1345
532	750
1095	1285
752	768
540	776
848	1058
930	1394
911	1007
611	861
743	855
486	714
672	742
859	1115
796	1054
900	918
630	946
887	1041
617	785
895	1093
906	1064
1028	1070
688	932
993	1399
513	723
857	1135
1072	1208
929	987
605	725
1043	1383
705	993
1027	1281
662	842
1205	1359
947	1231
1073	1095
975	1057
1130	1274
819	905
1065	1109
976	1170
672	804
577	813
562	744
500	690
1040	1104
1209	1259
820	1230
887	1063
1099	1371
910	1158
658	712
949	1395
664	780
947	967
1056	1144
818	1154
726	740
1017	1295
978	1126
709	903
1179	1385
951	1211
910	1158
1163	1187
783	1081
1056	1216
570	856
949	1423
981	1275
980	1382
742	1004
665	707
812	992
1184	1232
