HFSDDW
100	25	5
0	1	1	47	2	30	3	81	4	99
0	41	1	2	2	37	3	38	4	61
0	76	1	43	2	90	3	52	4	91
0	35	1	81	2	43	3	38	4	76
0	12	1	53	2	36	3	37	4	28
0	80	1	18	2	6	3	6	4	29
0	6	1	43	2	97	3	50	4	42
0	46	1	28	2	70	3	36	4	54
0	11	1	16	2	97	3	99	4	85
0	78	1	84	2	72	3	70	4	24
0	11	1	70	2	75	3	53	4	25
0	48	1	11	2	92	3	53	4	19
0	23	1	96	2	32	3	9	4	55
0	33	1	45	2	40	3	10	4	46
0	7	1	12	2	7	3	83	4	66
0	95	1	55	2	37	3	52	4	50
0	95	1	46	2	35	3	81	4	19
0	35	1	67	2	45	3	26	4	94
0	35	1	36	2	17	3	17	4	32
0	15	1	83	2	88	3	44	4	52
0	33	1	45	2	62	3	25	4	18
0	98	1	63	2	92	3	87	4	29
0	93	1	73	2	41	3	4	4	23
0	76	1	61	2	51	3	90	4	20
0	66	1	1	2	15	3	16	4	11
0	71	1	94	2	90	3	51	4	51
0	13	1	66	2	93	3	1	4	17
0	51	1	83	2	11	3	64	4	20
0	71	1	75	2	57	3	96	4	2
0	62	1	94	2	14	3	93	4	55
0	54	1	33	2	98	3	25	4	86
0	33	1	30	2	47	3	15	4	46
0	4	1	73	2	41	3	36	4	17
0	27	1	80	2	40	3	87	4	72
0	92	1	51	2	87	3	71	4	48
0	90	1	44	2	18	3	14	4	49
0	76	1	81	2	96	3	95	4	97
0	80	1	68	2	68	3	15	4	84
0	21	1	37	2	95	3	18	4	16
0	98	1	34	2	21	3	80	4	74
0	81	1	55	2	27	3	22	4	63
0	4	1	46	2	27	3	76	4	95
0	88	1	12	2	33	3	66	4	69
0	22	1	77	2	45	3	38	4	37
0	59	1	12	2	26	3	3	4	51
0	56	1	55	2	69	3	55	4	50
0	57	1	23	2	38	3	40	4	67
0	22	1	55	2	74	3	33	4	94
0	35	1	41	2	92	3	20	4	95
0	10	1	4	2	30	3	48	4	93
0	22	1	88	2	82	3	44	4	16
0	70	1	30	2	24	3	71	4	7
0	48	1	76	2	71	3	26	4	38
0	66	1	74	2	93	3	98	4	48
0	67	1	3	2	13	3	43	4	3
0	19	1	20	2	6	3	8	4	42
0	52	1	25	2	21	3	61	4	29
0	68	1	40	2	94	3	25	4	97
0	92	1	32	2	4	3	26	4	47
0	58	1	69	2	66	3	81	4	30
0	35	1	11	2	31	3	1	4	27
0	19	1	76	2	39	3	41	4	97
0	51	1	24	2	17	3	30	4	55
0	24	1	55	2	10	3	97	4	70
0	26	1	79	2	69	3	2	4	56
0	36	1	99	2	86	3	96	4	44
0	49	1	53	2	25	3	78	4	7
0	42	1	93	2	21	3	35	4	10
0	92	1	1	2	53	3	28	4	47
0	69	1	15	2	73	3	71	4	24
0	4	1	59	2	68	3	12	4	4
0	55	1	41	2	30	3	45	4	91
0	20	1	89	2	42	3	97	4	48
0	97	1	98	2	38	3	24	4	13
0	30	1	34	2	75	3	88	4	77
0	25	1	27	2	42	3	55	4	86
0	21	1	26	2	16	3	73	4	41
0	89	1	84	2	14	3	74	4	51
0	2	1	64	2	76	3	43	4	89
0	3	1	58	2	56	3	79	4	49
0	70	1	77	2	50	3	58	4	93
0	69	1	84	2	80	3	34	4	78
0	29	1	99	2	74	3	58	4	71
0	94	1	74	2	69	3	56	4	59
0	13	1	85	2	64	3	72	4	12
0	65	1	58	2	32	3	98	4	75
0	66	1	70	2	63	3	6	4	17
0	44	1	75	2	57	3	79	4	72
0	6	1	4	2	80	3	96	4	22
0	2	1	90	2	19	3	72	4	95
0	29	1	89	2	99	3	21	4	36
0	85	1	14	2	77	3	47	4	29
0	12	1	52	2	82	3	58	4	12
0	59	1	37	2	68	3	42	4	28
0	19	1	17	2	89	3	84	4	53
0	10	1	5	2	67	3	51	4	10
0	74	1	39	2	60	3	3	4	47
0	77	1	70	2	42	3	70	4	31
0	31	1	98	2	11	3	51	4	60
0	53	1	21	2	22	3	84	4	63
LBCmax: 1105
RELDUE
-1	697	2	3
-1	601	8	9
-1	722	8	8
-1	651	8	4
-1	721	9	4
-1	577	5	7
-1	553	1	4
-1	586	1	7
-1	701	2	6
-1	610	3	9
-1	731	3	3
-1	653	3	2
-1	610	7	2
-1	633	1	8
-1	673	5	5
-1	711	7	2
-1	757	5	1
-1	729	9	2
-1	577	5	5
-1	629	6	6
-1	747	6	4
-1	761	4	7
-1	769	2	6
-1	576	9	3
-1	767	6	6
-1	598	9	1
-1	566	8	2
-1	637	3	9
-1	605	1	6
-1	773	2	6
-1	748	7	1
-1	736	8	5
-1	735	7	4
-1	747	2	9
-1	650	4	9
-1	668	2	7
-1	690	9	7
-1	585	3	8
-1	609	8	5
-1	630	9	2
-1	721	2	7
-1	674	2	8
-1	718	5	6
-1	648	4	4
-1	663	8	1
-1	739	1	9
-1	710	3	9
-1	715	8	6
-1	765	5	9
-1	748	9	8
-1	686	4	9
-1	643	9	7
-1	575	4	2
-1	662	1	1
-1	718	8	4
-1	710	1	5
-1	605	6	1
-1	698	5	9
-1	657	8	1
-1	675	9	2
-1	562	1	8
-1	690	2	4
-1	754	8	3
-1	702	4	1
-1	636	9	7
-1	769	4	9
-1	692	6	2
-1	637	7	3
-1	757	8	5
-1	557	5	3
-1	572	5	3
-1	724	5	4
-1	671	9	6
-1	720	3	3
-1	682	4	8
-1	624	7	5
-1	594	1	8
-1	672	7	5
-1	687	8	5
-1	580	9	1
-1	661	8	9
-1	624	2	1
-1	645	1	2
-1	630	9	4
-1	638	3	2
-1	656	1	4
-1	712	5	7
-1	625	6	8
-1	580	4	7
-1	713	5	3
-1	614	1	2
-1	766	6	1
-1	702	1	9
-1	708	9	7
-1	619	4	3
-1	583	4	4
-1	693	5	4
-1	568	5	5
-1	564	2	4
-1	667	4	8
DDW
648	746
547	655
650	794
631	671
663	779
554	600
498	608
563	609
680	722
549	671
716	746
646	660
604	616
589	677
666	680
668	754
727	787
714	744
571	583
616	642
732	762
738	784
692	846
570	582
706	828
550	646
515	617
624	650
593	617
765	781
696	800
662	810
706	764
702	792
604	696
655	681
669	711
556	614
591	627
586	674
649	793
634	714
682	754
616	680
656	670
709	769
682	738
651	779
734	796
673	823
665	707
637	649
552	598
642	682
668	768
682	738
551	659
628	768
624	690
668	682
534	590
628	752
739	769
681	723
617	655
746	792
637	747
605	669
749	765
501	613
549	595
659	789
611	731
691	749
668	696
580	668
546	642
632	712
618	756
551	609
635	687
562	686
593	697
611	649
581	695
610	702
669	755
619	631
522	638
692	734
596	632
735	797
632	772
687	729
600	638
577	589
658	728
551	585
553	575
607	727
