HFSDDW
100	25	5
0	72	1	35	2	49	3	64	4	90
0	98	1	81	2	90	3	13	4	85
0	14	1	68	2	53	3	92	4	73
0	82	1	98	2	77	3	99	4	16
0	41	1	17	2	83	3	72	4	3
0	71	1	94	2	34	3	76	4	24
0	93	1	90	2	83	3	58	4	80
0	46	1	95	2	81	3	40	4	6
0	47	1	10	2	99	3	69	4	83
0	35	1	93	2	49	3	44	4	33
0	51	1	7	2	76	3	54	4	61
0	56	1	51	2	76	3	62	4	20
0	4	1	48	2	15	3	89	4	91
0	23	1	85	2	94	3	13	4	28
0	87	1	17	2	38	3	94	4	68
0	31	1	18	2	15	3	88	4	67
0	77	1	46	2	89	3	43	4	72
0	86	1	14	2	29	3	97	4	24
0	94	1	19	2	19	3	21	4	2
0	98	1	95	2	11	3	78	4	61
0	49	1	98	2	36	3	17	4	46
0	34	1	69	2	82	3	85	4	30
0	39	1	37	2	88	3	94	4	43
0	57	1	58	2	71	3	17	4	5
0	9	1	57	2	97	3	88	4	33
0	68	1	97	2	17	3	92	4	69
0	35	1	8	2	36	3	28	4	19
0	79	1	11	2	73	3	97	4	38
0	17	1	32	2	43	3	67	4	85
0	57	1	31	2	25	3	77	4	44
0	41	1	24	2	93	3	73	4	52
0	91	1	2	2	48	3	84	4	78
0	36	1	52	2	90	3	16	4	95
0	31	1	1	2	61	3	76	4	64
0	47	1	85	2	74	3	78	4	87
0	77	1	15	2	30	3	3	4	75
0	38	1	73	2	40	3	48	4	29
0	11	1	14	2	63	3	75	4	27
0	77	1	63	2	89	3	19	4	3
0	64	1	42	2	27	3	72	4	54
0	57	1	69	2	48	3	14	4	97
0	56	1	50	2	16	3	85	4	74
0	77	1	72	2	45	3	9	4	41
0	62	1	13	2	43	3	87	4	84
0	18	1	38	2	85	3	49	4	86
0	84	1	95	2	55	3	76	4	23
0	36	1	87	2	57	3	48	4	19
0	68	1	26	2	26	3	51	4	73
0	61	1	98	2	77	3	2	4	49
0	6	1	18	2	80	3	78	4	40
0	52	1	99	2	40	3	88	4	37
0	20	1	84	2	98	3	27	4	13
0	60	1	94	2	39	3	62	4	39
0	90	1	15	2	96	3	90	4	72
0	37	1	87	2	91	3	15	4	23
0	20	1	60	2	84	3	1	4	81
0	66	1	16	2	77	3	37	4	71
0	37	1	48	2	68	3	12	4	99
0	83	1	27	2	98	3	38	4	13
0	67	1	59	2	15	3	62	4	59
0	90	1	22	2	90	3	7	4	3
0	64	1	8	2	25	3	66	4	17
0	59	1	1	2	98	3	46	4	46
0	45	1	18	2	3	3	91	4	3
0	42	1	46	2	84	3	90	4	89
0	11	1	88	2	53	3	2	4	55
0	60	1	45	2	22	3	41	4	90
0	45	1	25	2	71	3	34	4	8
0	29	1	23	2	3	3	94	4	40
0	82	1	28	2	52	3	92	4	68
0	50	1	56	2	24	3	60	4	18
0	45	1	37	2	99	3	17	4	92
0	75	1	54	2	24	3	11	4	56
0	14	1	79	2	57	3	56	4	2
0	20	1	47	2	68	3	83	4	73
0	19	1	44	2	89	3	50	4	7
0	82	1	37	2	61	3	33	4	6
0	5	1	22	2	62	3	24	4	45
0	8	1	25	2	54	3	42	4	32
0	75	1	99	2	91	3	38	4	27
0	4	1	70	2	96	3	91	4	48
0	4	1	87	2	40	3	87	4	98
0	2	1	48	2	49	3	11	4	10
0	39	1	92	2	90	3	6	4	52
0	92	1	17	2	34	3	11	4	93
0	95	1	92	2	27	3	52	4	97
0	20	1	52	2	51	3	24	4	3
0	12	1	40	2	70	3	85	4	3
0	17	1	81	2	74	3	25	4	44
0	60	1	76	2	44	3	33	4	92
0	82	1	9	2	86	3	86	4	35
0	86	1	37	2	85	3	97	4	53
0	11	1	61	2	88	3	89	4	79
0	50	1	96	2	26	3	8	4	97
0	98	1	23	2	6	3	4	4	36
0	11	1	42	2	9	3	67	4	34
0	20	1	49	2	93	3	59	4	15
0	11	1	66	2	65	3	88	4	16
0	75	1	54	2	72	3	32	4	91
0	55	1	92	2	85	3	46	4	94
LBCmax: 1228
RELDUE
-1	1147	8	8
-1	984	2	4
-1	808	8	8
-1	798	9	9
-1	1522	2	1
-1	1101	2	4
-1	402	3	4
-1	1381	4	6
-1	978	5	8
-1	661	7	5
-1	913	4	8
-1	713	8	6
-1	603	1	8
-1	1155	6	5
-1	782	7	8
-1	1122	8	7
-1	1197	2	4
-1	728	9	2
-1	1282	3	4
-1	1210	9	2
-1	1395	5	5
-1	748	7	5
-1	820	2	2
-1	1497	5	1
-1	645	7	8
-1	917	3	3
-1	996	7	1
-1	1276	4	1
-1	514	1	6
-1	1366	3	1
-1	591	2	5
-1	1068	2	4
-1	1142	3	5
-1	1257	3	8
-1	1232	4	2
-1	1218	4	1
-1	531	9	6
-1	1090	9	8
-1	1168	1	4
-1	1047	4	9
-1	466	3	5
-1	1394	7	9
-1	561	5	6
-1	1165	9	1
-1	1245	9	9
-1	943	2	7
-1	798	2	9
-1	463	9	1
-1	1574	4	4
-1	739	3	7
-1	1442	8	6
-1	1147	6	6
-1	503	5	2
-1	1315	4	2
-1	499	2	5
-1	767	9	7
-1	531	3	3
-1	907	7	6
-1	521	8	3
-1	972	8	6
-1	472	5	3
-1	722	9	5
-1	1234	1	6
-1	1209	9	9
-1	437	6	9
-1	1442	5	7
-1	1168	1	6
-1	942	1	7
-1	1520	8	2
-1	1160	5	4
-1	959	3	8
-1	474	9	4
-1	1156	9	5
-1	602	5	8
-1	1112	3	4
-1	369	3	1
-1	554	5	7
-1	1252	2	6
-1	620	6	2
-1	1298	6	8
-1	486	2	4
-1	901	5	2
-1	1299	1	2
-1	1372	6	6
-1	1520	3	9
-1	1040	7	6
-1	933	8	4
-1	1424	3	7
-1	1126	3	5
-1	833	5	5
-1	1054	2	1
-1	1220	7	3
-1	936	6	5
-1	563	2	4
-1	943	5	5
-1	1340	1	7
-1	527	6	6
-1	949	2	8
-1	1095	3	7
-1	1400	4	8
DDW
1044	1250
886	1082
751	865
774	822
1431	1613
1024	1178
390	414
1353	1409
939	1017
628	694
886	940
699	727
561	645
1143	1167
727	837
1100	1144
1101	1293
706	750
1205	1359
1137	1283
1256	1534
726	770
804	836
1377	1617
587	703
908	926
986	1006
1238	1314
499	529
1298	1434
561	621
993	1143
1119	1165
1156	1358
1146	1318
1181	1255
504	558
1046	1134
1086	1250
1037	1057
452	480
1380	1408
555	567
1153	1177
1220	1270
849	1037
790	806
440	486
1417	1731
732	746
1413	1471
1136	1158
493	513
1197	1433
454	544
713	821
489	573
825	989
500	542
914	1030
444	500
650	794
1111	1357
1100	1318
433	441
1341	1543
1051	1285
848	1036
1459	1581
1102	1218
892	1026
455	493
1087	1225
566	638
1079	1145
332	406
543	565
1239	1265
583	657
1168	1428
437	535
847	955
1260	1338
1345	1399
1459	1581
998	1082
886	980
1367	1481
1025	1227
825	841
1001	1107
1147	1293
842	1030
552	574
886	1000
1300	1380
516	538
930	968
986	1204
1330	1470
