HFSDDW
100	30	10
0	29	1	22	2	38	3	99	4	87	5	1	6	57	7	69	8	65	9	30
0	28	1	74	2	75	3	69	4	76	5	3	6	15	7	29	8	80	9	82
0	16	1	47	2	61	3	84	4	35	5	22	6	85	7	56	8	85	9	94
0	27	1	91	2	84	3	9	4	69	5	48	6	62	7	92	8	14	9	39
0	37	1	25	2	3	3	44	4	30	5	72	6	46	7	96	8	28	9	76
0	53	1	47	2	53	3	11	4	21	5	82	6	61	7	53	8	64	9	66
0	16	1	2	2	83	3	70	4	4	5	36	6	89	7	66	8	99	9	28
0	40	1	22	2	15	3	41	4	46	5	91	6	44	7	17	8	55	9	62
0	76	1	89	2	28	3	10	4	42	5	79	6	38	7	74	8	88	9	87
0	87	1	10	2	29	3	48	4	24	5	35	6	41	7	32	8	41	9	93
0	82	1	80	2	96	3	99	4	37	5	32	6	33	7	13	8	64	9	29
0	38	1	44	2	97	3	2	4	90	5	26	6	73	7	74	8	29	9	24
0	97	1	15	2	77	3	13	4	41	5	30	6	92	7	66	8	18	9	11
0	51	1	13	2	75	3	62	4	80	5	95	6	92	7	29	8	73	9	10
0	47	1	26	2	10	3	60	4	49	5	44	6	13	7	27	8	58	9	97
0	62	1	66	2	3	3	17	4	95	5	68	6	3	7	83	8	59	9	7
0	39	1	66	2	94	3	54	4	78	5	26	6	68	7	36	8	22	9	94
0	34	1	45	2	2	3	20	4	77	5	71	6	5	7	18	8	64	9	96
0	18	1	66	2	9	3	20	4	48	5	84	6	11	7	59	8	66	9	13
0	93	1	10	2	69	3	66	4	71	5	80	6	31	7	56	8	82	9	24
0	75	1	77	2	6	3	64	4	64	5	18	6	65	7	83	8	40	9	25
0	63	1	85	2	20	3	62	4	88	5	73	6	58	7	75	8	7	9	93
0	15	1	10	2	69	3	10	4	1	5	25	6	75	7	35	8	48	9	96
0	40	1	49	2	35	3	41	4	21	5	41	6	60	7	44	8	55	9	31
0	20	1	27	2	19	3	42	4	49	5	9	6	89	7	7	8	78	9	97
0	23	1	56	2	50	3	89	4	9	5	66	6	8	7	95	8	64	9	40
0	43	1	30	2	35	3	43	4	84	5	14	6	50	7	79	8	42	9	48
0	13	1	14	2	20	3	75	4	73	5	88	6	90	7	28	8	60	9	92
0	35	1	68	2	57	3	51	4	73	5	84	6	99	7	46	8	32	9	54
0	34	1	65	2	80	3	16	4	88	5	90	6	92	7	76	8	57	9	36
0	59	1	11	2	65	3	31	4	85	5	10	6	36	7	74	8	16	9	21
0	76	1	79	2	36	3	72	4	6	5	74	6	72	7	84	8	69	9	1
0	14	1	4	2	47	3	87	4	15	5	48	6	34	7	5	8	87	9	83
0	95	1	14	2	70	3	25	4	34	5	24	6	3	7	27	8	65	9	64
0	48	1	26	2	31	3	12	4	78	5	54	6	29	7	8	8	11	9	14
0	18	1	9	2	7	3	57	4	22	5	55	6	64	7	78	8	16	9	38
0	75	1	32	2	86	3	33	4	25	5	62	6	9	7	12	8	38	9	81
0	72	1	46	2	19	3	5	4	52	5	88	6	72	7	35	8	9	9	60
0	19	1	26	2	93	3	74	4	66	5	87	6	8	7	14	8	3	9	78
0	60	1	24	2	11	3	28	4	89	5	16	6	40	7	98	8	86	9	17
0	45	1	18	2	69	3	29	4	41	5	72	6	89	7	3	8	5	9	34
0	82	1	29	2	70	3	56	4	19	5	49	6	39	7	13	8	67	9	38
0	55	1	95	2	9	3	60	4	21	5	48	6	35	7	91	8	16	9	36
0	49	1	74	2	49	3	92	4	16	5	1	6	56	7	64	8	33	9	94
0	97	1	6	2	9	3	68	4	95	5	32	6	54	7	55	8	9	9	40
0	77	1	27	2	32	3	49	4	62	5	49	6	9	7	10	8	9	9	93
0	37	1	98	2	86	3	69	4	85	5	9	6	79	7	78	8	40	9	18
0	92	1	74	2	79	3	72	4	41	5	50	6	87	7	41	8	64	9	88
0	94	1	80	2	83	3	75	4	59	5	22	6	43	7	1	8	31	9	66
0	92	1	47	2	56	3	40	4	57	5	99	6	19	7	40	8	83	9	87
0	52	1	76	2	15	3	90	4	47	5	4	6	48	7	59	8	8	9	12
0	62	1	68	2	45	3	20	4	99	5	56	6	15	7	11	8	10	9	64
0	65	1	79	2	47	3	74	4	26	5	46	6	18	7	40	8	16	9	41
0	31	1	47	2	57	3	76	4	36	5	18	6	66	7	92	8	28	9	55
0	74	1	83	2	92	3	19	4	4	5	24	6	2	7	37	8	41	9	2
0	84	1	8	2	30	3	20	4	22	5	73	6	29	7	41	8	64	9	2
0	85	1	8	2	44	3	67	4	80	5	15	6	12	7	68	8	83	9	81
0	90	1	22	2	83	3	54	4	90	5	82	6	87	7	29	8	70	9	2
0	44	1	81	2	99	3	15	4	56	5	24	6	18	7	38	8	55	9	63
0	89	1	25	2	29	3	27	4	69	5	66	6	40	7	26	8	38	9	89
0	13	1	33	2	53	3	59	4	11	5	62	6	25	7	75	8	29	9	40
0	86	1	1	2	70	3	62	4	57	5	5	6	9	7	30	8	11	9	57
0	97	1	73	2	14	3	20	4	91	5	65	6	93	7	56	8	84	9	24
0	42	1	61	2	90	3	81	4	89	5	11	6	28	7	40	8	4	9	94
0	99	1	42	2	9	3	15	4	77	5	89	6	55	7	66	8	70	9	65
0	58	1	11	2	16	3	81	4	91	5	40	6	20	7	34	8	68	9	45
0	69	1	68	2	90	3	6	4	98	5	25	6	10	7	89	8	73	9	46
0	77	1	68	2	26	3	17	4	58	5	55	6	65	7	99	8	43	9	3
0	11	1	28	2	86	3	20	4	66	5	32	6	46	7	10	8	89	9	50
0	91	1	93	2	72	3	59	4	25	5	31	6	51	7	4	8	17	9	52
0	80	1	65	2	92	3	24	4	87	5	90	6	85	7	99	8	23	9	36
0	74	1	21	2	90	3	65	4	34	5	41	6	82	7	71	8	40	9	66
0	78	1	99	2	99	3	24	4	54	5	83	6	96	7	67	8	91	9	27
0	5	1	62	2	82	3	90	4	23	5	46	6	35	7	62	8	33	9	76
0	47	1	47	2	86	3	54	4	75	5	71	6	4	7	7	8	25	9	83
0	49	1	80	2	63	3	50	4	73	5	80	6	65	7	69	8	69	9	4
0	93	1	18	2	8	3	96	4	32	5	13	6	38	7	99	8	43	9	88
0	7	1	20	2	38	3	64	4	20	5	32	6	13	7	46	8	49	9	83
0	80	1	89	2	42	3	8	4	78	5	24	6	98	7	33	8	18	9	42
0	80	1	66	2	92	3	30	4	82	5	29	6	39	7	90	8	22	9	62
0	33	1	4	2	64	3	37	4	77	5	29	6	42	7	99	8	30	9	42
0	68	1	20	2	21	3	86	4	24	5	5	6	76	7	1	8	18	9	8
0	15	1	6	2	82	3	1	4	9	5	40	6	27	7	9	8	81	9	91
0	92	1	22	2	24	3	86	4	50	5	76	6	25	7	6	8	30	9	50
0	81	1	98	2	3	3	75	4	74	5	60	6	46	7	7	8	6	9	77
0	52	1	39	2	73	3	15	4	47	5	28	6	22	7	64	8	28	9	38
0	2	1	34	2	18	3	39	4	49	5	46	6	95	7	34	8	36	9	47
0	80	1	70	2	70	3	68	4	26	5	17	6	4	7	7	8	27	9	48
0	94	1	21	2	3	3	5	4	39	5	53	6	49	7	10	8	39	9	23
0	54	1	61	2	77	3	92	4	48	5	48	6	80	7	63	8	27	9	28
0	65	1	12	2	70	3	59	4	96	5	81	6	68	7	5	8	89	9	31
0	25	1	16	2	37	3	80	4	43	5	81	6	31	7	14	8	99	9	95
0	97	1	86	2	94	3	14	4	93	5	20	6	93	7	78	8	21	9	78
0	37	1	40	2	80	3	99	4	82	5	82	6	51	7	44	8	8	9	57
0	85	1	45	2	21	3	9	4	97	5	39	6	24	7	97	8	49	9	67
0	17	1	67	2	63	3	31	4	31	5	79	6	18	7	56	8	65	9	77
0	88	1	90	2	84	3	11	4	93	5	84	6	36	7	38	8	97	9	61
0	30	1	87	2	6	3	43	4	11	5	52	6	66	7	85	8	16	9	55
0	95	1	95	2	29	3	54	4	61	5	70	6	76	7	49	8	68	9	4
0	65	1	94	2	78	3	30	4	68	5	94	6	61	7	10	8	16	9	14
LBCmax: 2147
RELDUE
-1	0	7	2
-1	1638	1	7
-1	0	8	2
-1	1685	2	4
-1	571	7	5
-1	419	6	4
-1	1101	1	3
-1	226	2	8
-1	213	6	5
-1	1469	2	3
-1	66	6	8
-1	463	4	3
-1	645	8	1
-1	12	7	9
-1	1557	1	9
-1	1784	4	3
-1	1104	7	7
-1	436	9	6
-1	855	3	5
-1	292	2	7
-1	0	4	6
-1	1641	1	5
-1	1271	7	5
-1	1794	8	2
-1	1832	9	3
-1	546	6	6
-1	0	1	7
-1	1402	7	9
-1	1384	7	8
-1	128	9	7
-1	1749	4	2
-1	998	4	8
-1	1292	1	3
-1	0	6	4
-1	903	4	6
-1	0	5	1
-1	1838	3	5
-1	654	8	1
-1	150	8	9
-1	465	5	3
-1	0	3	6
-1	985	1	7
-1	415	3	8
-1	1720	3	9
-1	1734	9	9
-1	510	8	4
-1	959	6	5
-1	1248	3	3
-1	808	2	2
-1	1401	4	5
-1	499	9	5
-1	438	7	4
-1	1062	8	6
-1	1756	4	5
-1	0	9	7
-1	134	1	8
-1	151	4	6
-1	0	5	8
-1	1786	2	6
-1	0	6	3
-1	237	9	6
-1	1632	4	4
-1	774	7	1
-1	0	4	7
-1	1653	2	6
-1	1000	8	6
-1	1104	6	9
-1	590	4	7
-1	1041	8	6
-1	1367	9	7
-1	1879	4	7
-1	234	1	3
-1	70	9	1
-1	174	1	9
-1	106	1	5
-1	907	1	6
-1	1011	6	1
-1	1484	5	3
-1	0	1	3
-1	1106	7	7
-1	1520	2	6
-1	651	4	4
-1	379	8	4
-1	1915	2	4
-1	1562	3	7
-1	1095	9	5
-1	1869	6	8
-1	1468	9	3
-1	1876	6	2
-1	553	5	6
-1	1757	1	5
-1	1699	7	7
-1	801	5	2
-1	125	1	6
-1	13	5	1
-1	271	6	5
-1	0	9	3
-1	330	5	8
-1	0	4	6
-1	519	4	5
DDW
0	0
1540	1736
0	0
1618	1752
537	605
394	444
1090	1112
208	244
209	217
1425	1513
61	71
417	509
587	703
12	12
1432	1682
1641	1927
994	1214
405	467
778	932
269	315
0	0
1526	1756
1144	1398
1740	1848
1795	1869
519	573
0	0
1346	1458
1329	1439
125	131
1592	1906
898	1098
1176	1408
0	0
831	975
0	0
1691	1985
628	680
147	153
418	512
0	0
946	1024
394	436
1668	1772
1665	1803
469	551
882	1036
1123	1373
760	856
1275	1527
454	544
403	473
966	1158
1633	1879
0	0
130	138
140	162
0	0
1732	1840
0	0
213	261
1501	1763
743	805
0	0
1587	1719
920	1080
1093	1115
543	637
1010	1072
1326	1408
1691	2067
220	248
66	74
158	190
99	113
898	916
991	1031
1365	1603
0	0
1062	1150
1414	1626
605	697
345	413
1800	2030
1515	1609
1073	1117
1832	1906
1424	1512
1688	2064
520	586
1599	1915
1648	1750
785	817
124	126
13	13
260	282
0	0
314	346
0	0
483	555
