HFSDDW
100	15	5
0	98	1	69	2	66	3	5	4	71
0	89	1	59	2	74	3	23	4	35
0	17	1	33	2	37	3	54	4	41
0	27	1	68	2	45	3	76	4	35
0	38	1	55	2	62	3	51	4	27
0	41	1	63	2	59	3	30	4	20
0	69	1	64	2	1	3	62	4	69
0	94	1	27	2	36	3	72	4	88
0	67	1	49	2	52	3	64	4	72
0	60	1	30	2	72	3	28	4	43
0	86	1	36	2	73	3	27	4	81
0	43	1	7	2	16	3	78	4	30
0	27	1	99	2	44	3	3	4	66
0	53	1	33	2	75	3	85	4	47
0	99	1	32	2	73	3	87	4	67
0	89	1	4	2	97	3	78	4	66
0	12	1	91	2	31	3	87	4	34
0	33	1	90	2	74	3	81	4	27
0	87	1	12	2	58	3	42	4	61
0	68	1	5	2	49	3	98	4	19
0	28	1	55	2	86	3	81	4	43
0	55	1	63	2	85	3	60	4	91
0	39	1	9	2	37	3	12	4	19
0	36	1	69	2	57	3	69	4	34
0	62	1	58	2	94	3	59	4	59
0	88	1	73	2	31	3	27	4	99
0	84	1	55	2	99	3	59	4	38
0	56	1	5	2	49	3	44	4	78
0	69	1	6	2	15	3	89	4	87
0	78	1	74	2	46	3	23	4	26
0	98	1	47	2	79	3	64	4	57
0	69	1	60	2	28	3	23	4	54
0	81	1	32	2	59	3	60	4	8
0	84	1	10	2	77	3	74	4	63
0	31	1	20	2	13	3	90	4	64
0	57	1	44	2	6	3	72	4	80
0	15	1	28	2	9	3	1	4	1
0	37	1	76	2	35	3	3	4	69
0	95	1	76	2	27	3	90	4	97
0	37	1	46	2	54	3	81	4	3
0	69	1	97	2	72	3	60	4	94
0	79	1	35	2	88	3	99	4	1
0	25	1	55	2	56	3	42	4	40
0	53	1	24	2	59	3	60	4	70
0	9	1	75	2	75	3	5	4	67
0	54	1	93	2	23	3	93	4	28
0	11	1	90	2	24	3	69	4	12
0	18	1	56	2	48	3	6	4	22
0	3	1	87	2	35	3	3	4	44
0	41	1	21	2	84	3	50	4	44
0	14	1	87	2	94	3	12	4	94
0	94	1	22	2	67	3	93	4	41
0	86	1	12	2	95	3	72	4	89
0	35	1	32	2	86	3	31	4	23
0	97	1	76	2	53	3	39	4	67
0	21	1	40	2	73	3	61	4	26
0	34	1	10	2	72	3	49	4	14
0	23	1	96	2	13	3	75	4	17
0	95	1	88	2	54	3	65	4	36
0	91	1	92	2	62	3	13	4	9
0	10	1	34	2	53	3	28	4	46
0	37	1	35	2	55	3	44	4	73
0	54	1	49	2	7	3	67	4	7
0	77	1	40	2	46	3	58	4	67
0	39	1	19	2	12	3	15	4	28
0	9	1	22	2	87	3	4	4	76
0	29	1	77	2	60	3	52	4	17
0	99	1	56	2	44	3	4	4	77
0	88	1	41	2	68	3	2	4	63
0	46	1	82	2	87	3	58	4	58
0	52	1	47	2	4	3	46	4	70
0	90	1	22	2	39	3	1	4	38
0	16	1	47	2	52	3	67	4	45
0	76	1	88	2	54	3	50	4	8
0	21	1	95	2	43	3	81	4	78
0	97	1	51	2	11	3	52	4	81
0	26	1	35	2	30	3	45	4	25
0	81	1	74	2	15	3	82	4	27
0	77	1	18	2	44	3	65	4	61
0	42	1	89	2	2	3	57	4	86
0	57	1	29	2	37	3	51	4	38
0	56	1	5	2	23	3	67	4	72
0	40	1	12	2	87	3	20	4	12
0	81	1	18	2	7	3	42	4	63
0	3	1	74	2	72	3	24	4	30
0	3	1	51	2	77	3	20	4	37
0	9	1	50	2	53	3	66	4	24
0	97	1	97	2	79	3	7	4	68
0	77	1	52	2	47	3	10	4	87
0	66	1	31	2	25	3	54	4	80
0	25	1	82	2	59	3	94	4	83
0	83	1	57	2	13	3	21	4	35
0	6	1	28	2	3	3	31	4	64
0	89	1	59	2	22	3	95	4	14
0	83	1	38	2	1	3	74	4	85
0	51	1	27	2	63	3	37	4	64
0	72	1	27	2	23	3	40	4	13
0	27	1	91	2	59	3	82	4	40
0	41	1	84	2	58	3	72	4	63
0	50	1	49	2	17	3	45	4	97
LBCmax: 1895
RELDUE
-1	1024	7	7
-1	1053	1	1
-1	1271	1	3
-1	1407	6	1
-1	2050	2	1
-1	1927	6	8
-1	1879	9	4
-1	1915	1	3
-1	1044	4	5
-1	1310	8	2
-1	1598	4	7
-1	2016	9	5
-1	1812	1	5
-1	1588	1	7
-1	1660	7	1
-1	1835	6	7
-1	1000	7	4
-1	1663	5	2
-1	1151	7	1
-1	1373	2	7
-1	2073	5	1
-1	949	9	4
-1	1388	9	1
-1	1582	3	7
-1	1775	4	9
-1	2075	6	8
-1	1854	9	1
-1	1270	9	1
-1	1064	8	5
-1	1358	1	5
-1	968	2	9
-1	1056	4	2
-1	1143	4	8
-1	1400	2	6
-1	1601	8	9
-1	1664	5	3
-1	2070	3	2
-1	1884	6	4
-1	1431	7	6
-1	1248	5	9
-1	1456	3	4
-1	1014	4	8
-1	1517	4	8
-1	1523	7	6
-1	1890	4	5
-1	1483	4	2
-1	1044	1	6
-1	971	5	6
-1	1051	7	8
-1	1920	9	1
-1	1458	9	6
-1	1931	8	5
-1	2073	4	3
-1	1038	5	8
-1	2065	4	6
-1	1021	3	2
-1	1751	1	1
-1	1774	3	8
-1	1718	5	6
-1	2061	7	6
-1	1019	1	5
-1	1555	3	4
-1	1797	5	4
-1	1771	2	6
-1	1289	6	1
-1	1488	6	9
-1	1819	6	4
-1	1358	1	6
-1	2072	5	9
-1	2081	4	2
-1	1850	3	9
-1	1202	2	7
-1	1179	2	2
-1	1988	2	1
-1	2003	4	7
-1	2005	1	2
-1	1518	1	3
-1	1950	1	4
-1	1778	4	5
-1	1238	9	1
-1	1978	2	8
-1	1830	3	4
-1	1166	9	4
-1	1230	5	6
-1	1986	1	6
-1	1123	3	6
-1	1069	2	6
-1	1052	4	2
-1	1421	3	5
-1	1527	2	3
-1	1999	2	2
-1	1242	3	8
-1	1113	9	5
-1	1456	8	4
-1	1175	4	6
-1	1986	2	1
-1	1303	9	4
-1	1832	9	4
-1	1180	6	8
-1	1348	7	8
DDW
952	1096
990	1116
1144	1398
1294	1520
1948	2152
1831	2023
1691	2067
1800	2030
940	1148
1192	1428
1582	1614
1814	2218
1740	1884
1461	1715
1511	1809
1817	1853
930	1070
1580	1746
1105	1197
1304	1442
1949	2197
930	968
1360	1416
1503	1661
1686	1864
2013	2137
1706	2002
1168	1372
990	1138
1236	1480
910	1026
1003	1109
1052	1234
1358	1442
1489	1713
1548	1780
2029	2111
1790	1978
1374	1488
1173	1323
1369	1543
984	1044
1441	1593
1432	1614
1777	2003
1439	1527
971	1117
952	990
977	1125
1728	2112
1327	1589
1873	1989
1969	2177
996	1080
2003	2127
970	1072
1681	1821
1668	1880
1649	1787
2020	2102
937	1101
1508	1602
1617	1977
1753	1789
1237	1341
1384	1592
1783	1855
1344	1372
2051	2093
2019	2143
1684	2016
1178	1226
1167	1191
1809	2167
1823	2183
1945	2065
1397	1639
1814	2086
1600	1956
1213	1263
1840	2116
1720	1940
1154	1178
1144	1316
1966	2006
1089	1157
962	1176
999	1105
1279	1563
1496	1558
1939	2059
1167	1317
1091	1135
1412	1500
1081	1269
1926	2046
1251	1355
1759	1905
1156	1204
1227	1469
