HFSDDW
100	25	5
0	60	1	25	2	78	3	93	4	54
0	73	1	22	2	47	3	43	4	46
0	1	1	53	2	5	3	24	4	65
0	46	1	10	2	63	3	21	4	39
0	32	1	33	2	94	3	62	4	89
0	63	1	30	2	91	3	23	4	88
0	6	1	95	2	82	3	15	4	90
0	39	1	30	2	61	3	51	4	38
0	14	1	92	2	59	3	27	4	80
0	63	1	46	2	79	3	87	4	53
0	56	1	20	2	94	3	96	4	4
0	27	1	31	2	17	3	5	4	91
0	44	1	31	2	24	3	54	4	41
0	5	1	71	2	89	3	33	4	27
0	16	1	49	2	13	3	82	4	25
0	39	1	73	2	68	3	81	4	26
0	17	1	50	2	4	3	69	4	33
0	85	1	1	2	85	3	12	4	64
0	9	1	14	2	56	3	60	4	94
0	82	1	69	2	6	3	86	4	75
0	92	1	57	2	47	3	61	4	38
0	7	1	8	2	13	3	71	4	64
0	53	1	62	2	35	3	79	4	75
0	94	1	27	2	54	3	21	4	56
0	5	1	85	2	78	3	68	4	18
0	3	1	93	2	52	3	87	4	43
0	70	1	68	2	82	3	6	4	33
0	60	1	3	2	43	3	32	4	27
0	77	1	88	2	15	3	47	4	12
0	47	1	78	2	76	3	85	4	99
0	56	1	15	2	85	3	31	4	71
0	8	1	78	2	78	3	43	4	35
0	13	1	56	2	25	3	29	4	94
0	85	1	80	2	30	3	46	4	16
0	91	1	83	2	22	3	93	4	78
0	16	1	71	2	32	3	57	4	71
0	24	1	17	2	67	3	88	4	86
0	55	1	82	2	52	3	34	4	26
0	81	1	24	2	99	3	97	4	14
0	22	1	64	2	85	3	53	4	27
0	67	1	49	2	31	3	70	4	9
0	72	1	92	2	92	3	52	4	56
0	36	1	46	2	22	3	72	4	11
0	96	1	88	2	37	3	42	4	39
0	3	1	28	2	95	3	20	4	34
0	67	1	83	2	25	3	79	4	57
0	52	1	85	2	79	3	31	4	5
0	75	1	86	2	97	3	79	4	15
0	62	1	90	2	99	3	78	4	90
0	36	1	3	2	28	3	86	4	18
0	33	1	27	2	43	3	14	4	24
0	39	1	54	2	11	3	36	4	41
0	88	1	68	2	13	3	95	4	4
0	50	1	67	2	90	3	68	4	36
0	10	1	91	2	57	3	28	4	77
0	13	1	28	2	17	3	30	4	98
0	65	1	56	2	39	3	62	4	24
0	25	1	43	2	65	3	8	4	65
0	21	1	76	2	61	3	39	4	26
0	94	1	78	2	5	3	75	4	40
0	68	1	12	2	59	3	50	4	9
0	42	1	70	2	16	3	37	4	11
0	11	1	38	2	80	3	38	4	76
0	33	1	29	2	51	3	71	4	78
0	8	1	2	2	83	3	3	4	16
0	34	1	31	2	19	3	3	4	82
0	35	1	23	2	41	3	90	4	30
0	53	1	96	2	89	3	53	4	82
0	55	1	28	2	29	3	96	4	54
0	82	1	95	2	23	3	63	4	93
0	66	1	28	2	34	3	97	4	32
0	66	1	29	2	57	3	34	4	74
0	11	1	51	2	14	3	54	4	76
0	87	1	96	2	90	3	9	4	24
0	36	1	39	2	97	3	88	4	23
0	80	1	73	2	87	3	48	4	33
0	38	1	8	2	56	3	9	4	17
0	8	1	89	2	44	3	58	4	63
0	24	1	40	2	56	3	78	4	71
0	4	1	15	2	74	3	21	4	67
0	86	1	6	2	15	3	39	4	57
0	27	1	30	2	45	3	74	4	52
0	93	1	41	2	9	3	1	4	37
0	3	1	95	2	5	3	38	4	68
0	98	1	53	2	32	3	45	4	99
0	96	1	83	2	19	3	17	4	20
0	65	1	98	2	67	3	81	4	47
0	33	1	93	2	17	3	52	4	90
0	77	1	44	2	70	3	6	4	69
0	83	1	32	2	55	3	42	4	68
0	8	1	10	2	37	3	52	4	68
0	33	1	73	2	70	3	40	4	61
0	43	1	12	2	28	3	55	4	86
0	95	1	74	2	27	3	54	4	5
0	10	1	79	2	52	3	48	4	91
0	55	1	83	2	27	3	75	4	17
0	64	1	29	2	76	3	48	4	12
0	56	1	62	2	16	3	14	4	15
0	59	1	24	2	76	3	91	4	47
0	65	1	16	2	16	3	19	4	74
LBCmax: 1092
RELDUE
-1	166	7	4
-1	143	4	6
-1	113	5	3
-1	357	5	2
-1	497	5	8
-1	298	5	8
-1	486	8	6
-1	694	2	7
-1	506	3	2
-1	194	4	7
-1	435	8	2
-1	414	4	6
-1	730	7	2
-1	266	5	7
-1	741	1	3
-1	204	7	8
-1	343	8	9
-1	631	6	3
-1	393	2	1
-1	312	3	6
-1	329	6	8
-1	495	6	8
-1	192	2	8
-1	369	8	8
-1	403	1	8
-1	672	7	6
-1	128	8	6
-1	512	9	5
-1	114	1	7
-1	277	8	3
-1	365	8	7
-1	553	1	3
-1	159	1	6
-1	112	9	9
-1	157	1	9
-1	497	6	2
-1	292	9	7
-1	360	2	1
-1	694	5	5
-1	649	5	8
-1	752	4	7
-1	584	7	3
-1	467	6	2
-1	113	1	3
-1	531	9	1
-1	192	3	4
-1	297	3	9
-1	452	8	8
-1	729	7	4
-1	320	7	5
-1	303	9	8
-1	345	8	1
-1	581	2	5
-1	685	7	1
-1	376	4	9
-1	435	1	5
-1	716	3	1
-1	508	8	2
-1	719	9	8
-1	589	6	9
-1	278	6	6
-1	738	9	9
-1	688	7	3
-1	337	9	9
-1	594	9	3
-1	647	3	2
-1	364	7	9
-1	726	9	5
-1	217	8	7
-1	352	1	1
-1	677	5	9
-1	747	8	1
-1	702	1	7
-1	508	1	2
-1	324	1	7
-1	509	9	9
-1	137	7	8
-1	187	9	3
-1	603	9	8
-1	320	4	9
-1	484	6	7
-1	440	2	2
-1	547	7	8
-1	559	7	4
-1	739	1	4
-1	129	3	3
-1	736	8	6
-1	239	5	6
-1	500	8	9
-1	486	9	9
-1	545	2	7
-1	548	9	2
-1	406	4	3
-1	214	4	9
-1	480	1	7
-1	123	6	1
-1	660	3	1
-1	239	5	7
-1	284	8	7
-1	649	3	2
DDW
163	169
122	164
110	116
303	411
452	542
259	337
471	501
673	715
460	552
180	208
392	478
331	497
599	861
242	290
615	867
171	237
288	398
511	751
330	456
284	340
296	362
416	574
179	205
336	402
334	472
632	712
102	154
430	594
111	117
238	316
307	423
542	564
138	180
93	131
129	185
457	537
251	333
342	378
583	805
545	753
722	782
549	619
420	514
96	130
504	558
169	215
288	306
366	538
700	758
272	368
242	364
283	407
471	691
555	815
323	429
409	461
652	780
432	584
590	848
565	613
242	314
686	790
550	826
286	388
529	659
595	699
335	393
711	741
191	243
320	384
657	697
657	837
674	730
503	513
308	340
484	534
127	147
163	211
579	627
304	336
469	499
431	449
481	613
509	609
636	842
106	152
714	758
206	272
485	515
428	544
436	654
438	658
378	434
188	240
466	494
102	144
620	700
203	275
273	295
539	759
