HFSDDW
150	25	5
0	27	1	98	2	50	3	22	4	94
0	66	1	40	2	20	3	72	4	67
0	6	1	27	2	35	3	33	4	70
0	65	1	99	2	74	3	42	4	4
0	33	1	41	2	2	3	39	4	29
0	10	1	94	2	93	3	80	4	54
0	56	1	17	2	49	3	16	4	68
0	3	1	16	2	72	3	27	4	72
0	45	1	69	2	39	3	92	4	88
0	11	1	94	2	65	3	66	4	20
0	86	1	82	2	58	3	93	4	64
0	85	1	96	2	12	3	93	4	85
0	71	1	47	2	40	3	19	4	11
0	89	1	77	2	19	3	65	4	67
0	49	1	28	2	47	3	70	4	59
0	64	1	3	2	10	3	51	4	19
0	15	1	29	2	27	3	60	4	67
0	74	1	58	2	55	3	51	4	82
0	7	1	5	2	79	3	42	4	1
0	97	1	30	2	21	3	82	4	98
0	33	1	76	2	99	3	98	4	70
0	59	1	36	2	88	3	35	4	1
0	83	1	86	2	61	3	74	4	70
0	43	1	20	2	79	3	51	4	37
0	32	1	23	2	68	3	82	4	61
0	45	1	49	2	6	3	70	4	61
0	35	1	81	2	28	3	52	4	86
0	39	1	29	2	29	3	89	4	9
0	39	1	70	2	20	3	50	4	99
0	20	1	44	2	5	3	71	4	58
0	78	1	50	2	69	3	45	4	67
0	10	1	8	2	17	3	38	4	26
0	11	1	30	2	18	3	74	4	66
0	2	1	59	2	9	3	88	4	32
0	14	1	91	2	90	3	43	4	98
0	61	1	4	2	18	3	83	4	41
0	2	1	44	2	35	3	12	4	82
0	84	1	13	2	82	3	85	4	76
0	31	1	13	2	90	3	63	4	98
0	9	1	52	2	46	3	84	4	98
0	60	1	35	2	16	3	39	4	45
0	87	1	59	2	27	3	47	4	6
0	7	1	90	2	34	3	97	4	25
0	66	1	94	2	7	3	91	4	81
0	88	1	76	2	23	3	12	4	2
0	2	1	1	2	27	3	44	4	89
0	10	1	58	2	33	3	84	4	80
0	66	1	28	2	96	3	67	4	95
0	25	1	86	2	35	3	80	4	70
0	40	1	78	2	93	3	39	4	32
0	15	1	46	2	54	3	3	4	11
0	84	1	12	2	4	3	38	4	44
0	86	1	33	2	82	3	58	4	96
0	49	1	57	2	50	3	17	4	58
0	38	1	98	2	39	3	95	4	56
0	3	1	41	2	43	3	42	4	61
0	23	1	8	2	87	3	13	4	75
0	64	1	4	2	31	3	74	4	96
0	54	1	25	2	58	3	24	4	10
0	92	1	5	2	77	3	84	4	21
0	83	1	29	2	76	3	81	4	94
0	16	1	8	2	59	3	46	4	8
0	43	1	68	2	62	3	76	4	21
0	78	1	45	2	70	3	83	4	32
0	46	1	27	2	75	3	21	4	4
0	14	1	40	2	15	3	85	4	64
0	97	1	64	2	59	3	21	4	78
0	94	1	31	2	7	3	18	4	59
0	56	1	45	2	85	3	66	4	54
0	85	1	62	2	81	3	4	4	31
0	48	1	34	2	94	3	52	4	75
0	57	1	53	2	56	3	77	4	80
0	75	1	92	2	73	3	82	4	10
0	79	1	9	2	41	3	98	4	26
0	48	1	38	2	52	3	24	4	76
0	2	1	42	2	9	3	67	4	19
0	51	1	58	2	11	3	54	4	17
0	64	1	69	2	8	3	45	4	22
0	42	1	74	2	30	3	37	4	83
0	64	1	71	2	3	3	56	4	74
0	76	1	21	2	83	3	78	4	83
0	10	1	82	2	70	3	76	4	74
0	16	1	44	2	89	3	59	4	30
0	18	1	82	2	19	3	65	4	46
0	10	1	2	2	95	3	77	4	84
0	73	1	8	2	15	3	40	4	12
0	30	1	39	2	53	3	92	4	42
0	30	1	75	2	33	3	71	4	7
0	81	1	98	2	32	3	71	4	7
0	97	1	84	2	71	3	8	4	66
0	81	1	52	2	38	3	10	4	65
0	75	1	26	2	6	3	93	4	10
0	2	1	67	2	31	3	64	4	45
0	76	1	91	2	97	3	17	4	99
0	42	1	49	2	48	3	58	4	65
0	11	1	69	2	25	3	71	4	87
0	88	1	37	2	7	3	74	4	31
0	77	1	1	2	43	3	27	4	66
0	5	1	69	2	39	3	61	4	6
0	14	1	68	2	68	3	27	4	30
0	6	1	87	2	54	3	9	4	24
0	33	1	5	2	79	3	45	4	55
0	7	1	1	2	35	3	7	4	22
0	65	1	61	2	56	3	34	4	67
0	76	1	49	2	70	3	51	4	94
0	72	1	10	2	86	3	53	4	51
0	42	1	1	2	98	3	42	4	81
0	2	1	82	2	98	3	50	4	97
0	72	1	22	2	97	3	72	4	60
0	5	1	35	2	33	3	40	4	40
0	53	1	13	2	35	3	59	4	54
0	57	1	17	2	4	3	15	4	51
0	23	1	18	2	26	3	94	4	13
0	6	1	3	2	92	3	26	4	20
0	83	1	63	2	7	3	36	4	94
0	54	1	52	2	98	3	91	4	90
0	38	1	77	2	47	3	13	4	97
0	30	1	65	2	39	3	88	4	25
0	85	1	78	2	83	3	98	4	74
0	55	1	96	2	3	3	59	4	54
0	3	1	42	2	8	3	20	4	57
0	90	1	6	2	99	3	64	4	99
0	5	1	19	2	13	3	24	4	14
0	46	1	71	2	13	3	97	4	83
0	40	1	63	2	5	3	1	4	35
0	5	1	79	2	8	3	61	4	40
0	58	1	49	2	39	3	37	4	88
0	95	1	70	2	27	3	56	4	7
0	24	1	66	2	75	3	88	4	20
0	67	1	66	2	60	3	84	4	29
0	84	1	83	2	5	3	76	4	14
0	39	1	38	2	7	3	85	4	53
0	12	1	97	2	38	3	25	4	42
0	56	1	79	2	75	3	36	4	19
0	75	1	44	2	57	3	91	4	59
0	73	1	88	2	16	3	81	4	68
0	38	1	20	2	24	3	32	4	56
0	74	1	44	2	62	3	24	4	49
0	57	1	63	2	42	3	3	4	94
0	26	1	29	2	50	3	47	4	64
0	87	1	91	2	24	3	66	4	54
0	41	1	27	2	14	3	17	4	40
0	51	1	22	2	26	3	18	4	16
0	92	1	74	2	6	3	69	4	67
0	12	1	18	2	51	3	87	4	61
0	12	1	2	2	54	3	96	4	34
0	45	1	38	2	69	3	17	4	80
0	46	1	95	2	57	3	78	4	15
0	48	1	31	2	45	3	83	4	97
0	36	1	38	2	24	3	87	4	3
LBCmax: 1706
RELDUE
-1	1048	4	7
-1	555	4	5
-1	1547	5	1
-1	1528	6	1
-1	1062	7	1
-1	1367	8	4
-1	860	5	3
-1	800	4	7
-1	260	8	8
-1	882	4	3
-1	827	4	3
-1	1412	6	2
-1	460	6	4
-1	1599	6	1
-1	1790	7	2
-1	399	4	2
-1	1074	6	9
-1	323	9	6
-1	808	6	7
-1	1358	2	6
-1	1823	2	5
-1	469	9	7
-1	637	4	3
-1	1095	8	7
-1	498	8	1
-1	1560	4	9
-1	1399	7	6
-1	1331	8	1
-1	1695	1	3
-1	607	8	1
-1	1436	5	5
-1	1503	3	5
-1	1300	6	6
-1	1788	7	5
-1	1570	3	8
-1	559	2	1
-1	1149	7	7
-1	1699	1	9
-1	1273	4	9
-1	346	7	4
-1	262	5	9
-1	1174	3	7
-1	1056	8	5
-1	799	5	9
-1	1479	1	8
-1	1457	5	4
-1	399	8	1
-1	1221	2	7
-1	1681	2	4
-1	1607	2	7
-1	1578	5	3
-1	663	4	9
-1	1649	8	3
-1	479	2	9
-1	260	6	9
-1	750	7	2
-1	1795	5	5
-1	623	6	5
-1	1201	2	6
-1	1380	7	1
-1	1846	2	8
-1	1407	5	5
-1	982	3	8
-1	1530	2	7
-1	1324	6	4
-1	1202	8	9
-1	282	7	9
-1	549	8	2
-1	200	5	3
-1	1402	8	5
-1	1128	3	6
-1	1253	4	1
-1	927	1	4
-1	632	8	4
-1	1266	4	6
-1	820	5	5
-1	1290	7	1
-1	1716	6	7
-1	1494	8	9
-1	919	7	1
-1	1331	1	5
-1	349	4	2
-1	1528	2	7
-1	259	4	5
-1	906	7	4
-1	943	1	9
-1	1731	8	2
-1	992	8	6
-1	1699	4	4
-1	991	4	8
-1	641	9	8
-1	696	3	9
-1	668	8	3
-1	1771	3	7
-1	378	4	1
-1	733	4	6
-1	363	6	7
-1	1403	4	8
-1	1353	2	2
-1	448	9	4
-1	1346	1	3
-1	1727	7	1
-1	1191	6	6
-1	450	7	6
-1	649	3	1
-1	496	3	4
-1	1613	5	8
-1	1188	1	3
-1	1090	3	4
-1	1317	3	8
-1	1337	5	6
-1	250	2	6
-1	1007	1	4
-1	453	4	1
-1	219	7	1
-1	1667	4	3
-1	1757	5	1
-1	894	8	6
-1	795	2	3
-1	551	3	3
-1	1348	6	6
-1	1167	5	3
-1	728	8	9
-1	1086	2	7
-1	931	7	2
-1	602	5	8
-1	755	8	1
-1	1033	8	4
-1	425	2	1
-1	703	9	3
-1	628	3	6
-1	1764	8	3
-1	533	7	1
-1	1216	9	4
-1	1451	1	4
-1	1481	2	9
-1	1035	1	1
-1	1248	2	8
-1	1487	2	9
-1	580	8	1
-1	1207	3	6
-1	714	4	6
-1	1779	5	5
-1	552	4	4
-1	1531	3	4
-1	561	5	1
-1	1567	4	1
-1	386	1	9
-1	1722	8	3
-1	588	5	7
DDW
1038	1058
511	599
1423	1671
1482	1574
1051	1073
1285	1449
800	920
728	872
237	283
873	891
810	844
1370	1454
442	478
1455	1743
1772	1808
371	427
1042	1106
313	333
743	873
1331	1385
1677	1969
446	492
624	650
1029	1161
448	548
1529	1591
1301	1497
1318	1344
1526	1864
589	625
1422	1450
1353	1653
1248	1352
1770	1806
1554	1586
531	587
1034	1264
1682	1716
1197	1349
315	377
238	286
1104	1244
1003	1109
775	823
1435	1523
1413	1501
367	431
1148	1294
1664	1698
1543	1671
1452	1704
623	703
1567	1731
460	498
234	286
705	795
1687	1903
611	635
1153	1249
1256	1504
1661	2031
1309	1505
894	1070
1423	1637
1192	1456
1166	1238
257	307
533	565
184	216
1318	1486
1038	1218
1215	1291
862	992
575	689
1215	1317
804	836
1161	1419
1544	1888
1434	1554
855	983
1264	1398
342	356
1513	1543
241	277
861	951
896	990
1644	1818
982	1002
1682	1716
941	1041
577	705
640	752
615	721
1629	1913
340	416
711	755
338	388
1277	1529
1312	1394
444	452
1279	1413
1623	1831
1096	1286
428	472
604	694
466	526
1468	1758
1105	1271
1079	1101
1198	1436
1257	1417
235	265
926	1088
417	489
208	230
1517	1817
1634	1880
867	921
771	819
518	584
1240	1456
1062	1272
713	743
1043	1129
866	996
542	662
717	793
930	1136
387	463
689	717
597	659
1729	1799
490	576
1180	1252
1422	1480
1333	1629
994	1076
1173	1323
1338	1636
522	638
1135	1279
650	778
1601	1957
535	569
1393	1669
539	583
1410	1724
347	425
1670	1774
576	600
