HFSDDW
50	30	10
0	14	1	99	2	5	3	86	4	31	5	88	6	93	7	62	8	63	9	18
0	41	1	96	2	51	3	43	4	66	5	98	6	8	7	9	8	27	9	71
0	4	1	58	2	44	3	31	4	84	5	65	6	8	7	27	8	39	9	19
0	59	1	45	2	55	3	11	4	77	5	27	6	60	7	10	8	62	9	79
0	29	1	72	2	57	3	21	4	93	5	17	6	66	7	16	8	92	9	25
0	41	1	12	2	64	3	33	4	94	5	55	6	55	7	74	8	2	9	65
0	81	1	67	2	23	3	44	4	59	5	95	6	42	7	40	8	65	9	40
0	39	1	98	2	46	3	47	4	42	5	31	6	2	7	23	8	37	9	68
0	99	1	91	2	34	3	15	4	78	5	47	6	81	7	23	8	17	9	23
0	71	1	85	2	9	3	96	4	98	5	62	6	50	7	14	8	62	9	98
0	74	1	26	2	50	3	53	4	86	5	43	6	65	7	17	8	90	9	63
0	54	1	33	2	37	3	34	4	66	5	89	6	33	7	9	8	66	9	12
0	15	1	20	2	24	3	43	4	68	5	53	6	90	7	50	8	49	9	80
0	81	1	88	2	61	3	39	4	93	5	73	6	42	7	81	8	29	9	35
0	82	1	65	2	32	3	53	4	69	5	39	6	49	7	74	8	30	9	10
0	30	1	42	2	47	3	50	4	83	5	55	6	2	7	8	8	84	9	34
0	53	1	16	2	67	3	11	4	82	5	66	6	72	7	97	8	40	9	92
0	47	1	51	2	80	3	31	4	30	5	50	6	87	7	71	8	73	9	30
0	4	1	16	2	20	3	40	4	50	5	40	6	41	7	11	8	56	9	38
0	72	1	34	2	96	3	95	4	82	5	67	6	97	7	22	8	70	9	4
0	66	1	51	2	35	3	38	4	62	5	78	6	62	7	16	8	21	9	34
0	68	1	31	2	34	3	55	4	30	5	37	6	95	7	28	8	60	9	42
0	25	1	62	2	42	3	2	4	21	5	14	6	54	7	84	8	48	9	62
0	52	1	66	2	1	3	70	4	63	5	52	6	80	7	82	8	78	9	72
0	78	1	26	2	89	3	22	4	70	5	41	6	99	7	42	8	65	9	46
0	71	1	70	2	61	3	29	4	78	5	5	6	10	7	34	8	17	9	48
0	24	1	77	2	67	3	58	4	81	5	2	6	31	7	64	8	91	9	77
0	56	1	14	2	49	3	88	4	64	5	99	6	72	7	21	8	32	9	79
0	14	1	13	2	20	3	3	4	91	5	82	6	6	7	72	8	91	9	58
0	43	1	47	2	65	3	30	4	49	5	2	6	58	7	31	8	40	9	68
0	11	1	36	2	51	3	87	4	89	5	58	6	21	7	73	8	64	9	79
0	33	1	89	2	3	3	37	4	35	5	12	6	57	7	65	8	67	9	98
0	96	1	58	2	72	3	33	4	35	5	10	6	49	7	19	8	40	9	63
0	42	1	42	2	80	3	63	4	69	5	77	6	61	7	32	8	14	9	33
0	62	1	32	2	8	3	13	4	26	5	53	6	45	7	28	8	95	9	37
0	44	1	92	2	63	3	41	4	71	5	52	6	64	7	18	8	52	9	79
0	10	1	2	2	34	3	2	4	38	5	91	6	9	7	39	8	68	9	57
0	50	1	25	2	51	3	34	4	37	5	64	6	51	7	59	8	8	9	81
0	64	1	21	2	24	3	3	4	19	5	49	6	78	7	39	8	91	9	18
0	13	1	44	2	79	3	34	4	24	5	61	6	98	7	7	8	75	9	35
0	45	1	6	2	60	3	38	4	87	5	19	6	42	7	29	8	5	9	8
0	2	1	5	2	10	3	71	4	16	5	88	6	77	7	31	8	82	9	88
0	13	1	70	2	48	3	50	4	44	5	7	6	45	7	18	8	11	9	76
0	66	1	44	2	84	3	73	4	37	5	58	6	61	7	86	8	16	9	99
0	8	1	49	2	35	3	84	4	17	5	9	6	34	7	9	8	19	9	36
0	83	1	67	2	24	3	86	4	22	5	75	6	58	7	10	8	93	9	80
0	73	1	24	2	19	3	29	4	41	5	57	6	20	7	37	8	34	9	57
0	28	1	91	2	16	3	82	4	81	5	64	6	36	7	64	8	34	9	36
0	72	1	37	2	99	3	75	4	92	5	98	6	20	7	98	8	51	9	62
0	1	1	52	2	92	3	35	4	26	5	83	6	31	7	6	8	43	9	59
LBCmax: 1181
RELDUE
-1	1398	6	8
-1	1500	7	1
-1	1240	2	7
-1	1080	2	1
-1	450	1	3
-1	1439	9	7
-1	962	8	1
-1	843	3	1
-1	410	7	1
-1	1038	1	3
-1	818	7	8
-1	1467	7	4
-1	1241	9	6
-1	1032	3	9
-1	450	5	5
-1	792	9	6
-1	648	5	7
-1	867	4	5
-1	780	6	2
-1	852	5	8
-1	793	6	6
-1	607	3	4
-1	1363	1	7
-1	1201	9	8
-1	1025	7	2
-1	1246	3	7
-1	1522	3	9
-1	1310	2	7
-1	1020	1	4
-1	1510	1	6
-1	745	4	2
-1	704	5	5
-1	599	4	3
-1	1241	2	2
-1	916	7	8
-1	1245	5	5
-1	1080	5	3
-1	797	7	2
-1	1145	5	4
-1	363	3	2
-1	913	6	4
-1	1281	3	4
-1	1462	2	2
-1	1460	4	6
-1	624	5	7
-1	425	4	3
-1	1260	2	9
-1	770	4	4
-1	668	1	8
-1	1407	1	8
DDW
1216	1580
1260	1740
1190	1290
875	1285
392	508
1209	1669
904	1020
674	1012
390	430
830	1246
785	851
1262	1672
1216	1266
846	1218
360	540
634	950
518	778
832	902
718	842
826	878
642	944
534	680
1186	1540
961	1441
933	1117
1184	1308
1400	1644
1153	1467
836	1204
1419	1601
723	767
591	817
545	653
1117	1365
806	1026
1021	1469
1026	1134
741	853
973	1317
334	392
740	1086
1166	1396
1345	1579
1285	1635
555	693
366	484
1210	1310
724	816
541	795
1280	1534
