HFSDDW
100	30	10
0	55	1	63	2	23	3	69	4	75	5	38	6	47	7	9	8	21	9	48
0	51	1	53	2	29	3	91	4	21	5	64	6	16	7	70	8	15	9	96
0	15	1	83	2	51	3	8	4	41	5	49	6	17	7	19	8	70	9	79
0	40	1	20	2	45	3	73	4	79	5	21	6	65	7	96	8	45	9	21
0	15	1	50	2	19	3	94	4	58	5	78	6	17	7	16	8	60	9	84
0	92	1	15	2	46	3	10	4	93	5	72	6	12	7	15	8	29	9	26
0	21	1	28	2	38	3	41	4	9	5	32	6	9	7	55	8	12	9	1
0	98	1	19	2	25	3	94	4	82	5	65	6	65	7	57	8	49	9	63
0	32	1	2	2	59	3	86	4	87	5	25	6	73	7	35	8	80	9	8
0	9	1	50	2	68	3	19	4	1	5	86	6	12	7	77	8	86	9	27
0	69	1	62	2	4	3	60	4	85	5	73	6	89	7	52	8	28	9	28
0	7	1	55	2	66	3	65	4	94	5	20	6	69	7	52	8	54	9	83
0	58	1	74	2	74	3	5	4	91	5	49	6	50	7	6	8	94	9	95
0	54	1	87	2	70	3	22	4	93	5	70	6	97	7	98	8	1	9	14
0	36	1	22	2	8	3	53	4	1	5	53	6	84	7	3	8	25	9	80
0	18	1	59	2	24	3	4	4	68	5	95	6	88	7	99	8	68	9	37
0	24	1	83	2	58	3	32	4	73	5	20	6	84	7	44	8	72	9	25
0	22	1	70	2	51	3	40	4	48	5	37	6	67	7	22	8	4	9	39
0	64	1	47	2	81	3	14	4	78	5	95	6	64	7	67	8	53	9	98
0	81	1	98	2	31	3	64	4	90	5	52	6	64	7	75	8	79	9	81
0	68	1	41	2	31	3	1	4	58	5	47	6	8	7	83	8	56	9	32
0	29	1	66	2	95	3	30	4	72	5	76	6	3	7	44	8	54	9	78
0	55	1	18	2	90	3	73	4	43	5	24	6	40	7	87	8	50	9	95
0	73	1	91	2	43	3	23	4	70	5	24	6	16	7	80	8	55	9	32
0	87	1	81	2	12	3	22	4	69	5	16	6	3	7	1	8	91	9	15
0	49	1	20	2	21	3	1	4	26	5	51	6	50	7	58	8	58	9	35
0	7	1	20	2	33	3	60	4	59	5	37	6	24	7	72	8	59	9	49
0	60	1	23	2	89	3	23	4	91	5	74	6	6	7	69	8	4	9	27
0	21	1	39	2	96	3	35	4	47	5	54	6	70	7	42	8	97	9	19
0	74	1	58	2	23	3	21	4	25	5	67	6	48	7	52	8	62	9	33
0	91	1	31	2	41	3	43	4	54	5	27	6	31	7	98	8	9	9	52
0	45	1	81	2	54	3	31	4	14	5	68	6	24	7	98	8	14	9	6
0	66	1	82	2	75	3	41	4	74	5	2	6	1	7	68	8	98	9	24
0	27	1	54	2	7	3	71	4	36	5	90	6	97	7	53	8	80	9	21
0	23	1	72	2	33	3	46	4	73	5	92	6	5	7	91	8	7	9	56
0	43	1	50	2	39	3	57	4	66	5	10	6	56	7	1	8	68	9	53
0	27	1	62	2	1	3	84	4	25	5	91	6	74	7	82	8	95	9	24
0	70	1	70	2	18	3	92	4	82	5	94	6	49	7	29	8	67	9	81
0	96	1	9	2	62	3	42	4	81	5	76	6	16	7	50	8	5	9	27
0	35	1	96	2	85	3	28	4	94	5	61	6	72	7	48	8	21	9	82
0	19	1	22	2	96	3	82	4	86	5	73	6	33	7	46	8	74	9	72
0	60	1	27	2	34	3	86	4	56	5	18	6	99	7	58	8	4	9	49
0	76	1	25	2	78	3	69	4	89	5	74	6	85	7	89	8	98	9	21
0	23	1	1	2	9	3	85	4	63	5	75	6	13	7	79	8	56	9	8
0	44	1	70	2	75	3	33	4	66	5	8	6	63	7	98	8	72	9	76
0	61	1	14	2	45	3	72	4	7	5	94	6	44	7	27	8	93	9	13
0	88	1	43	2	47	3	53	4	50	5	60	6	18	7	49	8	23	9	81
0	5	1	21	2	3	3	96	4	5	5	7	6	49	7	46	8	4	9	81
0	11	1	86	2	18	3	22	4	59	5	9	6	56	7	37	8	78	9	69
0	31	1	85	2	86	3	44	4	20	5	2	6	23	7	22	8	82	9	6
0	89	1	14	2	76	3	90	4	72	5	41	6	12	7	48	8	67	9	1
0	45	1	98	2	24	3	12	4	2	5	2	6	25	7	25	8	94	9	41
0	5	1	81	2	70	3	54	4	50	5	19	6	34	7	58	8	76	9	4
0	83	1	27	2	63	3	97	4	92	5	97	6	11	7	27	8	50	9	19
0	97	1	8	2	69	3	78	4	24	5	32	6	62	7	74	8	43	9	18
0	76	1	97	2	28	3	41	4	2	5	8	6	43	7	22	8	40	9	54
0	7	1	53	2	72	3	64	4	17	5	19	6	36	7	26	8	20	9	4
0	91	1	98	2	75	3	76	4	44	5	96	6	13	7	92	8	31	9	19
0	57	1	60	2	16	3	59	4	28	5	85	6	98	7	22	8	96	9	84
0	54	1	88	2	87	3	96	4	12	5	45	6	36	7	6	8	62	9	5
0	96	1	36	2	55	3	39	4	26	5	78	6	23	7	52	8	97	9	5
0	95	1	51	2	90	3	22	4	96	5	47	6	37	7	14	8	36	9	31
0	20	1	14	2	30	3	36	4	50	5	4	6	12	7	79	8	64	9	99
0	61	1	7	2	31	3	26	4	22	5	21	6	5	7	77	8	33	9	50
0	63	1	47	2	25	3	91	4	88	5	3	6	97	7	65	8	99	9	64
0	8	1	23	2	69	3	31	4	85	5	82	6	7	7	20	8	89	9	23
0	67	1	44	2	87	3	97	4	44	5	89	6	21	7	65	8	99	9	76
0	43	1	60	2	80	3	86	4	68	5	73	6	88	7	38	8	47	9	47
0	6	1	46	2	79	3	1	4	91	5	39	6	37	7	99	8	41	9	39
0	14	1	84	2	88	3	10	4	82	5	20	6	59	7	27	8	48	9	98
0	82	1	33	2	65	3	23	4	21	5	48	6	42	7	82	8	62	9	13
0	94	1	68	2	72	3	43	4	18	5	21	6	64	7	86	8	7	9	6
0	52	1	21	2	25	3	60	4	62	5	58	6	72	7	70	8	4	9	49
0	14	1	61	2	90	3	48	4	64	5	72	6	80	7	57	8	79	9	43
0	97	1	55	2	38	3	29	4	45	5	46	6	12	7	45	8	92	9	62
0	56	1	72	2	21	3	42	4	47	5	61	6	9	7	6	8	60	9	63
0	76	1	71	2	78	3	14	4	98	5	33	6	77	7	25	8	78	9	45
0	40	1	7	2	8	3	63	4	9	5	97	6	83	7	95	8	16	9	17
0	46	1	27	2	78	3	42	4	92	5	41	6	41	7	48	8	2	9	4
0	64	1	75	2	96	3	17	4	67	5	26	6	76	7	25	8	30	9	13
0	68	1	87	2	67	3	47	4	22	5	49	6	65	7	57	8	34	9	49
0	78	1	13	2	89	3	44	4	17	5	50	6	92	7	37	8	21	9	57
0	91	1	30	2	23	3	74	4	81	5	64	6	11	7	90	8	95	9	82
0	22	1	58	2	66	3	4	4	48	5	58	6	59	7	31	8	20	9	44
0	76	1	83	2	14	3	52	4	26	5	51	6	86	7	52	8	99	9	18
0	33	1	39	2	4	3	72	4	21	5	39	6	65	7	92	8	66	9	58
0	39	1	74	2	61	3	52	4	28	5	20	6	47	7	86	8	95	9	58
0	90	1	62	2	18	3	76	4	81	5	9	6	16	7	71	8	49	9	30
0	78	1	58	2	91	3	78	4	49	5	83	6	55	7	93	8	82	9	10
0	93	1	66	2	64	3	62	4	6	5	3	6	22	7	62	8	24	9	6
0	5	1	99	2	56	3	41	4	28	5	71	6	21	7	27	8	91	9	13
0	23	1	93	2	44	3	36	4	79	5	80	6	83	7	83	8	3	9	45
0	65	1	53	2	4	3	85	4	65	5	24	6	97	7	56	8	71	9	78
0	86	1	53	2	47	3	44	4	26	5	79	6	2	7	50	8	51	9	78
0	62	1	28	2	2	3	70	4	87	5	1	6	23	7	29	8	82	9	26
0	20	1	39	2	60	3	79	4	41	5	51	6	95	7	71	8	76	9	4
0	73	1	65	2	56	3	14	4	26	5	69	6	47	7	1	8	10	9	99
0	78	1	33	2	33	3	25	4	83	5	38	6	52	7	33	8	98	9	65
0	2	1	69	2	73	3	46	4	59	5	48	6	93	7	67	8	3	9	75
0	84	1	31	2	74	3	47	4	5	5	96	6	71	7	88	8	45	9	18
LBCmax: 2034
RELDUE
-1	1694	5	7
-1	1066	6	3
-1	993	5	1
-1	2295	5	5
-1	1575	3	3
-1	2375	6	3
-1	729	3	7
-1	1330	2	3
-1	2571	8	9
-1	676	3	3
-1	2617	1	5
-1	1874	5	6
-1	2084	7	9
-1	845	8	2
-1	640	4	2
-1	706	7	5
-1	2491	4	2
-1	814	5	2
-1	1705	4	2
-1	2205	7	8
-1	2158	5	7
-1	2227	9	2
-1	2589	7	3
-1	1311	4	5
-1	935	8	2
-1	1565	4	5
-1	1800	4	3
-1	2345	4	9
-1	1010	2	9
-1	2375	5	6
-1	1950	3	4
-1	1906	2	2
-1	2414	5	2
-1	2255	9	1
-1	841	3	9
-1	2222	9	6
-1	1626	2	5
-1	2445	8	3
-1	2612	6	4
-1	2087	9	4
-1	1457	5	3
-1	1793	3	3
-1	2054	7	3
-1	2636	2	1
-1	2171	8	5
-1	1051	1	4
-1	1803	6	2
-1	1881	6	2
-1	1545	6	8
-1	2643	7	5
-1	688	4	3
-1	1862	3	9
-1	1311	2	7
-1	1957	3	9
-1	1454	5	1
-1	2111	4	8
-1	1122	1	2
-1	2327	1	9
-1	1969	1	9
-1	620	4	2
-1	1184	1	8
-1	1029	3	7
-1	929	8	6
-1	805	1	1
-1	1370	8	6
-1	1320	7	8
-1	2105	7	4
-1	2473	1	2
-1	613	1	4
-1	1062	2	1
-1	1724	1	3
-1	655	6	7
-1	846	1	3
-1	2263	3	5
-1	1358	2	6
-1	974	1	7
-1	783	4	5
-1	2598	5	5
-1	1784	9	5
-1	2529	1	5
-1	2407	7	3
-1	2563	1	9
-1	1410	4	6
-1	1012	1	7
-1	2297	1	8
-1	698	9	7
-1	1205	8	4
-1	1066	2	8
-1	1411	3	6
-1	1375	7	6
-1	1710	4	6
-1	1944	9	3
-1	1086	5	1
-1	2601	4	2
-1	1512	8	6
-1	1038	3	6
-1	1473	3	6
-1	1858	3	8
-1	1875	2	6
-1	1460	4	5
DDW
1660	1728
1002	1130
953	1033
2226	2364
1449	1701
2280	2470
663	795
1317	1343
2468	2674
629	723
2565	2669
1799	1949
1917	2251
794	896
634	646
699	713
2391	2591
749	879
1637	1773
2117	2293
2093	2223
2027	2427
2356	2822
1245	1377
879	991
1502	1628
1692	1908
2298	2392
1000	1020
2280	2470
1814	2086
1773	2039
2342	2486
2210	2300
807	875
2022	2422
1577	1675
2274	2616
2455	2769
2045	2129
1428	1486
1721	1865
1869	2239
2557	2715
2084	2258
956	1146
1659	1947
1749	2013
1452	1638
2564	2722
654	722
1769	1955
1272	1350
1937	1977
1410	1498
2048	2174
1043	1201
2118	2536
1811	2127
595	645
1077	1291
957	1101
920	938
724	886
1356	1384
1241	1399
2063	2147
2300	2646
601	625
1041	1083
1569	1879
603	707
821	871
2195	2331
1317	1399
877	1071
775	791
2416	2780
1748	1820
2327	2731
2263	2551
2332	2794
1311	1509
931	1093
2090	2504
684	712
1157	1253
1045	1087
1270	1552
1361	1389
1659	1761
1866	2022
977	1195
2549	2653
1452	1572
986	1090
1429	1517
1691	2025
1838	1912
1329	1591
