HFSDDW
100	30	10
0	23	1	30	2	75	3	43	4	6	5	82	6	18	7	93	8	17	9	15
0	16	1	92	2	85	3	80	4	63	5	52	6	97	7	12	8	75	9	93
0	86	1	20	2	58	3	87	4	99	5	78	6	21	7	70	8	79	9	21
0	37	1	18	2	98	3	48	4	72	5	56	6	77	7	53	8	92	9	17
0	3	1	22	2	14	3	69	4	19	5	77	6	81	7	46	8	69	9	64
0	40	1	60	2	20	3	2	4	53	5	4	6	71	7	88	8	43	9	28
0	61	1	47	2	15	3	96	4	77	5	98	6	93	7	38	8	9	9	7
0	74	1	45	2	19	3	59	4	91	5	64	6	7	7	89	8	68	9	23
0	96	1	75	2	2	3	15	4	80	5	77	6	97	7	97	8	95	9	68
0	85	1	89	2	10	3	65	4	55	5	55	6	7	7	17	8	91	9	21
0	84	1	44	2	38	3	63	4	89	5	95	6	41	7	61	8	10	9	88
0	96	1	82	2	20	3	21	4	31	5	86	6	46	7	99	8	17	9	1
0	1	1	95	2	42	3	40	4	22	5	85	6	35	7	54	8	4	9	36
0	58	1	89	2	98	3	48	4	38	5	53	6	37	7	39	8	26	9	84
0	36	1	36	2	88	3	8	4	72	5	4	6	69	7	89	8	34	9	69
0	10	1	7	2	1	3	91	4	20	5	88	6	2	7	98	8	41	9	5
0	60	1	87	2	58	3	73	4	30	5	8	6	83	7	72	8	82	9	78
0	50	1	8	2	74	3	32	4	64	5	64	6	8	7	35	8	68	9	19
0	17	1	46	2	20	3	35	4	27	5	52	6	89	7	7	8	28	9	49
0	52	1	39	2	97	3	22	4	25	5	49	6	78	7	15	8	78	9	64
0	20	1	97	2	7	3	56	4	20	5	2	6	32	7	69	8	28	9	56
0	81	1	66	2	31	3	23	4	87	5	14	6	68	7	24	8	46	9	77
0	19	1	77	2	44	3	33	4	27	5	11	6	11	7	53	8	7	9	16
0	86	1	92	2	57	3	4	4	98	5	19	6	39	7	64	8	15	9	26
0	20	1	21	2	79	3	72	4	67	5	85	6	9	7	74	8	34	9	11
0	80	1	54	2	69	3	1	4	46	5	43	6	53	7	73	8	29	9	9
0	91	1	79	2	62	3	12	4	70	5	89	6	10	7	28	8	25	9	69
0	74	1	4	2	9	3	21	4	58	5	98	6	97	7	71	8	66	9	41
0	3	1	36	2	19	3	96	4	35	5	32	6	24	7	57	8	57	9	56
0	66	1	66	2	35	3	7	4	34	5	41	6	58	7	67	8	3	9	78
0	76	1	81	2	50	3	65	4	37	5	77	6	46	7	48	8	43	9	48
0	45	1	82	2	8	3	87	4	7	5	55	6	60	7	66	8	77	9	38
0	66	1	52	2	70	3	68	4	3	5	9	6	69	7	3	8	86	9	17
0	40	1	30	2	69	3	87	4	65	5	22	6	86	7	54	8	60	9	58
0	86	1	75	2	15	3	9	4	12	5	83	6	58	7	47	8	1	9	79
0	80	1	92	2	90	3	64	4	12	5	24	6	11	7	81	8	62	9	28
0	8	1	44	2	62	3	26	4	9	5	15	6	14	7	20	8	23	9	85
0	69	1	7	2	7	3	20	4	52	5	91	6	38	7	61	8	57	9	19
0	50	1	22	2	2	3	8	4	37	5	47	6	40	7	5	8	75	9	41
0	11	1	5	2	91	3	32	4	50	5	43	6	13	7	88	8	1	9	96
0	70	1	38	2	25	3	16	4	10	5	73	6	86	7	71	8	12	9	21
0	86	1	49	2	24	3	43	4	78	5	86	6	42	7	54	8	88	9	61
0	75	1	9	2	45	3	81	4	74	5	64	6	15	7	74	8	69	9	10
0	78	1	49	2	61	3	61	4	49	5	12	6	97	7	86	8	97	9	63
0	61	1	69	2	92	3	55	4	55	5	62	6	80	7	49	8	54	9	64
0	1	1	59	2	1	3	40	4	22	5	61	6	93	7	43	8	41	9	46
0	59	1	12	2	2	3	2	4	43	5	37	6	88	7	63	8	94	9	66
0	88	1	55	2	57	3	26	4	1	5	7	6	17	7	89	8	27	9	13
0	83	1	66	2	21	3	6	4	10	5	20	6	49	7	22	8	40	9	87
0	18	1	54	2	45	3	52	4	5	5	49	6	67	7	90	8	13	9	18
0	74	1	18	2	54	3	87	4	75	5	46	6	2	7	75	8	39	9	15
0	45	1	5	2	17	3	29	4	62	5	93	6	91	7	95	8	92	9	23
0	88	1	66	2	24	3	8	4	48	5	34	6	10	7	5	8	21	9	51
0	39	1	26	2	77	3	9	4	39	5	66	6	12	7	33	8	30	9	63
0	18	1	74	2	82	3	25	4	42	5	14	6	38	7	17	8	89	9	12
0	58	1	71	2	97	3	89	4	30	5	8	6	93	7	47	8	40	9	41
0	36	1	96	2	54	3	87	4	76	5	20	6	27	7	9	8	90	9	96
0	81	1	58	2	65	3	30	4	5	5	14	6	83	7	98	8	65	9	35
0	96	1	93	2	16	3	10	4	93	5	67	6	28	7	87	8	79	9	31
0	72	1	64	2	93	3	88	4	27	5	21	6	21	7	94	8	49	9	23
0	86	1	29	2	26	3	92	4	30	5	99	6	7	7	68	8	84	9	16
0	24	1	94	2	82	3	6	4	45	5	43	6	81	7	44	8	94	9	9
0	91	1	40	2	29	3	59	4	25	5	17	6	65	7	76	8	3	9	84
0	93	1	89	2	50	3	43	4	48	5	67	6	67	7	23	8	80	9	94
0	61	1	59	2	4	3	63	4	7	5	77	6	82	7	87	8	44	9	84
0	40	1	76	2	1	3	41	4	31	5	47	6	99	7	67	8	68	9	13
0	34	1	30	2	66	3	1	4	22	5	35	6	45	7	39	8	58	9	77
0	75	1	58	2	64	3	1	4	47	5	33	6	37	7	65	8	53	9	47
0	35	1	77	2	33	3	18	4	45	5	18	6	88	7	10	8	12	9	1
0	67	1	1	2	55	3	67	4	60	5	32	6	93	7	3	8	42	9	72
0	32	1	44	2	30	3	66	4	9	5	81	6	13	7	1	8	93	9	98
0	11	1	35	2	15	3	22	4	78	5	57	6	97	7	48	8	56	9	5
0	46	1	36	2	27	3	57	4	10	5	75	6	4	7	97	8	40	9	16
0	39	1	34	2	24	3	80	4	15	5	90	6	47	7	66	8	10	9	63
0	6	1	88	2	17	3	14	4	89	5	33	6	86	7	33	8	88	9	4
0	35	1	45	2	47	3	37	4	26	5	96	6	17	7	73	8	56	9	34
0	78	1	15	2	60	3	77	4	59	5	77	6	11	7	34	8	7	9	87
0	10	1	31	2	39	3	92	4	99	5	58	6	19	7	14	8	68	9	77
0	89	1	70	2	9	3	37	4	81	5	94	6	86	7	86	8	55	9	18
0	74	1	74	2	10	3	76	4	85	5	90	6	28	7	39	8	54	9	13
0	23	1	52	2	27	3	1	4	93	5	4	6	6	7	55	8	38	9	67
0	78	1	3	2	5	3	79	4	44	5	8	6	6	7	24	8	96	9	65
0	90	1	24	2	78	3	88	4	14	5	35	6	22	7	63	8	7	9	9
0	30	1	80	2	59	3	56	4	55	5	37	6	44	7	9	8	43	9	77
0	88	1	32	2	48	3	87	4	40	5	71	6	70	7	30	8	32	9	78
0	84	1	5	2	42	3	89	4	22	5	98	6	74	7	38	8	87	9	59
0	81	1	43	2	48	3	29	4	37	5	97	6	44	7	49	8	25	9	8
0	64	1	97	2	80	3	19	4	76	5	59	6	76	7	90	8	49	9	42
0	65	1	91	2	32	3	29	4	25	5	26	6	38	7	69	8	35	9	56
0	63	1	6	2	21	3	84	4	95	5	46	6	84	7	20	8	51	9	42
0	27	1	21	2	6	3	25	4	14	5	86	6	24	7	23	8	13	9	63
0	23	1	83	2	89	3	46	4	93	5	89	6	11	7	19	8	5	9	12
0	59	1	75	2	15	3	68	4	44	5	59	6	77	7	96	8	24	9	31
0	74	1	56	2	40	3	7	4	15	5	44	6	86	7	8	8	15	9	38
0	3	1	16	2	56	3	71	4	34	5	79	6	17	7	75	8	90	9	7
0	35	1	65	2	15	3	40	4	82	5	52	6	7	7	37	8	80	9	55
0	10	1	28	2	99	3	82	4	88	5	66	6	43	7	82	8	31	9	49
0	4	1	4	2	4	3	66	4	9	5	44	6	19	7	43	8	34	9	65
0	42	1	2	2	6	3	17	4	96	5	9	6	42	7	1	8	24	9	62
0	38	1	50	2	27	3	60	4	29	5	75	6	16	7	74	8	83	9	68
LBCmax: 2031
RELDUE
-1	1164	7	1
-1	1152	3	4
-1	1196	7	9
-1	1185	6	7
-1	1026	7	2
-1	1141	3	1
-1	1266	4	9
-1	1214	4	9
-1	1140	2	9
-1	1171	2	2
-1	1153	4	5
-1	1273	2	5
-1	1026	7	7
-1	1077	3	1
-1	1067	1	1
-1	1044	5	9
-1	1104	9	1
-1	1351	6	9
-1	1364	4	5
-1	1338	4	8
-1	1115	3	8
-1	1187	8	2
-1	1254	2	3
-1	1294	5	4
-1	1059	2	2
-1	1233	1	8
-1	1328	6	6
-1	1193	1	3
-1	1165	9	7
-1	1153	7	1
-1	1132	7	6
-1	1194	6	7
-1	1258	6	3
-1	1284	1	3
-1	1129	3	5
-1	1050	5	7
-1	1249	5	3
-1	1275	8	5
-1	1073	6	1
-1	1281	4	4
-1	1208	2	8
-1	1392	8	8
-1	1300	9	7
-1	1364	4	4
-1	1129	9	4
-1	1319	1	7
-1	1206	8	4
-1	1062	2	7
-1	1207	3	2
-1	1104	5	8
-1	1231	3	2
-1	1149	1	7
-1	1377	7	4
-1	1031	3	3
-1	1192	8	5
-1	1400	6	9
-1	1321	3	4
-1	1324	8	8
-1	1140	8	7
-1	1216	7	9
-1	1235	8	7
-1	1088	4	8
-1	1064	5	8
-1	1409	8	2
-1	1053	2	2
-1	1382	3	5
-1	1030	5	5
-1	1164	2	1
-1	1371	7	1
-1	1031	2	5
-1	1217	4	2
-1	1252	5	5
-1	1293	8	1
-1	1097	4	5
-1	1144	5	3
-1	1145	9	5
-1	1309	4	6
-1	1312	1	5
-1	1179	8	3
-1	1163	3	9
-1	1042	5	2
-1	1280	2	7
-1	1409	3	1
-1	1075	4	7
-1	1344	2	7
-1	1406	1	7
-1	1239	6	2
-1	1241	5	7
-1	1107	2	8
-1	1152	1	4
-1	1152	4	4
-1	1348	6	8
-1	1149	2	7
-1	1279	2	9
-1	1060	5	6
-1	1134	3	5
-1	1342	7	2
-1	1314	9	3
-1	1326	1	8
-1	1170	2	8
DDW
1083	1245
1071	1233
1160	1232
1078	1292
995	1057
1118	1164
1139	1393
1190	1238
1117	1163
1124	1218
1107	1199
1146	1400
995	1057
980	1174
1003	1131
1023	1065
1049	1159
1297	1405
1296	1432
1244	1432
1004	1226
1116	1258
1216	1292
1203	1385
1006	1112
1159	1307
1195	1461
1133	1253
1130	1200
1118	1188
1053	1211
1146	1242
1157	1359
1245	1323
1039	1219
976	1124
1224	1274
1160	1390
1009	1137
1268	1294
1111	1305
1253	1531
1196	1404
1350	1378
1095	1163
1266	1372
1170	1242
966	1158
1135	1279
1005	1203
1120	1342
1057	1241
1322	1432
969	1093
1085	1299
1372	1428
1255	1387
1231	1417
1094	1186
1119	1313
1210	1260
1023	1153
958	1170
1268	1550
969	1137
1368	1396
1009	1051
1152	1176
1344	1398
928	1134
1205	1229
1164	1340
1190	1396
1042	1152
1041	1247
1030	1260
1204	1414
1286	1338
1132	1226
1151	1175
1011	1073
1254	1306
1282	1536
1032	1118
1277	1411
1265	1547
1115	1363
1204	1278
1063	1151
1071	1233
1117	1187
1281	1415
1092	1206
1164	1394
965	1155
1100	1168
1329	1355
1196	1432
1273	1379
1135	1205
