HFSDDW
50	15	5
0	21	1	7	2	87	3	15	4	51
0	89	1	94	2	67	3	8	4	48
0	69	1	50	2	32	3	8	4	64
0	3	1	97	2	43	3	95	4	12
0	49	1	23	2	60	3	64	4	89
0	81	1	68	2	85	3	85	4	14
0	29	1	37	2	89	3	65	4	88
0	82	1	25	2	98	3	50	4	54
0	52	1	13	2	62	3	27	4	84
0	50	1	51	2	48	3	92	4	21
0	38	1	40	2	77	3	98	4	3
0	97	1	46	2	23	3	26	4	70
0	21	1	10	2	82	3	93	4	19
0	32	1	60	2	67	3	19	4	82
0	78	1	99	2	92	3	42	4	60
0	36	1	60	2	34	3	79	4	40
0	30	1	20	2	92	3	64	4	76
0	89	1	60	2	90	3	62	4	91
0	36	1	2	2	73	3	80	4	33
0	42	1	31	2	69	3	8	4	53
0	89	1	84	2	30	3	11	4	43
0	38	1	48	2	35	3	39	4	66
0	38	1	13	2	43	3	85	4	40
0	1	1	17	2	19	3	17	4	30
0	72	1	70	2	5	3	28	4	46
0	77	1	27	2	12	3	10	4	18
0	6	1	91	2	26	3	27	4	51
0	46	1	90	2	82	3	22	4	38
0	42	1	25	2	52	3	95	4	53
0	24	1	58	2	87	3	40	4	32
0	26	1	12	2	52	3	78	4	80
0	20	1	79	2	3	3	64	4	66
0	11	1	36	2	26	3	21	4	61
0	47	1	86	2	17	3	35	4	94
0	11	1	34	2	97	3	78	4	87
0	47	1	18	2	10	3	74	4	23
0	19	1	40	2	72	3	77	4	92
0	93	1	39	2	48	3	47	4	31
0	67	1	88	2	19	3	55	4	27
0	6	1	99	2	31	3	35	4	7
0	37	1	42	2	52	3	46	4	21
0	91	1	15	2	73	3	90	4	34
0	2	1	69	2	28	3	41	4	47
0	71	1	63	2	48	3	29	4	67
0	8	1	39	2	70	3	4	4	28
0	23	1	16	2	42	3	51	4	81
0	47	1	87	2	75	3	68	4	86
0	77	1	87	2	27	3	57	4	2
0	78	1	66	2	57	3	14	4	30
0	97	1	60	2	78	3	9	4	56
LBCmax: 959
RELDUE
-1	341	1	1
-1	395	3	4
-1	106	7	1
-1	487	6	7
-1	667	8	6
-1	662	2	2
-1	511	7	8
-1	374	4	4
-1	200	4	3
-1	663	7	9
-1	532	3	8
-1	519	9	7
-1	221	6	5
-1	146	3	3
-1	591	1	8
-1	176	9	3
-1	640	3	6
-1	440	3	6
-1	412	2	9
-1	499	3	4
-1	582	4	2
-1	309	3	1
-1	620	7	9
-1	253	6	2
-1	602	2	8
-1	334	6	2
-1	564	8	4
-1	421	8	2
-1	525	1	6
-1	270	7	3
-1	452	7	3
-1	311	7	9
-1	286	6	8
-1	647	8	2
-1	321	6	7
-1	644	3	5
-1	589	1	4
-1	135	6	2
-1	491	6	8
-1	601	9	7
-1	124	8	1
-1	318	2	2
-1	144	2	8
-1	430	5	9
-1	242	7	2
-1	125	5	6
-1	349	2	9
-1	375	6	1
-1	252	4	3
-1	185	5	8
DDW
338	344
371	419
99	113
463	511
620	714
649	675
501	521
355	393
182	218
610	716
500	564
503	535
208	234
131	161
561	621
164	188
627	653
414	466
379	445
454	544
559	605
278	340
589	651
240	266
584	620
311	357
547	581
417	425
483	567
254	286
416	488
299	323
277	295
641	653
295	347
618	670
560	618
126	144
462	520
541	661
115	133
312	324
141	147
426	434
227	257
121	129
314	384
364	386
237	267
168	202
