HFSDDW
150	25	5
0	89	1	40	2	72	3	51	4	5
0	72	1	58	2	23	3	24	4	85
0	37	1	26	2	38	3	84	4	56
0	99	1	9	2	64	3	66	4	48
0	39	1	44	2	46	3	23	4	18
0	95	1	60	2	84	3	23	4	96
0	11	1	87	2	45	3	42	4	22
0	64	1	8	2	17	3	3	4	24
0	84	1	36	2	53	3	64	4	75
0	98	1	23	2	8	3	20	4	55
0	19	1	45	2	17	3	40	4	16
0	45	1	93	2	50	3	33	4	10
0	13	1	74	2	1	3	28	4	74
0	49	1	80	2	95	3	63	4	91
0	91	1	92	2	62	3	42	4	63
0	3	1	91	2	81	3	47	4	19
0	72	1	53	2	64	3	67	4	77
0	66	1	71	2	6	3	27	4	76
0	70	1	57	2	83	3	93	4	12
0	11	1	35	2	26	3	90	4	26
0	19	1	27	2	44	3	28	4	63
0	27	1	83	2	74	3	77	4	13
0	54	1	12	2	4	3	15	4	37
0	60	1	10	2	34	3	50	4	8
0	78	1	75	2	68	3	86	4	22
0	35	1	10	2	68	3	31	4	52
0	68	1	65	2	91	3	22	4	1
0	45	1	9	2	36	3	4	4	51
0	83	1	96	2	28	3	15	4	23
0	59	1	54	2	69	3	56	4	51
0	2	1	2	2	76	3	82	4	47
0	44	1	59	2	58	3	7	4	29
0	18	1	15	2	44	3	25	4	45
0	88	1	21	2	81	3	15	4	91
0	51	1	73	2	30	3	98	4	25
0	82	1	47	2	54	3	64	4	62
0	80	1	40	2	13	3	79	4	51
0	66	1	89	2	9	3	74	4	57
0	86	1	51	2	29	3	74	4	34
0	68	1	53	2	4	3	70	4	34
0	39	1	73	2	55	3	64	4	1
0	28	1	71	2	77	3	57	4	64
0	96	1	6	2	93	3	45	4	49
0	77	1	3	2	64	3	73	4	78
0	98	1	12	2	7	3	58	4	6
0	1	1	44	2	56	3	65	4	57
0	30	1	44	2	83	3	30	4	24
0	8	1	85	2	48	3	79	4	24
0	95	1	13	2	51	3	10	4	60
0	81	1	57	2	84	3	26	4	57
0	66	1	88	2	30	3	91	4	36
0	28	1	66	2	97	3	59	4	99
0	83	1	16	2	13	3	1	4	35
0	53	1	22	2	63	3	21	4	41
0	91	1	54	2	85	3	49	4	83
0	86	1	60	2	96	3	97	4	24
0	43	1	60	2	30	3	9	4	90
0	42	1	14	2	92	3	94	4	96
0	42	1	88	2	89	3	79	4	41
0	79	1	1	2	51	3	75	4	8
0	60	1	93	2	63	3	85	4	65
0	12	1	3	2	80	3	9	4	49
0	67	1	69	2	99	3	35	4	56
0	23	1	86	2	5	3	11	4	93
0	39	1	29	2	69	3	25	4	99
0	3	1	65	2	6	3	9	4	4
0	86	1	10	2	22	3	89	4	64
0	50	1	96	2	45	3	43	4	78
0	39	1	33	2	83	3	45	4	29
0	72	1	89	2	54	3	24	4	18
0	93	1	95	2	40	3	82	4	69
0	31	1	25	2	39	3	85	4	62
0	47	1	96	2	72	3	5	4	63
0	58	1	48	2	10	3	70	4	7
0	27	1	41	2	61	3	32	4	54
0	6	1	46	2	24	3	95	4	28
0	14	1	11	2	82	3	90	4	10
0	90	1	69	2	39	3	21	4	34
0	25	1	57	2	59	3	80	4	32
0	43	1	61	2	78	3	81	4	71
0	24	1	79	2	84	3	17	4	91
0	53	1	35	2	9	3	28	4	63
0	85	1	1	2	43	3	58	4	49
0	36	1	14	2	81	3	94	4	73
0	89	1	9	2	88	3	37	4	82
0	69	1	82	2	80	3	99	4	12
0	45	1	67	2	43	3	25	4	4
0	35	1	27	2	66	3	99	4	57
0	56	1	60	2	12	3	58	4	49
0	25	1	15	2	2	3	32	4	96
0	29	1	79	2	83	3	9	4	81
0	15	1	90	2	47	3	35	4	22
0	71	1	54	2	10	3	17	4	19
0	18	1	58	2	18	3	54	4	14
0	10	1	48	2	82	3	38	4	18
0	30	1	97	2	31	3	88	4	58
0	55	1	80	2	49	3	3	4	82
0	65	1	83	2	34	3	44	4	89
0	44	1	79	2	32	3	78	4	86
0	2	1	50	2	94	3	39	4	31
0	66	1	96	2	47	3	18	4	87
0	80	1	96	2	46	3	91	4	52
0	18	1	59	2	59	3	77	4	67
0	90	1	6	2	7	3	34	4	54
0	35	1	24	2	74	3	65	4	70
0	30	1	17	2	5	3	51	4	16
0	79	1	4	2	92	3	58	4	91
0	58	1	34	2	31	3	16	4	2
0	68	1	37	2	43	3	91	4	71
0	84	1	21	2	54	3	11	4	96
0	96	1	44	2	60	3	85	4	95
0	43	1	23	2	81	3	48	4	57
0	64	1	92	2	95	3	75	4	73
0	14	1	67	2	1	3	86	4	10
0	56	1	74	2	91	3	32	4	85
0	98	1	80	2	82	3	93	4	85
0	10	1	62	2	93	3	54	4	19
0	35	1	43	2	7	3	62	4	48
0	35	1	52	2	82	3	58	4	38
0	76	1	41	2	68	3	19	4	58
0	18	1	20	2	68	3	2	4	40
0	23	1	52	2	28	3	1	4	97
0	62	1	40	2	88	3	63	4	48
0	3	1	99	2	41	3	57	4	38
0	71	1	60	2	39	3	38	4	74
0	5	1	91	2	33	3	94	4	10
0	57	1	13	2	64	3	36	4	67
0	89	1	93	2	92	3	15	4	96
0	83	1	15	2	7	3	65	4	85
0	94	1	64	2	20	3	10	4	35
0	76	1	1	2	12	3	80	4	86
0	58	1	81	2	31	3	27	4	36
0	31	1	19	2	33	3	90	4	41
0	50	1	75	2	52	3	96	4	58
0	9	1	7	2	27	3	60	4	55
0	56	1	53	2	73	3	52	4	80
0	41	1	72	2	23	3	59	4	33
0	57	1	2	2	84	3	49	4	10
0	9	1	63	2	65	3	78	4	65
0	64	1	81	2	17	3	25	4	36
0	19	1	12	2	24	3	52	4	27
0	70	1	73	2	51	3	26	4	31
0	5	1	8	2	78	3	47	4	94
0	59	1	95	2	74	3	58	4	84
0	49	1	91	2	3	3	86	4	50
0	46	1	42	2	48	3	94	4	91
0	74	1	37	2	49	3	17	4	61
0	29	1	48	2	71	3	33	4	63
0	83	1	50	2	59	3	19	4	5
0	1	1	84	2	18	3	84	4	7
LBCmax: 1606
RELDUE
-1	701	9	5
-1	507	7	5
-1	670	2	8
-1	611	5	8
-1	762	8	7
-1	570	2	1
-1	510	6	3
-1	601	5	5
-1	487	3	7
-1	741	6	1
-1	572	9	5
-1	561	2	3
-1	664	4	9
-1	592	4	8
-1	663	4	7
-1	701	6	1
-1	671	4	6
-1	680	6	9
-1	759	6	1
-1	692	1	6
-1	515	3	2
-1	559	7	3
-1	612	1	5
-1	787	5	5
-1	483	4	4
-1	798	9	4
-1	587	2	5
-1	753	6	4
-1	745	4	4
-1	640	2	2
-1	678	4	6
-1	558	4	1
-1	688	1	1
-1	764	6	1
-1	555	7	6
-1	695	9	2
-1	733	6	9
-1	510	7	7
-1	577	8	8
-1	589	3	9
-1	547	5	9
-1	518	4	1
-1	707	7	3
-1	650	9	8
-1	594	1	2
-1	672	6	2
-1	783	9	9
-1	560	2	6
-1	681	8	6
-1	599	2	1
-1	617	8	5
-1	556	8	8
-1	584	5	7
-1	542	7	2
-1	791	8	8
-1	623	6	5
-1	698	2	3
-1	686	7	5
-1	610	3	3
-1	768	4	8
-1	787	1	8
-1	561	1	5
-1	659	9	7
-1	650	3	7
-1	545	8	1
-1	495	9	2
-1	676	6	3
-1	703	1	1
-1	519	2	6
-1	772	6	9
-1	771	5	8
-1	642	1	2
-1	584	6	1
-1	652	1	6
-1	627	3	7
-1	801	4	5
-1	656	3	4
-1	765	9	9
-1	675	5	3
-1	614	9	7
-1	496	5	1
-1	508	4	7
-1	553	8	4
-1	627	8	9
-1	505	2	6
-1	603	4	7
-1	778	7	4
-1	628	3	3
-1	777	7	8
-1	736	9	8
-1	800	7	7
-1	529	5	1
-1	704	6	5
-1	613	9	3
-1	606	3	2
-1	789	6	8
-1	662	7	8
-1	539	5	5
-1	587	4	4
-1	581	3	2
-1	799	3	1
-1	562	5	6
-1	523	4	7
-1	713	8	9
-1	632	2	7
-1	778	2	6
-1	776	3	1
-1	736	1	8
-1	718	5	3
-1	793	1	4
-1	771	4	6
-1	736	7	1
-1	493	1	5
-1	799	9	8
-1	754	8	7
-1	760	8	4
-1	489	5	7
-1	513	6	6
-1	626	2	8
-1	745	7	9
-1	521	6	1
-1	530	1	5
-1	730	9	1
-1	587	5	6
-1	775	8	7
-1	724	1	1
-1	742	3	9
-1	774	8	6
-1	527	4	4
-1	642	6	8
-1	620	7	1
-1	598	1	5
-1	660	8	8
-1	576	1	5
-1	619	4	5
-1	737	6	6
-1	789	6	2
-1	644	7	4
-1	799	6	2
-1	531	2	1
-1	631	9	4
-1	523	1	1
-1	714	7	8
-1	787	2	6
-1	769	9	1
-1	545	2	8
-1	517	3	8
-1	708	2	6
-1	663	9	6
-1	649	7	1
DDW
568	834
406	608
636	704
574	648
732	792
524	616
459	561
583	619
468	506
674	808
458	686
533	589
624	704
521	663
544	782
638	764
664	678
673	687
645	873
685	699
443	587
509	609
539	685
724	850
454	512
670	926
540	634
633	873
730	760
627	653
617	739
446	670
619	757
756	772
544	566
688	702
711	755
434	586
467	687
548	630
509	585
513	523
636	778
572	728
582	606
538	806
705	861
482	638
552	810
515	683
537	697
450	662
479	689
466	618
720	862
554	692
635	761
563	809
604	616
707	829
630	944
482	640
646	672
637	663
540	550
396	594
568	784
661	745
462	576
633	911
725	817
603	681
572	596
593	711
533	721
689	913
525	787
612	918
634	716
571	657
461	531
437	579
453	653
577	677
454	556
543	663
755	801
528	728
684	870
648	824
696	904
497	561
598	810
539	687
558	654
686	892
536	788
496	582
522	652
569	593
759	839
534	590
502	544
699	727
581	683
724	832
636	916
662	810
582	854
666	920
686	856
670	802
434	552
679	919
739	769
707	813
406	572
436	590
545	707
656	834
427	615
424	636
628	832
470	704
728	822
717	731
653	831
689	859
516	538
623	661
527	713
520	676
601	719
547	605
600	638
722	752
710	868
541	747
639	959
515	547
555	707
450	596
585	843
653	921
761	777
518	572
439	595
701	715
597	729
643	655
