HFSDDW
50	30	10
0	25	1	51	2	95	3	10	4	37	5	9	6	58	7	46	8	5	9	84
0	7	1	14	2	28	3	9	4	34	5	11	6	22	7	39	8	8	9	22
0	62	1	86	2	91	3	85	4	12	5	24	6	92	7	20	8	13	9	55
0	87	1	24	2	37	3	20	4	65	5	17	6	67	7	26	8	4	9	74
0	65	1	29	2	8	3	45	4	15	5	86	6	86	7	42	8	73	9	84
0	70	1	74	2	40	3	4	4	24	5	38	6	59	7	11	8	97	9	14
0	17	1	38	2	33	3	49	4	97	5	83	6	77	7	8	8	43	9	18
0	43	1	96	2	36	3	34	4	56	5	34	6	78	7	47	8	71	9	26
0	37	1	51	2	47	3	29	4	84	5	13	6	84	7	33	8	96	9	27
0	57	1	57	2	28	3	89	4	58	5	28	6	95	7	58	8	47	9	32
0	10	1	79	2	98	3	56	4	41	5	74	6	39	7	6	8	48	9	90
0	60	1	13	2	39	3	71	4	77	5	65	6	91	7	5	8	65	9	84
0	98	1	44	2	12	3	17	4	60	5	85	6	68	7	46	8	76	9	29
0	38	1	21	2	99	3	40	4	17	5	58	6	53	7	90	8	87	9	11
0	74	1	78	2	85	3	6	4	67	5	45	6	19	7	57	8	13	9	92
0	37	1	90	2	93	3	62	4	33	5	65	6	67	7	81	8	96	9	56
0	6	1	92	2	30	3	19	4	52	5	39	6	13	7	99	8	54	9	19
0	12	1	1	2	18	3	54	4	10	5	20	6	58	7	6	8	50	9	16
0	67	1	12	2	34	3	83	4	92	5	48	6	27	7	37	8	7	9	51
0	90	1	72	2	94	3	32	4	5	5	82	6	49	7	66	8	53	9	28
0	32	1	19	2	3	3	93	4	81	5	36	6	72	7	39	8	53	9	13
0	7	1	61	2	32	3	80	4	88	5	94	6	58	7	46	8	27	9	5
0	12	1	76	2	92	3	3	4	28	5	40	6	7	7	86	8	49	9	28
0	71	1	92	2	53	3	22	4	83	5	48	6	9	7	40	8	3	9	56
0	75	1	88	2	84	3	94	4	45	5	30	6	41	7	14	8	43	9	11
0	25	1	4	2	39	3	48	4	16	5	55	6	26	7	1	8	66	9	41
0	30	1	86	2	89	3	26	4	42	5	15	6	9	7	10	8	96	9	41
0	86	1	18	2	43	3	71	4	30	5	24	6	92	7	98	8	58	9	98
0	99	1	92	2	44	3	39	4	4	5	67	6	53	7	5	8	7	9	29
0	22	1	9	2	74	3	62	4	26	5	88	6	98	7	59	8	52	9	30
0	21	1	32	2	17	3	2	4	25	5	7	6	61	7	68	8	19	9	91
0	63	1	28	2	42	3	67	4	42	5	38	6	43	7	51	8	22	9	75
0	62	1	4	2	3	3	68	4	19	5	77	6	44	7	81	8	46	9	41
0	26	1	33	2	47	3	29	4	77	5	67	6	75	7	42	8	15	9	97
0	7	1	84	2	86	3	15	4	65	5	94	6	67	7	7	8	20	9	88
0	46	1	48	2	37	3	77	4	67	5	18	6	29	7	48	8	83	9	47
0	62	1	79	2	23	3	77	4	66	5	31	6	80	7	14	8	90	9	74
0	62	1	2	2	37	3	25	4	68	5	77	6	18	7	87	8	4	9	24
0	11	1	37	2	61	3	57	4	95	5	78	6	96	7	69	8	61	9	60
0	39	1	27	2	58	3	67	4	35	5	27	6	62	7	9	8	49	9	34
0	14	1	54	2	16	3	45	4	26	5	45	6	11	7	12	8	9	9	90
0	99	1	41	2	45	3	59	4	37	5	25	6	18	7	65	8	82	9	88
0	35	1	12	2	52	3	31	4	36	5	35	6	43	7	70	8	90	9	42
0	15	1	10	2	39	3	69	4	10	5	57	6	22	7	17	8	32	9	51
0	67	1	84	2	60	3	71	4	60	5	97	6	82	7	99	8	31	9	10
0	9	1	97	2	27	3	61	4	99	5	3	6	2	7	85	8	10	9	91
0	2	1	41	2	22	3	67	4	75	5	90	6	2	7	75	8	49	9	79
0	4	1	2	2	34	3	31	4	21	5	50	6	51	7	81	8	70	9	38
0	52	1	44	2	39	3	80	4	33	5	18	6	83	7	78	8	69	9	8
0	56	1	36	2	7	3	41	4	49	5	26	6	63	7	93	8	95	9	70
LBCmax: 1073
RELDUE
-1	1352	3	2
-1	400	6	4
-1	860	6	7
-1	874	1	1
-1	389	3	4
-1	397	2	7
-1	1001	2	4
-1	1348	6	9
-1	745	4	2
-1	855	3	9
-1	878	6	2
-1	537	7	1
-1	486	1	2
-1	1094	8	8
-1	735	8	8
-1	946	5	6
-1	345	9	9
-1	764	7	6
-1	690	9	5
-1	935	4	7
-1	399	4	8
-1	573	6	4
-1	383	2	8
-1	769	7	9
-1	572	6	6
-1	1050	1	1
-1	1345	1	1
-1	1324	3	1
-1	1199	5	5
-1	1348	4	4
-1	1260	8	2
-1	939	3	4
-1	1242	9	5
-1	1394	8	3
-1	771	7	9
-1	807	9	8
-1	1324	8	6
-1	1264	5	8
-1	1117	5	3
-1	599	9	2
-1	909	5	9
-1	1259	3	3
-1	740	8	4
-1	535	6	8
-1	918	6	6
-1	705	2	5
-1	541	2	9
-1	693	8	3
-1	342	6	2
-1	1300	5	6
DDW
1338	1366
376	424
834	886
813	935
362	416
389	405
971	1031
1281	1415
700	790
812	898
825	931
521	553
457	515
1072	1116
662	808
851	1041
314	376
688	840
649	731
888	982
359	439
516	630
360	406
761	777
521	623
998	1102
1237	1453
1205	1443
1103	1295
1308	1388
1235	1285
901	977
1130	1354
1338	1450
756	786
726	888
1231	1417
1176	1352
1050	1184
551	647
891	927
1234	1284
718	762
524	546
909	927
642	768
487	595
624	762
308	376
1183	1417
