HFSDDW
100	25	5
0	77	1	51	2	70	3	32	4	6
0	78	1	13	2	35	3	38	4	39
0	21	1	94	2	49	3	12	4	31
0	64	1	31	2	72	3	20	4	86
0	20	1	76	2	25	3	69	4	66
0	93	1	3	2	43	3	16	4	33
0	99	1	64	2	5	3	29	4	43
0	72	1	2	2	17	3	67	4	28
0	36	1	22	2	61	3	67	4	73
0	15	1	93	2	70	3	14	4	4
0	2	1	42	2	59	3	64	4	4
0	2	1	26	2	1	3	66	4	13
0	76	1	69	2	19	3	6	4	40
0	57	1	89	2	21	3	68	4	58
0	63	1	14	2	6	3	91	4	50
0	98	1	15	2	58	3	95	4	51
0	1	1	32	2	30	3	13	4	31
0	57	1	5	2	40	3	25	4	42
0	46	1	1	2	51	3	54	4	52
0	67	1	4	2	56	3	27	4	17
0	25	1	72	2	3	3	55	4	41
0	88	1	37	2	67	3	15	4	6
0	86	1	67	2	6	3	16	4	13
0	44	1	40	2	7	3	74	4	82
0	52	1	50	2	95	3	26	4	13
0	62	1	63	2	51	3	40	4	82
0	95	1	59	2	31	3	79	4	26
0	28	1	30	2	74	3	71	4	43
0	21	1	38	2	26	3	20	4	56
0	78	1	95	2	35	3	42	4	8
0	28	1	96	2	81	3	45	4	65
0	75	1	77	2	76	3	43	4	78
0	25	1	86	2	28	3	32	4	11
0	27	1	37	2	26	3	89	4	85
0	15	1	65	2	35	3	32	4	62
0	15	1	24	2	76	3	70	4	34
0	67	1	28	2	9	3	32	4	55
0	98	1	77	2	86	3	14	4	50
0	51	1	53	2	32	3	93	4	18
0	35	1	10	2	93	3	9	4	29
0	42	1	69	2	46	3	57	4	92
0	62	1	62	2	50	3	82	4	51
0	52	1	1	2	6	3	10	4	11
0	97	1	77	2	95	3	76	4	12
0	50	1	50	2	13	3	39	4	35
0	61	1	34	2	41	3	14	4	28
0	5	1	30	2	67	3	42	4	91
0	98	1	82	2	52	3	40	4	93
0	36	1	27	2	4	3	63	4	98
0	50	1	48	2	23	3	82	4	21
0	58	1	15	2	18	3	96	4	78
0	92	1	57	2	7	3	23	4	31
0	29	1	21	2	37	3	55	4	46
0	22	1	33	2	64	3	18	4	13
0	16	1	25	2	56	3	83	4	75
0	23	1	46	2	49	3	41	4	84
0	14	1	11	2	58	3	92	4	70
0	89	1	13	2	71	3	64	4	99
0	41	1	75	2	30	3	9	4	64
0	16	1	90	2	49	3	17	4	77
0	18	1	83	2	6	3	70	4	6
0	33	1	59	2	34	3	21	4	55
0	46	1	8	2	66	3	38	4	18
0	18	1	63	2	44	3	85	4	57
0	10	1	62	2	1	3	18	4	71
0	40	1	94	2	48	3	19	4	60
0	33	1	97	2	33	3	64	4	66
0	30	1	6	2	88	3	87	4	37
0	31	1	78	2	50	3	9	4	53
0	34	1	10	2	91	3	90	4	47
0	53	1	46	2	64	3	60	4	68
0	56	1	83	2	87	3	98	4	65
0	39	1	11	2	16	3	61	4	23
0	49	1	75	2	3	3	72	4	87
0	13	1	74	2	57	3	48	4	26
0	31	1	12	2	91	3	64	4	38
0	31	1	3	2	57	3	72	4	8
0	86	1	33	2	72	3	96	4	11
0	47	1	19	2	90	3	22	4	98
0	21	1	63	2	89	3	85	4	5
0	58	1	8	2	20	3	4	4	35
0	78	1	89	2	16	3	35	4	37
0	44	1	91	2	23	3	60	4	35
0	36	1	54	2	43	3	53	4	36
0	16	1	4	2	6	3	61	4	41
0	93	1	84	2	35	3	50	4	6
0	67	1	23	2	7	3	60	4	80
0	23	1	83	2	53	3	38	4	29
0	97	1	18	2	38	3	59	4	67
0	55	1	95	2	31	3	86	4	63
0	66	1	20	2	36	3	50	4	88
0	55	1	2	2	59	3	63	4	41
0	94	1	55	2	66	3	30	4	69
0	21	1	85	2	63	3	79	4	13
0	52	1	2	2	6	3	24	4	39
0	98	1	66	2	47	3	94	4	86
0	98	1	54	2	48	3	87	4	39
0	48	1	86	2	56	3	71	4	26
0	22	1	25	2	90	3	97	4	35
0	43	1	52	2	8	3	89	4	46
LBCmax: 1081
RELDUE
-1	555	7	4
-1	318	5	8
-1	438	5	1
-1	589	7	1
-1	174	8	5
-1	529	5	3
-1	202	8	6
-1	189	2	6
-1	184	5	3
-1	692	6	7
-1	687	9	1
-1	464	8	8
-1	528	5	3
-1	607	4	1
-1	381	9	6
-1	374	1	6
-1	149	7	2
-1	618	6	3
-1	696	4	7
-1	248	4	6
-1	330	1	4
-1	301	1	8
-1	702	3	9
-1	459	3	3
-1	700	8	6
-1	289	7	2
-1	179	7	7
-1	161	2	6
-1	686	6	7
-1	730	3	3
-1	413	6	6
-1	484	1	2
-1	478	4	9
-1	417	6	6
-1	220	1	9
-1	537	2	8
-1	125	8	1
-1	590	7	5
-1	608	9	9
-1	590	6	6
-1	323	1	1
-1	588	3	3
-1	395	8	8
-1	638	8	1
-1	344	9	9
-1	539	6	7
-1	497	5	2
-1	193	9	4
-1	465	4	9
-1	716	4	3
-1	342	4	6
-1	582	3	9
-1	220	5	9
-1	550	4	7
-1	187	1	6
-1	361	6	6
-1	373	2	7
-1	737	2	5
-1	647	4	7
-1	642	3	5
-1	457	2	6
-1	148	7	1
-1	261	3	4
-1	211	3	7
-1	387	1	3
-1	310	2	1
-1	743	6	3
-1	218	2	5
-1	494	7	4
-1	602	8	9
-1	356	5	2
-1	317	9	4
-1	117	4	1
-1	213	5	7
-1	682	9	4
-1	499	9	6
-1	664	6	8
-1	172	2	7
-1	222	9	3
-1	268	7	2
-1	550	6	6
-1	744	6	7
-1	453	5	5
-1	727	1	9
-1	496	5	7
-1	588	7	1
-1	372	9	4
-1	686	1	9
-1	338	6	4
-1	617	7	3
-1	272	8	6
-1	146	7	7
-1	701	3	6
-1	723	5	7
-1	241	1	5
-1	282	5	5
-1	435	7	6
-1	292	3	9
-1	358	5	3
-1	141	8	8
DDW
500	610
296	340
425	451
571	607
162	186
476	582
188	216
183	195
167	201
678	706
673	701
436	492
496	560
577	637
370	392
370	378
134	164
556	680
661	731
223	273
327	333
289	313
646	758
454	464
686	714
280	298
172	186
155	167
679	693
723	737
388	438
465	503
454	502
379	455
213	227
526	548
120	130
560	620
602	614
566	614
291	355
570	606
359	431
574	702
334	354
485	593
447	547
187	199
446	484
695	737
339	345
547	617
200	240
495	605
172	202
336	386
339	407
722	752
641	653
616	668
430	484
142	154
256	266
194	228
360	414
282	338
736	750
203	233
484	504
596	608
331	381
301	333
106	128
211	215
614	750
454	544
624	704
157	187
204	240
260	276
534	566
729	759
408	498
669	785
491	501
529	647
353	391
645	727
335	341
574	660
261	283
143	149
673	729
665	781
222	260
265	299
431	439
289	295
347	369
135	147
