HFSDDW
100	25	5
0	46	1	14	2	52	3	82	4	59
0	27	1	26	2	80	3	80	4	6
0	5	1	98	2	4	3	62	4	60
0	62	1	73	2	7	3	17	4	4
0	16	1	29	2	18	3	74	4	51
0	66	1	69	2	33	3	80	4	25
0	21	1	12	2	68	3	35	4	81
0	49	1	2	2	82	3	33	4	17
0	90	1	45	2	74	3	10	4	67
0	89	1	22	2	61	3	84	4	99
0	27	1	53	2	23	3	71	4	81
0	18	1	95	2	77	3	31	4	92
0	58	1	92	2	99	3	56	4	85
0	93	1	31	2	68	3	81	4	12
0	61	1	90	2	74	3	1	4	13
0	71	1	54	2	8	3	8	4	61
0	44	1	8	2	49	3	80	4	97
0	68	1	89	2	96	3	54	4	63
0	53	1	24	2	51	3	40	4	59
0	97	1	45	2	19	3	25	4	74
0	59	1	54	2	80	3	72	4	39
0	36	1	78	2	22	3	59	4	11
0	63	1	88	2	70	3	69	4	48
0	50	1	44	2	20	3	58	4	17
0	4	1	35	2	15	3	18	4	59
0	38	1	40	2	35	3	42	4	15
0	26	1	36	2	83	3	34	4	3
0	90	1	28	2	76	3	42	4	61
0	89	1	67	2	37	3	43	4	1
0	64	1	53	2	81	3	92	4	9
0	54	1	26	2	61	3	8	4	70
0	24	1	40	2	62	3	14	4	1
0	96	1	44	2	80	3	44	4	84
0	28	1	5	2	36	3	66	4	58
0	23	1	67	2	77	3	96	4	28
0	36	1	97	2	71	3	18	4	94
0	84	1	59	2	43	3	33	4	61
0	1	1	75	2	76	3	63	4	79
0	51	1	65	2	63	3	41	4	65
0	45	1	87	2	93	3	59	4	72
0	60	1	18	2	15	3	35	4	85
0	86	1	48	2	65	3	79	4	35
0	26	1	68	2	45	3	19	4	17
0	38	1	2	2	47	3	83	4	84
0	53	1	28	2	73	3	87	4	7
0	57	1	5	2	36	3	31	4	82
0	49	1	5	2	12	3	45	4	34
0	67	1	44	2	8	3	48	4	74
0	52	1	11	2	96	3	28	4	53
0	82	1	20	2	44	3	25	4	28
0	43	1	40	2	10	3	74	4	20
0	32	1	44	2	27	3	28	4	28
0	81	1	13	2	34	3	97	4	86
0	22	1	57	2	1	3	85	4	49
0	93	1	93	2	99	3	9	4	33
0	42	1	32	2	45	3	34	4	25
0	37	1	61	2	11	3	3	4	39
0	10	1	94	2	38	3	25	4	3
0	23	1	17	2	80	3	20	4	92
0	40	1	76	2	99	3	42	4	32
0	26	1	20	2	59	3	75	4	35
0	50	1	40	2	2	3	42	4	77
0	1	1	99	2	93	3	3	4	90
0	21	1	2	2	31	3	58	4	77
0	27	1	19	2	75	3	82	4	27
0	76	1	14	2	80	3	16	4	93
0	66	1	32	2	4	3	3	4	99
0	17	1	3	2	36	3	68	4	89
0	69	1	93	2	95	3	47	4	2
0	24	1	24	2	77	3	29	4	72
0	38	1	45	2	42	3	64	4	6
0	7	1	45	2	76	3	49	4	58
0	36	1	60	2	85	3	49	4	12
0	68	1	96	2	90	3	4	4	73
0	19	1	66	2	63	3	68	4	8
0	33	1	24	2	28	3	81	4	4
0	52	1	36	2	51	3	44	4	55
0	21	1	90	2	39	3	96	4	92
0	72	1	26	2	86	3	10	4	53
0	10	1	9	2	46	3	36	4	33
0	28	1	33	2	73	3	56	4	54
0	71	1	82	2	73	3	56	4	73
0	82	1	18	2	95	3	46	4	6
0	1	1	10	2	41	3	94	4	91
0	78	1	57	2	94	3	12	4	2
0	92	1	79	2	53	3	15	4	98
0	24	1	78	2	92	3	48	4	76
0	20	1	62	2	94	3	90	4	83
0	39	1	17	2	82	3	24	4	11
0	54	1	31	2	41	3	4	4	53
0	99	1	68	2	52	3	45	4	54
0	70	1	39	2	62	3	54	4	61
0	91	1	29	2	59	3	57	4	49
0	5	1	26	2	47	3	69	4	86
0	38	1	15	2	50	3	11	4	52
0	62	1	74	2	70	3	1	4	47
0	61	1	39	2	50	3	62	4	98
0	55	1	27	2	48	3	93	4	6
0	80	1	1	2	41	3	30	4	91
0	11	1	58	2	25	3	74	4	7
LBCmax: 1143
RELDUE
-1	671	4	7
-1	1299	5	1
-1	1159	5	8
-1	537	2	2
-1	511	3	4
-1	1319	3	7
-1	548	5	2
-1	812	7	7
-1	1398	1	4
-1	1401	4	5
-1	1438	6	6
-1	1128	1	2
-1	1044	7	3
-1	423	3	8
-1	1485	4	2
-1	950	3	2
-1	1242	4	9
-1	1450	5	3
-1	1013	9	8
-1	1416	3	3
-1	1229	3	6
-1	1236	9	3
-1	960	4	7
-1	1075	1	1
-1	412	9	3
-1	778	4	2
-1	1189	6	7
-1	581	9	8
-1	557	7	3
-1	823	4	3
-1	391	6	3
-1	908	8	1
-1	1440	1	1
-1	1426	4	6
-1	554	6	5
-1	1232	7	2
-1	1113	2	2
-1	718	2	1
-1	882	6	7
-1	498	8	1
-1	772	2	2
-1	1321	8	2
-1	974	8	1
-1	352	5	7
-1	455	9	7
-1	478	6	7
-1	785	5	1
-1	726	6	9
-1	680	8	8
-1	785	2	3
-1	704	4	5
-1	1040	4	4
-1	1103	6	2
-1	1264	1	5
-1	671	5	9
-1	922	2	9
-1	682	4	3
-1	426	1	4
-1	467	5	7
-1	1219	3	1
-1	472	6	6
-1	1453	7	8
-1	598	9	1
-1	918	7	2
-1	1352	5	2
-1	873	2	8
-1	1175	5	5
-1	1105	7	7
-1	1356	7	4
-1	596	6	7
-1	1324	1	1
-1	867	2	9
-1	910	6	6
-1	858	3	2
-1	986	9	2
-1	1394	5	2
-1	604	5	2
-1	950	7	7
-1	963	7	6
-1	1421	5	5
-1	1480	4	9
-1	805	9	4
-1	1388	8	3
-1	1259	5	9
-1	462	6	4
-1	838	7	1
-1	1291	2	6
-1	518	9	5
-1	1097	5	8
-1	1118	3	4
-1	893	7	5
-1	1029	3	3
-1	593	6	1
-1	1149	3	3
-1	368	7	9
-1	806	1	2
-1	1066	9	1
-1	399	3	1
-1	487	1	7
-1	1068	2	3
DDW
658	684
1195	1403
1020	1298
473	601
455	567
1187	1451
543	553
650	974
1328	1468
1345	1457
1352	1524
914	1342
981	1107
410	436
1247	1723
770	1130
1068	1416
1247	1653
841	1185
1189	1643
1217	1241
1187	1285
922	998
924	1226
383	441
700	856
1153	1225
569	593
518	596
675	971
352	430
781	1035
1253	1627
1412	1440
515	593
1121	1343
890	1336
617	819
732	1032
483	513
618	926
1229	1413
955	993
310	394
391	519
468	488
636	934
603	849
639	721
722	848
641	767
946	1134
893	1313
1163	1365
637	705
756	1088
655	709
349	503
444	490
1207	1231
434	510
1162	1744
520	676
854	982
1149	1555
768	978
1104	1246
1050	1160
1125	1587
548	644
1059	1589
858	876
755	1065
729	987
828	1144
1199	1589
586	622
836	1064
953	973
1336	1506
1302	1658
749	861
1152	1624
1007	1511
416	508
821	855
1097	1485
487	549
921	1273
1017	1219
848	938
1008	1050
540	646
965	1333
313	423
798	814
906	1226
335	463
399	575
1047	1089
