HFSDDW
100	30	10
0	56	1	94	2	29	3	24	4	6	5	62	6	97	7	95	8	98	9	67
0	99	1	1	2	68	3	8	4	56	5	70	6	67	7	54	8	29	9	40
0	61	1	23	2	41	3	36	4	53	5	91	6	74	7	98	8	21	9	6
0	71	1	68	2	13	3	49	4	66	5	65	6	24	7	99	8	24	9	14
0	42	1	18	2	41	3	52	4	20	5	53	6	38	7	95	8	64	9	75
0	53	1	60	2	54	3	50	4	69	5	33	6	53	7	93	8	70	9	14
0	87	1	99	2	75	3	93	4	96	5	32	6	87	7	19	8	42	9	90
0	47	1	67	2	30	3	16	4	98	5	43	6	82	7	88	8	17	9	1
0	53	1	78	2	35	3	45	4	52	5	11	6	14	7	63	8	79	9	33
0	12	1	31	2	30	3	10	4	26	5	43	6	43	7	47	8	56	9	88
0	65	1	19	2	53	3	73	4	29	5	86	6	31	7	39	8	51	9	26
0	50	1	65	2	77	3	69	4	61	5	10	6	64	7	30	8	41	9	85
0	18	1	25	2	40	3	9	4	78	5	16	6	37	7	20	8	90	9	56
0	99	1	35	2	33	3	29	4	35	5	34	6	26	7	61	8	17	9	66
0	80	1	75	2	12	3	54	4	82	5	47	6	54	7	60	8	49	9	16
0	78	1	14	2	6	3	70	4	70	5	41	6	79	7	44	8	94	9	13
0	49	1	11	2	48	3	95	4	26	5	15	6	32	7	48	8	35	9	27
0	83	1	4	2	13	3	75	4	5	5	42	6	13	7	85	8	27	9	31
0	62	1	77	2	71	3	74	4	77	5	86	6	30	7	63	8	58	9	93
0	54	1	81	2	66	3	4	4	18	5	70	6	27	7	16	8	28	9	67
0	16	1	6	2	26	3	23	4	33	5	74	6	1	7	31	8	65	9	28
0	29	1	93	2	18	3	63	4	51	5	72	6	40	7	74	8	18	9	40
0	85	1	69	2	90	3	41	4	72	5	3	6	37	7	10	8	58	9	35
0	15	1	96	2	58	3	59	4	16	5	56	6	51	7	48	8	42	9	4
0	85	1	98	2	97	3	30	4	64	5	60	6	63	7	3	8	52	9	45
0	30	1	53	2	97	3	87	4	81	5	46	6	15	7	84	8	50	9	30
0	38	1	91	2	73	3	30	4	13	5	32	6	36	7	59	8	48	9	94
0	21	1	91	2	32	3	15	4	55	5	87	6	71	7	60	8	76	9	12
0	39	1	34	2	57	3	13	4	6	5	62	6	98	7	71	8	77	9	69
0	42	1	67	2	98	3	12	4	65	5	93	6	26	7	68	8	17	9	33
0	25	1	5	2	55	3	58	4	25	5	38	6	21	7	83	8	33	9	94
0	75	1	54	2	8	3	38	4	91	5	4	6	35	7	60	8	25	9	51
0	34	1	64	2	81	3	78	4	53	5	54	6	93	7	21	8	50	9	61
0	62	1	4	2	44	3	44	4	86	5	34	6	79	7	99	8	88	9	67
0	41	1	16	2	39	3	83	4	94	5	87	6	59	7	60	8	20	9	62
0	59	1	65	2	44	3	65	4	99	5	61	6	24	7	77	8	5	9	70
0	45	1	1	2	33	3	71	4	33	5	72	6	11	7	63	8	52	9	58
0	25	1	35	2	72	3	57	4	11	5	18	6	26	7	97	8	83	9	66
0	95	1	34	2	1	3	88	4	2	5	96	6	60	7	78	8	45	9	26
0	10	1	2	2	94	3	18	4	22	5	40	6	82	7	67	8	51	9	23
0	76	1	95	2	9	3	62	4	37	5	24	6	93	7	86	8	55	9	81
0	35	1	26	2	93	3	39	4	75	5	12	6	99	7	45	8	70	9	37
0	13	1	33	2	18	3	26	4	48	5	23	6	41	7	54	8	35	9	70
0	35	1	58	2	47	3	61	4	90	5	99	6	26	7	39	8	51	9	77
0	3	1	73	2	23	3	64	4	91	5	84	6	9	7	55	8	43	9	11
0	41	1	38	2	97	3	14	4	10	5	43	6	77	7	82	8	14	9	14
0	83	1	40	2	51	3	84	4	46	5	77	6	78	7	32	8	49	9	76
0	86	1	61	2	94	3	92	4	34	5	39	6	10	7	54	8	35	9	64
0	15	1	85	2	11	3	25	4	30	5	97	6	60	7	34	8	52	9	47
0	22	1	43	2	25	3	37	4	94	5	62	6	23	7	38	8	18	9	15
0	6	1	76	2	7	3	67	4	25	5	79	6	43	7	6	8	79	9	70
0	33	1	24	2	48	3	50	4	99	5	97	6	30	7	26	8	55	9	49
0	17	1	45	2	80	3	2	4	54	5	44	6	36	7	57	8	97	9	72
0	17	1	72	2	37	3	21	4	59	5	39	6	79	7	44	8	1	9	50
0	54	1	55	2	54	3	81	4	14	5	98	6	94	7	74	8	38	9	97
0	33	1	96	2	83	3	69	4	97	5	60	6	95	7	5	8	13	9	81
0	44	1	85	2	8	3	8	4	54	5	61	6	86	7	28	8	91	9	60
0	18	1	85	2	26	3	5	4	94	5	61	6	91	7	99	8	88	9	56
0	49	1	61	2	20	3	1	4	39	5	20	6	88	7	68	8	23	9	98
0	44	1	75	2	32	3	19	4	7	5	68	6	48	7	46	8	27	9	53
0	12	1	66	2	83	3	77	4	79	5	47	6	70	7	78	8	74	9	37
0	68	1	95	2	17	3	56	4	32	5	82	6	66	7	7	8	68	9	34
0	72	1	19	2	6	3	92	4	17	5	43	6	54	7	8	8	98	9	26
0	13	1	46	2	73	3	36	4	45	5	82	6	78	7	43	8	22	9	92
0	50	1	11	2	93	3	85	4	31	5	48	6	58	7	75	8	87	9	24
0	3	1	42	2	77	3	92	4	80	5	92	6	61	7	91	8	60	9	36
0	93	1	63	2	79	3	48	4	24	5	23	6	23	7	81	8	12	9	49
0	5	1	24	2	84	3	76	4	84	5	62	6	26	7	21	8	61	9	68
0	85	1	79	2	20	3	74	4	24	5	71	6	68	7	80	8	55	9	52
0	22	1	86	2	82	3	85	4	99	5	87	6	31	7	45	8	61	9	9
0	26	1	77	2	63	3	38	4	20	5	79	6	57	7	2	8	9	9	18
0	67	1	40	2	30	3	92	4	51	5	14	6	43	7	6	8	25	9	53
0	54	1	42	2	26	3	59	4	27	5	18	6	41	7	99	8	77	9	97
0	32	1	80	2	59	3	53	4	42	5	8	6	16	7	82	8	55	9	44
0	15	1	67	2	72	3	38	4	85	5	81	6	56	7	90	8	35	9	85
0	44	1	26	2	20	3	9	4	55	5	84	6	52	7	4	8	11	9	2
0	38	1	58	2	24	3	11	4	86	5	87	6	81	7	77	8	50	9	44
0	98	1	60	2	50	3	80	4	39	5	86	6	69	7	88	8	74	9	45
0	62	1	51	2	64	3	92	4	53	5	6	6	60	7	51	8	98	9	58
0	56	1	12	2	71	3	53	4	6	5	57	6	44	7	61	8	52	9	97
0	1	1	79	2	41	3	91	4	86	5	83	6	75	7	39	8	69	9	68
0	15	1	64	2	29	3	66	4	40	5	87	6	93	7	32	8	57	9	80
0	27	1	30	2	79	3	91	4	88	5	86	6	89	7	97	8	75	9	81
0	43	1	9	2	37	3	77	4	45	5	82	6	11	7	73	8	6	9	70
0	31	1	21	2	81	3	31	4	44	5	91	6	82	7	6	8	13	9	19
0	64	1	13	2	4	3	71	4	70	5	71	6	1	7	49	8	4	9	99
0	94	1	77	2	64	3	88	4	25	5	7	6	28	7	52	8	22	9	58
0	77	1	20	2	26	3	87	4	49	5	7	6	48	7	49	8	48	9	96
0	4	1	83	2	85	3	56	4	18	5	31	6	5	7	65	8	7	9	73
0	82	1	61	2	70	3	7	4	75	5	53	6	56	7	93	8	6	9	37
0	64	1	31	2	84	3	55	4	41	5	44	6	86	7	16	8	22	9	64
0	23	1	52	2	2	3	8	4	95	5	11	6	92	7	9	8	70	9	94
0	3	1	62	2	46	3	48	4	76	5	16	6	49	7	20	8	13	9	96
0	50	1	55	2	43	3	11	4	32	5	73	6	99	7	30	8	15	9	73
0	44	1	88	2	43	3	42	4	51	5	30	6	60	7	63	8	11	9	64
0	60	1	48	2	24	3	11	4	35	5	2	6	84	7	37	8	79	9	25
0	95	1	67	2	4	3	26	4	14	5	68	6	9	7	90	8	75	9	23
0	12	1	63	2	93	3	96	4	50	5	15	6	20	7	4	8	96	9	46
0	56	1	86	2	9	3	48	4	36	5	3	6	31	7	32	8	76	9	30
0	88	1	63	2	51	3	89	4	78	5	76	6	84	7	17	8	28	9	82
LBCmax: 2065
RELDUE
-1	1120	1	9
-1	1320	1	4
-1	1395	6	8
-1	1394	7	7
-1	1250	5	2
-1	1435	4	9
-1	1257	5	3
-1	1143	8	9
-1	1284	7	6
-1	1117	3	9
-1	1371	1	5
-1	1366	6	3
-1	1196	5	5
-1	1170	7	7
-1	1318	9	6
-1	1069	4	2
-1	1273	9	3
-1	1261	3	3
-1	1404	8	5
-1	1078	9	7
-1	1184	3	1
-1	1348	1	5
-1	1091	4	4
-1	1220	1	4
-1	1172	2	6
-1	1234	3	4
-1	1081	5	7
-1	1046	6	6
-1	1106	4	8
-1	1336	8	1
-1	1155	2	1
-1	1044	7	8
-1	1345	7	2
-1	1090	1	2
-1	1132	1	5
-1	1389	1	3
-1	1438	7	6
-1	1120	6	1
-1	1426	4	1
-1	1191	9	2
-1	1231	5	3
-1	1049	5	4
-1	1326	4	1
-1	1261	7	2
-1	1230	6	6
-1	1065	8	1
-1	1127	6	8
-1	1104	6	3
-1	1117	3	2
-1	1320	8	2
-1	1107	4	9
-1	1152	4	6
-1	1142	6	1
-1	1102	6	9
-1	1221	2	6
-1	1217	2	4
-1	1260	8	7
-1	1207	6	8
-1	1254	5	4
-1	1047	5	7
-1	1385	5	8
-1	1243	5	4
-1	1068	6	9
-1	1394	6	8
-1	1407	9	3
-1	1358	7	3
-1	1052	3	7
-1	1137	8	5
-1	1070	9	9
-1	1374	8	3
-1	1077	4	7
-1	1185	1	9
-1	1281	5	5
-1	1245	2	8
-1	1293	3	8
-1	1167	8	8
-1	1054	6	1
-1	1276	7	5
-1	1435	4	9
-1	1138	1	6
-1	1139	4	8
-1	1423	9	9
-1	1374	8	9
-1	1232	2	2
-1	1260	8	1
-1	1035	8	5
-1	1347	6	2
-1	1275	4	7
-1	1314	7	6
-1	1360	8	1
-1	1161	7	8
-1	1262	6	2
-1	1312	4	9
-1	1410	6	2
-1	1251	9	3
-1	1434	2	9
-1	1426	8	2
-1	1378	9	6
-1	1299	8	2
-1	1317	1	6
DDW
1075	1165
1307	1333
1381	1409
1366	1422
1125	1375
1378	1492
1219	1295
1086	1200
1181	1387
1106	1128
1261	1481
1243	1489
1184	1208
1053	1287
1199	1437
994	1144
1235	1311
1148	1374
1320	1488
970	1186
1137	1231
1213	1483
1058	1124
1147	1293
1055	1289
1123	1345
1005	1157
994	1098
1073	1139
1229	1443
1040	1270
971	1117
1278	1412
1057	1123
1041	1223
1278	1500
1323	1553
1075	1165
1383	1469
1179	1203
1145	1317
1028	1070
1260	1392
1148	1374
1156	1304
1033	1097
1014	1240
994	1214
1072	1162
1267	1373
1063	1151
1037	1267
1062	1222
1080	1124
1184	1258
1168	1266
1159	1361
1147	1267
1216	1292
1037	1057
1288	1482
1131	1355
1047	1089
1255	1533
1379	1435
1331	1385
1010	1094
1046	1228
1049	1091
1360	1388
980	1174
1078	1292
1204	1358
1183	1307
1254	1332
1144	1190
991	1117
1225	1327
1421	1449
1058	1218
1025	1253
1309	1537
1360	1388
1109	1355
1210	1310
932	1138
1334	1360
1224	1326
1301	1327
1306	1414
1149	1173
1212	1312
1286	1338
1368	1452
1188	1314
1305	1563
1283	1569
1309	1447
1195	1403
1251	1383
