HFSDDW
200	25	5
0	57	1	64	2	43	3	64	4	5
0	28	1	77	2	22	3	33	4	99
0	46	1	28	2	40	3	22	4	32
0	51	1	20	2	93	3	47	4	96
0	5	1	51	2	67	3	15	4	51
0	25	1	71	2	20	3	10	4	97
0	55	1	46	2	15	3	73	4	75
0	83	1	37	2	99	3	67	4	86
0	6	1	28	2	25	3	79	4	28
0	10	1	76	2	12	3	97	4	62
0	83	1	94	2	46	3	5	4	53
0	6	1	97	2	29	3	14	4	79
0	57	1	57	2	12	3	35	4	45
0	99	1	13	2	66	3	46	4	48
0	14	1	20	2	26	3	61	4	91
0	76	1	26	2	88	3	87	4	41
0	48	1	60	2	23	3	47	4	15
0	61	1	99	2	11	3	21	4	69
0	86	1	9	2	86	3	87	4	30
0	48	1	17	2	90	3	35	4	28
0	97	1	11	2	66	3	50	4	49
0	63	1	68	2	85	3	14	4	76
0	80	1	9	2	41	3	72	4	31
0	97	1	35	2	65	3	20	4	84
0	1	1	3	2	45	3	76	4	61
0	6	1	34	2	38	3	31	4	43
0	60	1	36	2	54	3	60	4	44
0	38	1	94	2	73	3	98	4	52
0	92	1	14	2	96	3	44	4	89
0	77	1	67	2	15	3	56	4	33
0	13	1	51	2	70	3	50	4	28
0	95	1	65	2	89	3	88	4	43
0	30	1	30	2	55	3	70	4	17
0	45	1	55	2	81	3	28	4	93
0	4	1	62	2	66	3	68	4	91
0	86	1	6	2	1	3	87	4	83
0	38	1	20	2	82	3	98	4	30
0	9	1	65	2	4	3	32	4	49
0	73	1	5	2	85	3	55	4	23
0	63	1	59	2	26	3	27	4	45
0	23	1	86	2	86	3	63	4	30
0	51	1	85	2	2	3	59	4	42
0	89	1	64	2	3	3	5	4	6
0	10	1	48	2	57	3	41	4	9
0	79	1	51	2	49	3	79	4	21
0	98	1	77	2	11	3	46	4	29
0	27	1	79	2	74	3	42	4	61
0	51	1	33	2	19	3	68	4	79
0	23	1	63	2	44	3	90	4	59
0	9	1	3	2	80	3	50	4	13
0	15	1	3	2	85	3	19	4	65
0	71	1	37	2	8	3	43	4	31
0	73	1	74	2	56	3	30	4	15
0	10	1	90	2	60	3	43	4	54
0	77	1	29	2	88	3	61	4	86
0	17	1	8	2	59	3	20	4	12
0	96	1	96	2	61	3	34	4	14
0	25	1	94	2	56	3	76	4	89
0	15	1	26	2	76	3	38	4	6
0	48	1	8	2	15	3	75	4	50
0	18	1	42	2	38	3	95	4	35
0	86	1	14	2	25	3	32	4	49
0	64	1	78	2	88	3	31	4	35
0	77	1	13	2	22	3	17	4	90
0	16	1	35	2	83	3	53	4	40
0	52	1	53	2	51	3	56	4	38
0	10	1	92	2	83	3	70	4	93
0	54	1	59	2	66	3	98	4	28
0	11	1	69	2	24	3	28	4	26
0	36	1	37	2	45	3	3	4	29
0	36	1	85	2	98	3	85	4	34
0	83	1	59	2	84	3	55	4	83
0	33	1	63	2	69	3	94	4	40
0	71	1	95	2	19	3	38	4	81
0	19	1	47	2	24	3	88	4	80
0	46	1	12	2	56	3	28	4	4
0	15	1	9	2	48	3	27	4	2
0	24	1	94	2	98	3	36	4	11
0	94	1	74	2	11	3	15	4	94
0	48	1	1	2	29	3	87	4	54
0	41	1	19	2	8	3	21	4	11
0	88	1	61	2	10	3	6	4	87
0	71	1	4	2	56	3	52	4	69
0	25	1	15	2	42	3	92	4	16
0	76	1	96	2	82	3	27	4	86
0	44	1	36	2	9	3	93	4	32
0	45	1	83	2	68	3	74	4	62
0	96	1	1	2	28	3	17	4	14
0	63	1	85	2	92	3	48	4	39
0	91	1	19	2	59	3	46	4	70
0	33	1	59	2	36	3	72	4	77
0	44	1	36	2	80	3	34	4	66
0	53	1	53	2	17	3	73	4	42
0	88	1	36	2	82	3	89	4	73
0	25	1	87	2	25	3	79	4	53
0	91	1	4	2	34	3	87	4	95
0	25	1	76	2	63	3	24	4	99
0	86	1	47	2	95	3	96	4	18
0	60	1	20	2	93	3	50	4	60
0	11	1	69	2	20	3	7	4	51
0	56	1	36	2	70	3	73	4	46
0	46	1	35	2	56	3	20	4	85
0	40	1	3	2	93	3	39	4	42
0	76	1	89	2	93	3	74	4	56
0	41	1	40	2	86	3	71	4	13
0	5	1	93	2	74	3	19	4	43
0	23	1	84	2	28	3	37	4	40
0	89	1	7	2	89	3	77	4	53
0	51	1	90	2	76	3	11	4	78
0	58	1	27	2	55	3	9	4	84
0	21	1	76	2	46	3	50	4	10
0	16	1	50	2	99	3	60	4	42
0	52	1	60	2	37	3	76	4	63
0	56	1	74	2	56	3	98	4	52
0	70	1	1	2	16	3	21	4	6
0	50	1	63	2	75	3	93	4	55
0	77	1	39	2	65	3	35	4	23
0	47	1	38	2	78	3	28	4	24
0	39	1	7	2	30	3	36	4	1
0	90	1	54	2	1	3	48	4	22
0	83	1	71	2	56	3	57	4	14
0	21	1	60	2	25	3	45	4	59
0	52	1	74	2	7	3	5	4	64
0	13	1	95	2	3	3	54	4	16
0	18	1	95	2	28	3	74	4	13
0	63	1	70	2	79	3	20	4	15
0	96	1	63	2	28	3	71	4	71
0	6	1	83	2	9	3	22	4	3
0	86	1	14	2	34	3	69	4	71
0	65	1	1	2	26	3	72	4	87
0	95	1	52	2	46	3	32	4	5
0	87	1	44	2	81	3	44	4	50
0	50	1	81	2	6	3	30	4	62
0	89	1	46	2	35	3	33	4	58
0	30	1	86	2	80	3	52	4	29
0	5	1	62	2	58	3	3	4	48
0	63	1	45	2	8	3	32	4	19
0	45	1	18	2	96	3	67	4	84
0	62	1	2	2	65	3	71	4	52
0	6	1	8	2	4	3	8	4	82
0	19	1	65	2	92	3	14	4	58
0	9	1	71	2	94	3	3	4	99
0	26	1	85	2	79	3	96	4	87
0	6	1	74	2	73	3	12	4	17
0	72	1	50	2	68	3	49	4	96
0	29	1	22	2	9	3	99	4	24
0	96	1	59	2	51	3	21	4	29
0	97	1	52	2	93	3	74	4	10
0	74	1	24	2	93	3	67	4	58
0	77	1	23	2	69	3	84	4	47
0	31	1	34	2	91	3	91	4	11
0	68	1	97	2	44	3	18	4	29
0	87	1	62	2	94	3	79	4	3
0	67	1	35	2	58	3	67	4	90
0	53	1	80	2	99	3	2	4	42
0	49	1	57	2	1	3	90	4	19
0	7	1	53	2	25	3	53	4	92
0	62	1	67	2	60	3	10	4	61
0	99	1	9	2	76	3	45	4	23
0	12	1	29	2	15	3	64	4	91
0	43	1	64	2	2	3	94	4	93
0	51	1	35	2	90	3	49	4	62
0	12	1	97	2	53	3	98	4	23
0	34	1	37	2	41	3	86	4	40
0	99	1	74	2	49	3	7	4	90
0	44	1	4	2	54	3	79	4	30
0	20	1	43	2	36	3	99	4	76
0	42	1	51	2	31	3	59	4	42
0	28	1	77	2	11	3	47	4	49
0	3	1	56	2	78	3	23	4	88
0	75	1	88	2	29	3	24	4	92
0	68	1	15	2	95	3	4	4	49
0	47	1	80	2	11	3	19	4	43
0	69	1	61	2	54	3	22	4	80
0	83	1	7	2	81	3	45	4	13
0	23	1	64	2	2	3	57	4	88
0	88	1	26	2	32	3	91	4	55
0	31	1	15	2	12	3	7	4	9
0	28	1	55	2	27	3	11	4	94
0	48	1	66	2	92	3	5	4	80
0	41	1	2	2	56	3	42	4	6
0	68	1	7	2	83	3	12	4	69
0	5	1	14	2	39	3	16	4	61
0	22	1	49	2	20	3	63	4	12
0	55	1	50	2	47	3	14	4	53
0	28	1	79	2	71	3	50	4	65
0	56	1	71	2	97	3	76	4	47
0	87	1	69	2	89	3	85	4	87
0	25	1	31	2	99	3	37	4	4
0	15	1	17	2	11	3	50	4	72
0	99	1	47	2	29	3	93	4	26
0	90	1	54	2	43	3	89	4	77
0	88	1	36	2	34	3	47	4	14
0	33	1	16	2	62	3	68	4	73
0	53	1	59	2	34	3	76	4	86
0	24	1	50	2	10	3	11	4	39
0	11	1	69	2	22	3	78	4	66
0	10	1	43	2	4	3	50	4	56
0	33	1	27	2	1	3	9	4	98
0	89	1	97	2	53	3	24	4	71
LBCmax: 2077
RELDUE
-1	2262	4	5
-1	1718	7	7
-1	1567	7	6
-1	1985	7	3
-1	1280	4	4
-1	1538	1	1
-1	1197	2	7
-1	1692	5	3
-1	1116	8	6
-1	1061	2	5
-1	1547	3	8
-1	1595	4	7
-1	1441	7	2
-1	1668	3	4
-1	1872	1	3
-1	1282	1	9
-1	1208	7	4
-1	1728	2	8
-1	2050	6	5
-1	1093	7	4
-1	2160	7	9
-1	1188	7	3
-1	1185	8	5
-1	1191	7	5
-1	1550	7	4
-1	1363	4	4
-1	1770	3	3
-1	1359	2	6
-1	2003	2	9
-1	2256	1	5
-1	1374	3	3
-1	2250	3	2
-1	2116	4	2
-1	1528	3	7
-1	1544	5	7
-1	1738	7	3
-1	1366	9	8
-1	1609	8	3
-1	1769	2	1
-1	1358	9	2
-1	2242	5	7
-1	2166	7	7
-1	2258	8	7
-1	1644	7	5
-1	1230	3	6
-1	2134	6	6
-1	2216	5	2
-1	1658	1	4
-1	1553	7	6
-1	2026	8	6
-1	1980	3	9
-1	1559	1	9
-1	1933	7	1
-1	1275	4	4
-1	2047	5	8
-1	2112	5	1
-1	1571	1	9
-1	1413	1	5
-1	1472	6	5
-1	2202	3	7
-1	2054	5	8
-1	2124	5	9
-1	1974	2	1
-1	1145	8	7
-1	1972	8	4
-1	1582	6	5
-1	1764	2	3
-1	2199	9	5
-1	1161	7	8
-1	1171	9	7
-1	2202	3	3
-1	1884	1	5
-1	2244	2	5
-1	1729	5	6
-1	1137	2	5
-1	2279	8	2
-1	1215	3	2
-1	1826	2	4
-1	2247	5	1
-1	1701	8	6
-1	1433	3	7
-1	1149	5	1
-1	2092	2	9
-1	2263	8	7
-1	1314	1	6
-1	2101	7	8
-1	1354	6	6
-1	1879	5	2
-1	1767	8	1
-1	1718	7	6
-1	1205	5	2
-1	2238	5	4
-1	1175	6	5
-1	1852	3	1
-1	1590	1	5
-1	1155	9	6
-1	1230	1	3
-1	2150	4	5
-1	1958	8	9
-1	1934	3	3
-1	1408	6	7
-1	1054	6	6
-1	1534	7	9
-1	1419	5	7
-1	2110	7	1
-1	1133	6	5
-1	1600	4	2
-1	1242	1	1
-1	1175	2	2
-1	2053	5	7
-1	1934	7	8
-1	2030	7	5
-1	1452	6	1
-1	2056	8	3
-1	1807	2	9
-1	1942	4	8
-1	1070	7	5
-1	1997	9	8
-1	2117	6	9
-1	2157	6	6
-1	1265	9	5
-1	2171	4	1
-1	1469	9	5
-1	1729	3	8
-1	2252	2	3
-1	2249	4	6
-1	1747	5	6
-1	1430	6	8
-1	1177	1	1
-1	2267	1	6
-1	2087	2	3
-1	1351	6	7
-1	2154	7	7
-1	1350	7	8
-1	1331	2	3
-1	1416	5	2
-1	1900	6	8
-1	1710	7	2
-1	1190	5	6
-1	1218	6	1
-1	1538	8	9
-1	1150	2	8
-1	1742	6	7
-1	1999	4	1
-1	2069	9	2
-1	1461	7	5
-1	1824	9	9
-1	1404	5	7
-1	1083	9	6
-1	1933	4	2
-1	1123	8	5
-1	1518	6	8
-1	1071	8	2
-1	2087	1	7
-1	1706	8	4
-1	1523	4	4
-1	1871	5	1
-1	2091	8	2
-1	1453	2	7
-1	2146	2	9
-1	1671	4	6
-1	1208	9	1
-1	1102	6	9
-1	1193	3	6
-1	2251	3	1
-1	1621	3	8
-1	2162	3	5
-1	1139	2	4
-1	1763	4	3
-1	1428	9	4
-1	1080	7	7
-1	1645	2	5
-1	1844	7	3
-1	1936	1	9
-1	1656	1	3
-1	1153	5	2
-1	1466	5	5
-1	1756	8	2
-1	1945	5	5
-1	1829	3	9
-1	1463	8	4
-1	1381	4	8
-1	1384	2	6
-1	1530	2	1
-1	2182	8	5
-1	1607	8	8
-1	1317	7	7
-1	1105	2	6
-1	1930	4	4
-1	2094	3	4
-1	1831	8	4
-1	2094	6	1
-1	1295	5	1
-1	1330	3	8
-1	1832	6	1
-1	1368	8	8
-1	1086	1	1
-1	1586	5	4
-1	2034	3	4
-1	1486	4	2
DDW
2217	2307
1701	1735
1536	1598
1866	2104
1216	1344
1430	1646
1149	1245
1557	1827
1083	1149
1040	1082
1423	1671
1563	1627
1398	1484
1518	1818
1853	1891
1218	1346
1099	1317
1659	1797
1968	2132
1082	1104
2095	2225
1140	1236
1138	1232
1096	1286
1426	1674
1349	1377
1611	1929
1264	1454
1963	2043
2053	2459
1319	1429
2228	2272
2095	2137
1497	1559
1498	1590
1599	1877
1311	1421
1593	1625
1663	1875
1236	1480
2063	2421
2036	2296
2123	2393
1562	1726
1193	1267
1985	2283
2083	2349
1625	1691
1537	1569
2006	2046
1861	2099
1403	1715
1914	1952
1224	1326
1842	2252
1943	2281
1445	1697
1356	1470
1340	1604
2092	2312
1890	2218
1954	2294
1856	2092
1088	1202
1795	2149
1455	1709
1729	1799
2177	2221
1080	1242
1136	1206
2158	2246
1714	2054
2042	2446
1643	1815
1092	1182
2097	2461
1118	1312
1643	2009
2112	2382
1684	1718
1361	1505
1057	1241
1946	2238
2240	2286
1275	1353
2017	2185
1219	1489
1747	2011
1714	1820
1632	1804
1193	1217
2014	2462
1152	1198
1833	1871
1574	1606
1143	1167
1107	1353
2107	2193
1821	2095
1837	2031
1324	1492
1001	1107
1457	1611
1305	1533
1899	2321
1042	1224
1568	1632
1167	1317
1163	1187
1991	2115
1741	2127
1868	2192
1336	1568
1871	2241
1789	1825
1923	1961
1049	1091
1897	2097
2075	2159
2049	2265
1151	1379
2062	2280
1337	1601
1694	1764
2184	2320
2204	2294
1625	1869
1316	1544
1118	1236
2176	2358
1920	2254
1256	1446
2089	2219
1323	1377
1264	1398
1274	1558
1843	1957
1556	1864
1166	1214
1145	1291
1507	1569
1104	1196
1620	1864
1979	2019
1966	2172
1417	1505
1769	1879
1348	1460
975	1191
1914	1952
1011	1235
1427	1609
1060	1082
2045	2129
1604	1808
1493	1553
1740	2002
2007	2175
1366	1540
1953	2339
1638	1704
1160	1256
1080	1124
1098	1288
2116	2386
1556	1686
2032	2292
1059	1219
1692	1834
1399	1457
994	1166
1596	1694
1770	1918
1800	2072
1590	1722
1084	1222
1349	1583
1598	1914
1809	2081
1646	2012
1317	1609
1340	1422
1273	1495
1454	1606
2095	2269
1575	1639
1225	1409
1083	1127
1814	2046
2010	2178
1758	1904
1885	2303
1243	1347
1277	1383
1740	1924
1245	1491
1064	1108
1427	1745
1912	2156
1471	1501
