HFSDDW
100	50	10
0	61	1	61	2	86	3	98	4	69	5	74	6	34	7	13	8	1	9	37
0	27	1	31	2	64	3	48	4	17	5	79	6	29	7	20	8	9	9	23
0	10	1	21	2	77	3	17	4	37	5	79	6	98	7	18	8	15	9	96
0	44	1	2	2	69	3	57	4	90	5	30	6	29	7	15	8	28	9	47
0	68	1	6	2	36	3	74	4	3	5	28	6	67	7	8	8	79	9	8
0	58	1	40	2	90	3	52	4	91	5	41	6	84	7	70	8	61	9	90
0	75	1	17	2	97	3	5	4	92	5	26	6	62	7	7	8	58	9	86
0	51	1	15	2	92	3	62	4	55	5	4	6	84	7	3	8	15	9	9
0	13	1	91	2	38	3	8	4	38	5	5	6	12	7	17	8	65	9	50
0	46	1	59	2	53	3	37	4	71	5	52	6	8	7	32	8	81	9	76
0	66	1	60	2	49	3	92	4	57	5	44	6	48	7	28	8	97	9	88
0	56	1	81	2	56	3	53	4	78	5	84	6	78	7	90	8	66	9	88
0	15	1	45	2	41	3	9	4	40	5	92	6	61	7	55	8	91	9	4
0	96	1	53	2	21	3	38	4	43	5	52	6	42	7	46	8	51	9	94
0	57	1	83	2	20	3	77	4	93	5	64	6	4	7	1	8	59	9	86
0	73	1	18	2	65	3	93	4	62	5	21	6	19	7	41	8	52	9	64
0	82	1	92	2	37	3	94	4	91	5	3	6	61	7	18	8	11	9	26
0	43	1	33	2	39	3	72	4	32	5	31	6	26	7	63	8	15	9	76
0	89	1	61	2	95	3	5	4	30	5	78	6	88	7	28	8	75	9	22
0	34	1	2	2	93	3	86	4	12	5	64	6	46	7	25	8	85	9	91
0	4	1	85	2	90	3	34	4	44	5	41	6	78	7	93	8	62	9	31
0	95	1	55	2	26	3	76	4	75	5	22	6	97	7	33	8	64	9	14
0	14	1	33	2	43	3	89	4	92	5	42	6	39	7	53	8	60	9	68
0	85	1	1	2	77	3	23	4	72	5	4	6	71	7	62	8	60	9	88
0	1	1	95	2	66	3	44	4	26	5	78	6	75	7	18	8	11	9	90
0	66	1	14	2	61	3	72	4	77	5	70	6	42	7	2	8	41	9	3
0	2	1	25	2	34	3	93	4	46	5	94	6	78	7	3	8	4	9	72
0	51	1	35	2	72	3	75	4	13	5	19	6	67	7	98	8	63	9	15
0	66	1	22	2	42	3	69	4	2	5	72	6	40	7	6	8	45	9	3
0	62	1	70	2	21	3	58	4	86	5	75	6	61	7	72	8	97	9	32
0	1	1	72	2	14	3	39	4	40	5	31	6	41	7	85	8	60	9	59
0	4	1	44	2	38	3	27	4	36	5	80	6	83	7	64	8	92	9	74
0	55	1	73	2	57	3	2	4	10	5	80	6	15	7	15	8	88	9	38
0	57	1	94	2	1	3	31	4	15	5	94	6	8	7	4	8	30	9	70
0	31	1	54	2	45	3	86	4	98	5	18	6	32	7	94	8	22	9	7
0	92	1	97	2	79	3	24	4	77	5	28	6	15	7	13	8	29	9	59
0	17	1	26	2	97	3	22	4	2	5	9	6	43	7	8	8	13	9	42
0	72	1	80	2	35	3	23	4	43	5	1	6	28	7	71	8	3	9	92
0	49	1	20	2	93	3	82	4	45	5	60	6	16	7	77	8	54	9	86
0	79	1	95	2	74	3	70	4	53	5	6	6	56	7	24	8	85	9	90
0	75	1	25	2	82	3	80	4	34	5	13	6	63	7	57	8	80	9	76
0	1	1	44	2	10	3	37	4	10	5	97	6	33	7	16	8	77	9	42
0	93	1	65	2	53	3	26	4	62	5	76	6	6	7	64	8	70	9	38
0	44	1	5	2	86	3	13	4	17	5	25	6	38	7	13	8	48	9	33
0	96	1	59	2	96	3	78	4	86	5	36	6	86	7	37	8	60	9	55
0	72	1	41	2	46	3	43	4	97	5	11	6	71	7	56	8	19	9	57
0	7	1	98	2	86	3	43	4	32	5	96	6	58	7	96	8	21	9	85
0	59	1	21	2	68	3	44	4	45	5	34	6	68	7	75	8	39	9	26
0	90	1	69	2	4	3	15	4	66	5	4	6	58	7	43	8	16	9	6
0	53	1	81	2	94	3	90	4	27	5	98	6	72	7	54	8	46	9	90
0	78	1	89	2	17	3	75	4	95	5	52	6	73	7	3	8	98	9	63
0	42	1	96	2	18	3	92	4	67	5	38	6	94	7	72	8	77	9	29
0	39	1	16	2	81	3	15	4	32	5	78	6	26	7	77	8	18	9	46
0	62	1	14	2	29	3	48	4	47	5	1	6	52	7	29	8	19	9	14
0	31	1	55	2	44	3	53	4	64	5	57	6	64	7	2	8	23	9	89
0	4	1	1	2	77	3	18	4	52	5	63	6	9	7	2	8	44	9	18
0	26	1	95	2	85	3	52	4	1	5	28	6	67	7	69	8	45	9	66
0	85	1	66	2	53	3	63	4	98	5	83	6	71	7	28	8	51	9	74
0	15	1	25	2	55	3	28	4	43	5	62	6	37	7	11	8	95	9	84
0	92	1	51	2	84	3	1	4	88	5	35	6	70	7	91	8	52	9	36
0	89	1	94	2	56	3	56	4	4	5	37	6	47	7	15	8	20	9	69
0	91	1	80	2	51	3	69	4	4	5	1	6	41	7	57	8	10	9	39
0	91	1	56	2	74	3	61	4	74	5	34	6	81	7	53	8	75	9	63
0	14	1	79	2	76	3	15	4	84	5	20	6	68	7	98	8	25	9	6
0	15	1	22	2	91	3	27	4	92	5	12	6	1	7	16	8	97	9	87
0	93	1	13	2	82	3	13	4	44	5	33	6	20	7	95	8	82	9	69
0	55	1	94	2	40	3	57	4	55	5	13	6	5	7	36	8	84	9	83
0	33	1	43	2	33	3	4	4	25	5	69	6	65	7	47	8	68	9	63
0	34	1	66	2	55	3	87	4	69	5	2	6	97	7	63	8	70	9	52
0	1	1	73	2	16	3	55	4	50	5	21	6	82	7	34	8	71	9	80
0	8	1	64	2	31	3	14	4	55	5	51	6	79	7	78	8	88	9	75
0	67	1	72	2	27	3	19	4	36	5	89	6	39	7	52	8	87	9	54
0	15	1	41	2	65	3	33	4	83	5	59	6	27	7	78	8	53	9	5
0	87	1	32	2	76	3	88	4	56	5	69	6	35	7	42	8	33	9	19
0	22	1	19	2	75	3	95	4	84	5	28	6	47	7	96	8	19	9	61
0	81	1	30	2	47	3	17	4	65	5	66	6	99	7	98	8	31	9	96
0	24	1	2	2	26	3	84	4	88	5	36	6	96	7	39	8	63	9	66
0	54	1	97	2	20	3	69	4	33	5	96	6	65	7	69	8	49	9	56
0	12	1	30	2	59	3	92	4	23	5	57	6	84	7	59	8	23	9	89
0	70	1	37	2	12	3	37	4	94	5	20	6	92	7	91	8	8	9	48
0	31	1	8	2	34	3	53	4	8	5	84	6	11	7	77	8	84	9	68
0	1	1	30	2	49	3	74	4	84	5	94	6	43	7	34	8	61	9	31
0	51	1	37	2	17	3	73	4	96	5	17	6	85	7	83	8	75	9	14
0	4	1	74	2	62	3	1	4	25	5	4	6	96	7	6	8	84	9	38
0	46	1	8	2	75	3	54	4	89	5	40	6	87	7	37	8	52	9	1
0	77	1	59	2	30	3	76	4	96	5	94	6	91	7	60	8	57	9	91
0	98	1	28	2	3	3	71	4	64	5	27	6	68	7	49	8	49	9	80
0	98	1	37	2	49	3	24	4	84	5	44	6	61	7	62	8	84	9	57
0	29	1	49	2	31	3	75	4	36	5	45	6	45	7	85	8	5	9	31
0	12	1	36	2	49	3	92	4	39	5	19	6	5	7	5	8	89	9	62
0	71	1	39	2	87	3	72	4	2	5	41	6	10	7	7	8	91	9	52
0	33	1	30	2	76	3	99	4	62	5	50	6	97	7	28	8	35	9	20
0	82	1	82	2	44	3	19	4	68	5	62	6	87	7	56	8	84	9	66
0	40	1	57	2	72	3	22	4	85	5	89	6	61	7	58	8	73	9	95
0	35	1	39	2	94	3	52	4	98	5	82	6	59	7	49	8	31	9	89
0	22	1	76	2	70	3	69	4	80	5	88	6	95	7	69	8	4	9	40
0	53	1	54	2	22	3	25	4	13	5	75	6	57	7	54	8	14	9	73
0	88	1	39	2	55	3	40	4	85	5	44	6	88	7	92	8	20	9	85
0	3	1	38	2	26	3	95	4	45	5	63	6	87	7	4	8	41	9	97
0	94	1	91	2	55	3	34	4	42	5	81	6	17	7	69	8	40	9	23
LBCmax: 1411
RELDUE
-1	1059	4	9
-1	1002	8	6
-1	1088	2	9
-1	1150	6	7
-1	990	8	1
-1	1222	4	8
-1	1048	9	9
-1	1073	5	5
-1	1225	7	6
-1	1092	3	7
-1	1270	5	8
-1	996	9	7
-1	1128	3	3
-1	1038	7	4
-1	1091	5	6
-1	1032	1	9
-1	1065	2	1
-1	1063	5	6
-1	1215	7	6
-1	1127	6	6
-1	1238	8	6
-1	1140	8	6
-1	1025	5	3
-1	1035	8	9
-1	1210	4	1
-1	1261	6	6
-1	1225	2	2
-1	1049	7	5
-1	1264	9	1
-1	1000	3	8
-1	1063	3	2
-1	1043	2	2
-1	1136	9	4
-1	1261	7	9
-1	1158	5	8
-1	1264	8	1
-1	994	1	7
-1	1182	9	9
-1	1254	1	3
-1	1164	2	1
-1	1106	5	7
-1	1148	1	4
-1	1041	9	5
-1	999	8	9
-1	1263	4	9
-1	1246	7	6
-1	1107	4	7
-1	1092	3	6
-1	1262	5	6
-1	1062	6	2
-1	1139	5	8
-1	1243	5	6
-1	1238	3	6
-1	1243	6	4
-1	1085	3	8
-1	1190	5	7
-1	1248	9	2
-1	1041	4	5
-1	1211	2	7
-1	999	2	5
-1	1268	6	7
-1	1270	6	5
-1	1080	2	3
-1	1212	7	3
-1	1017	4	3
-1	1215	5	5
-1	1130	6	1
-1	1137	6	6
-1	1150	2	5
-1	1097	2	4
-1	1025	8	5
-1	1154	7	6
-1	1079	5	9
-1	1039	6	3
-1	1009	4	7
-1	1078	5	7
-1	1086	5	2
-1	1013	5	8
-1	1042	3	9
-1	1234	4	9
-1	1142	9	3
-1	1120	9	9
-1	1057	4	9
-1	1189	1	9
-1	1132	6	8
-1	1091	4	7
-1	1075	5	7
-1	1164	6	2
-1	1164	1	1
-1	1239	1	2
-1	1003	7	4
-1	1224	9	6
-1	1241	8	7
-1	1242	1	5
-1	1167	5	7
-1	1106	4	2
-1	1056	1	2
-1	1099	5	5
-1	1253	5	7
-1	1036	2	5
DDW
953	1165
922	1082
1012	1164
1081	1219
940	1040
1112	1332
1027	1069
998	1148
1164	1286
1037	1147
1168	1372
976	1016
1015	1241
1017	1059
1058	1124
970	1094
1022	1108
1020	1106
1191	1239
1048	1206
1114	1362
1083	1197
984	1066
942	1128
1150	1270
1236	1286
1152	1298
1007	1091
1226	1302
980	1020
989	1137
1012	1074
1034	1238
1185	1337
1123	1193
1138	1390
914	1074
1135	1229
1216	1292
1048	1280
1040	1172
1102	1194
1031	1051
989	1009
1137	1389
1221	1271
1074	1140
994	1190
1136	1388
956	1168
1116	1162
1218	1268
1151	1325
1168	1318
1020	1150
1130	1250
1198	1298
947	1135
1187	1235
969	1029
1230	1306
1156	1384
1026	1134
1164	1260
936	1098
1142	1288
1085	1175
1092	1182
1035	1265
1053	1141
933	1117
1142	1166
1057	1101
1018	1060
999	1019
1003	1153
1032	1140
972	1054
948	1136
1197	1271
1039	1245
1030	1210
1004	1110
1153	1225
1019	1245
1026	1156
1000	1150
1129	1199
1152	1176
1140	1338
933	1073
1114	1334
1204	1278
1118	1366
1074	1260
1029	1183
950	1162
1022	1176
1203	1303
984	1088
