HFSDDW
50	30	10
0	52	1	34	2	43	3	50	4	30	5	83	6	18	7	38	8	56	9	17
0	90	1	70	2	53	3	71	4	31	5	59	6	76	7	97	8	27	9	90
0	31	1	3	2	43	3	43	4	61	5	20	6	77	7	93	8	39	9	4
0	63	1	74	2	16	3	63	4	35	5	22	6	91	7	18	8	55	9	9
0	24	1	89	2	15	3	88	4	98	5	89	6	2	7	72	8	99	9	50
0	21	1	70	2	89	3	79	4	78	5	50	6	91	7	99	8	89	9	10
0	7	1	24	2	98	3	53	4	54	5	17	6	55	7	90	8	36	9	9
0	68	1	59	2	42	3	18	4	67	5	42	6	87	7	55	8	44	9	71
0	19	1	6	2	93	3	88	4	83	5	92	6	84	7	37	8	84	9	85
0	31	1	91	2	29	3	45	4	3	5	99	6	90	7	62	8	34	9	82
0	35	1	12	2	36	3	90	4	82	5	62	6	29	7	71	8	13	9	37
0	62	1	37	2	55	3	18	4	91	5	1	6	31	7	11	8	69	9	62
0	32	1	19	2	6	3	51	4	78	5	76	6	30	7	96	8	15	9	67
0	51	1	25	2	21	3	62	4	36	5	8	6	69	7	3	8	6	9	22
0	64	1	14	2	24	3	47	4	23	5	94	6	37	7	11	8	54	9	2
0	69	1	80	2	93	3	72	4	50	5	17	6	6	7	85	8	13	9	7
0	32	1	32	2	57	3	46	4	85	5	38	6	16	7	92	8	81	9	84
0	32	1	28	2	5	3	48	4	97	5	19	6	94	7	58	8	28	9	83
0	40	1	20	2	42	3	13	4	97	5	71	6	32	7	49	8	13	9	20
0	2	1	83	2	90	3	99	4	89	5	32	6	57	7	78	8	61	9	85
0	79	1	44	2	29	3	70	4	70	5	42	6	75	7	45	8	74	9	31
0	22	1	48	2	58	3	29	4	67	5	13	6	89	7	44	8	48	9	15
0	6	1	66	2	80	3	62	4	82	5	48	6	37	7	6	8	59	9	66
0	62	1	17	2	96	3	42	4	5	5	95	6	90	7	72	8	43	9	56
0	95	1	87	2	75	3	81	4	98	5	54	6	26	7	62	8	33	9	77
0	42	1	13	2	31	3	46	4	79	5	13	6	63	7	67	8	88	9	22
0	5	1	70	2	86	3	9	4	69	5	6	6	51	7	16	8	24	9	71
0	22	1	18	2	2	3	91	4	20	5	19	6	91	7	98	8	63	9	28
0	23	1	75	2	72	3	81	4	24	5	50	6	86	7	50	8	63	9	91
0	33	1	24	2	84	3	21	4	52	5	25	6	1	7	67	8	13	9	93
0	4	1	11	2	38	3	62	4	55	5	25	6	11	7	39	8	27	9	61
0	22	1	65	2	4	3	60	4	99	5	29	6	97	7	5	8	84	9	20
0	20	1	1	2	53	3	33	4	39	5	98	6	34	7	80	8	40	9	95
0	18	1	24	2	86	3	70	4	25	5	13	6	38	7	11	8	27	9	99
0	39	1	47	2	24	3	2	4	70	5	67	6	20	7	25	8	22	9	23
0	27	1	96	2	82	3	93	4	74	5	3	6	58	7	6	8	23	9	56
0	90	1	30	2	98	3	31	4	44	5	97	6	78	7	34	8	35	9	87
0	91	1	86	2	77	3	85	4	81	5	72	6	76	7	51	8	62	9	71
0	79	1	10	2	59	3	18	4	69	5	22	6	42	7	93	8	96	9	22
0	54	1	33	2	88	3	71	4	9	5	9	6	48	7	92	8	58	9	72
0	89	1	86	2	89	3	34	4	32	5	40	6	19	7	96	8	13	9	2
0	27	1	7	2	43	3	52	4	76	5	81	6	71	7	81	8	62	9	22
0	56	1	85	2	37	3	13	4	33	5	58	6	98	7	7	8	77	9	72
0	24	1	83	2	93	3	90	4	81	5	93	6	20	7	25	8	85	9	29
0	3	1	45	2	81	3	94	4	95	5	48	6	90	7	36	8	94	9	27
0	38	1	67	2	31	3	36	4	17	5	5	6	49	7	76	8	2	9	73
0	41	1	12	2	20	3	40	4	77	5	43	6	14	7	53	8	70	9	83
0	61	1	46	2	95	3	34	4	20	5	12	6	5	7	42	8	18	9	84
0	68	1	63	2	13	3	50	4	35	5	57	6	53	7	58	8	74	9	77
0	45	1	44	2	24	3	12	4	87	5	91	6	26	7	41	8	17	9	53
LBCmax: 1225
RELDUE
-1	547	9	6
-1	578	4	9
-1	928	6	8
-1	254	6	7
-1	926	7	5
-1	1246	7	8
-1	994	5	8
-1	1310	2	4
-1	321	8	9
-1	183	7	7
-1	1347	8	9
-1	198	8	6
-1	846	4	3
-1	327	2	1
-1	189	2	9
-1	1080	3	2
-1	1332	8	4
-1	970	4	3
-1	178	3	3
-1	379	1	7
-1	1216	7	3
-1	803	3	4
-1	1088	7	9
-1	1257	1	5
-1	593	5	4
-1	339	6	9
-1	391	4	3
-1	1153	3	9
-1	682	7	7
-1	467	6	3
-1	1174	6	5
-1	894	6	7
-1	431	2	5
-1	912	1	2
-1	735	5	9
-1	502	1	5
-1	1312	9	9
-1	147	1	6
-1	1160	7	5
-1	654	8	4
-1	1171	3	6
-1	812	6	7
-1	628	4	4
-1	966	7	5
-1	1074	1	4
-1	594	6	5
-1	1157	7	7
-1	207	1	3
-1	199	6	6
-1	239	3	2
DDW
449	645
468	688
919	937
221	287
861	991
1221	1271
795	1193
1192	1428
299	343
156	210
1266	1428
188	208
694	998
311	343
187	191
1069	1091
1092	1572
805	1135
166	190
322	436
1021	1411
699	907
1066	1110
1219	1295
551	635
298	380
325	457
1095	1211
559	805
392	542
951	1397
876	912
405	457
784	1040
662	808
462	542
1141	1483
118	176
1056	1264
602	706
1054	1288
755	869
603	653
889	1043
1042	1106
552	636
1007	1307
188	226
171	227
237	241
