HFSDDW
100	15	5
0	68	1	51	2	66	3	90	4	57
0	23	1	65	2	33	3	90	4	42
0	8	1	37	2	19	3	80	4	37
0	46	1	45	2	92	3	91	4	9
0	27	1	3	2	39	3	61	4	83
0	78	1	46	2	81	3	94	4	60
0	50	1	33	2	21	3	28	4	14
0	89	1	87	2	25	3	25	4	14
0	92	1	87	2	36	3	4	4	98
0	4	1	73	2	82	3	63	4	50
0	41	1	15	2	42	3	69	4	3
0	65	1	13	2	6	3	8	4	78
0	76	1	84	2	39	3	30	4	91
0	75	1	17	2	90	3	67	4	47
0	58	1	21	2	67	3	77	4	17
0	39	1	66	2	36	3	63	4	79
0	6	1	64	2	18	3	44	4	19
0	36	1	90	2	51	3	25	4	48
0	77	1	82	2	17	3	47	4	38
0	9	1	49	2	7	3	13	4	24
0	86	1	82	2	15	3	16	4	91
0	21	1	47	2	64	3	53	4	64
0	99	1	77	2	42	3	28	4	72
0	12	1	66	2	94	3	11	4	55
0	84	1	65	2	65	3	19	4	70
0	76	1	4	2	20	3	40	4	8
0	90	1	60	2	24	3	39	4	92
0	24	1	49	2	2	3	53	4	98
0	88	1	26	2	97	3	61	4	49
0	99	1	40	2	89	3	74	4	26
0	42	1	55	2	95	3	57	4	40
0	21	1	17	2	96	3	46	4	16
0	18	1	28	2	25	3	45	4	74
0	40	1	53	2	4	3	35	4	49
0	63	1	64	2	42	3	13	4	66
0	58	1	68	2	5	3	69	4	70
0	36	1	14	2	45	3	14	4	66
0	35	1	65	2	66	3	99	4	72
0	7	1	53	2	56	3	37	4	81
0	61	1	2	2	52	3	87	4	10
0	46	1	37	2	54	3	26	4	63
0	77	1	13	2	82	3	90	4	81
0	53	1	13	2	27	3	75	4	80
0	4	1	82	2	11	3	79	4	39
0	74	1	87	2	5	3	63	4	43
0	10	1	8	2	5	3	32	4	5
0	57	1	16	2	18	3	60	4	24
0	99	1	60	2	20	3	51	4	88
0	23	1	82	2	75	3	18	4	19
0	93	1	26	2	81	3	57	4	77
0	79	1	90	2	73	3	49	4	35
0	59	1	32	2	91	3	83	4	53
0	70	1	9	2	51	3	85	4	24
0	38	1	95	2	66	3	51	4	80
0	44	1	62	2	60	3	91	4	17
0	92	1	12	2	86	3	45	4	49
0	83	1	27	2	48	3	54	4	26
0	67	1	43	2	69	3	26	4	65
0	67	1	68	2	37	3	97	4	19
0	15	1	31	2	89	3	94	4	81
0	98	1	59	2	30	3	76	4	34
0	17	1	30	2	82	3	32	4	42
0	47	1	46	2	47	3	34	4	69
0	43	1	60	2	97	3	60	4	56
0	95	1	27	2	41	3	86	4	14
0	75	1	26	2	62	3	73	4	2
0	61	1	23	2	91	3	63	4	51
0	24	1	96	2	71	3	20	4	10
0	37	1	61	2	37	3	83	4	18
0	22	1	22	2	3	3	29	4	75
0	54	1	34	2	30	3	38	4	85
0	71	1	19	2	43	3	63	4	58
0	90	1	67	2	10	3	31	4	81
0	25	1	54	2	83	3	83	4	45
0	46	1	89	2	77	3	50	4	19
0	35	1	90	2	58	3	69	4	92
0	54	1	24	2	34	3	97	4	48
0	28	1	92	2	54	3	77	4	79
0	6	1	53	2	8	3	62	4	19
0	69	1	51	2	6	3	3	4	92
0	67	1	38	2	19	3	83	4	29
0	65	1	57	2	79	3	19	4	51
0	81	1	61	2	74	3	71	4	5
0	67	1	34	2	12	3	82	4	54
0	33	1	1	2	6	3	5	4	40
0	92	1	81	2	15	3	32	4	49
0	83	1	84	2	55	3	76	4	25
0	16	1	5	2	51	3	68	4	83
0	70	1	14	2	35	3	27	4	97
0	45	1	79	2	37	3	58	4	52
0	36	1	40	2	24	3	49	4	60
0	67	1	33	2	15	3	44	4	37
0	83	1	42	2	48	3	69	4	68
0	96	1	6	2	97	3	47	4	88
0	63	1	83	2	44	3	99	4	83
0	20	1	65	2	79	3	7	4	94
0	14	1	45	2	57	3	79	4	14
0	43	1	61	2	7	3	17	4	58
0	83	1	90	2	8	3	32	4	99
0	29	1	65	2	65	3	58	4	1
LBCmax: 1853
RELDUE
-1	1073	9	8
-1	1227	6	2
-1	1260	7	5
-1	1183	2	2
-1	1257	6	7
-1	1123	8	9
-1	1282	7	8
-1	1014	3	6
-1	1168	8	8
-1	1077	9	3
-1	933	2	4
-1	1124	6	8
-1	953	6	3
-1	1106	7	1
-1	1011	2	2
-1	1070	8	3
-1	1240	2	8
-1	1179	7	1
-1	1134	5	8
-1	1018	6	6
-1	1058	4	7
-1	1291	3	7
-1	1229	3	4
-1	1256	8	4
-1	945	5	2
-1	1196	8	3
-1	1206	3	6
-1	971	4	5
-1	927	2	8
-1	1130	6	5
-1	1127	7	2
-1	1295	1	4
-1	1005	8	6
-1	949	7	8
-1	1131	2	2
-1	1047	1	9
-1	1129	2	4
-1	1254	9	4
-1	1263	2	8
-1	1150	5	2
-1	1102	4	4
-1	1065	5	9
-1	1081	3	5
-1	1207	9	6
-1	1132	4	3
-1	1037	8	6
-1	1233	3	2
-1	1144	8	2
-1	957	7	9
-1	1150	9	7
-1	1088	6	9
-1	1286	3	3
-1	961	2	9
-1	1049	2	9
-1	1167	7	1
-1	1079	4	4
-1	1296	4	4
-1	929	1	4
-1	1163	6	1
-1	986	2	3
-1	1214	7	2
-1	1237	5	8
-1	1012	3	5
-1	963	7	1
-1	1248	5	7
-1	936	6	2
-1	1045	9	8
-1	930	6	5
-1	1273	2	3
-1	1262	8	4
-1	1239	4	9
-1	1284	9	4
-1	1214	8	5
-1	1281	3	8
-1	1214	2	5
-1	1291	6	6
-1	1136	8	6
-1	947	1	4
-1	1049	5	4
-1	1206	9	7
-1	1260	2	1
-1	987	5	9
-1	940	4	2
-1	1074	4	6
-1	968	8	6
-1	1138	3	4
-1	1259	3	7
-1	1253	8	7
-1	1079	3	1
-1	978	1	8
-1	1048	2	8
-1	1126	8	9
-1	1016	1	9
-1	1202	4	3
-1	1233	8	2
-1	1163	9	7
-1	978	3	2
-1	1043	2	3
-1	1257	4	9
-1	1122	9	6
DDW
1052	1094
1043	1411
1008	1512
1029	1337
1194	1320
1056	1190
1192	1372
994	1034
981	1355
1012	1142
905	961
1023	1225
896	1010
1062	1150
900	1122
984	1156
1178	1302
1049	1309
930	1338
926	1110
878	1238
1252	1330
1032	1426
1068	1444
822	1068
1064	1328
1182	1230
932	1010
825	1029
1006	1254
1048	1206
1191	1399
975	1035
854	1044
961	1301
953	1141
926	1332
1179	1329
1061	1465
954	1346
959	1245
990	1140
962	1200
1074	1340
1121	1143
923	1151
1110	1356
1110	1178
833	1081
954	1346
1066	1110
1055	1517
951	971
934	1164
980	1354
863	1295
1037	1555
883	975
930	1396
838	1134
1165	1263
1188	1286
901	1123
915	1011
998	1498
796	1076
972	1118
772	1088
1158	1388
1237	1287
1115	1363
1027	1541
1020	1408
1268	1294
1008	1420
1162	1420
1000	1272
890	1004
892	1206
1170	1242
1235	1285
790	1184
827	1053
924	1224
871	1065
1036	1240
1171	1347
1103	1403
928	1230
822	1134
943	1153
980	1272
955	1077
1178	1226
1060	1406
1058	1268
812	1144
970	1116
1119	1395
1055	1189
