HFSDDW
50	30	10
0	49	1	6	2	59	3	82	4	6	5	61	6	89	7	63	8	84	9	42
0	76	1	18	2	22	3	71	4	35	5	71	6	47	7	99	8	39	9	19
0	32	1	39	2	96	3	40	4	31	5	75	6	62	7	50	8	56	9	48
0	70	1	13	2	71	3	29	4	18	5	94	6	90	7	24	8	18	9	84
0	86	1	59	2	81	3	6	4	58	5	32	6	36	7	39	8	87	9	9
0	69	1	76	2	80	3	77	4	8	5	11	6	9	7	20	8	51	9	31
0	98	1	40	2	7	3	37	4	71	5	64	6	47	7	93	8	53	9	41
0	81	1	24	2	81	3	54	4	32	5	72	6	58	7	91	8	82	9	99
0	40	1	24	2	63	3	47	4	79	5	94	6	33	7	94	8	22	9	8
0	85	1	71	2	73	3	87	4	86	5	47	6	52	7	45	8	35	9	94
0	85	1	43	2	85	3	47	4	27	5	46	6	95	7	26	8	45	9	35
0	53	1	18	2	37	3	52	4	91	5	75	6	76	7	59	8	57	9	76
0	31	1	52	2	71	3	45	4	55	5	11	6	51	7	94	8	68	9	84
0	20	1	13	2	56	3	88	4	14	5	96	6	38	7	17	8	21	9	34
0	99	1	7	2	49	3	86	4	55	5	67	6	34	7	21	8	96	9	11
0	70	1	92	2	87	3	58	4	63	5	33	6	71	7	40	8	91	9	17
0	95	1	2	2	58	3	61	4	15	5	40	6	61	7	48	8	38	9	94
0	37	1	60	2	39	3	24	4	77	5	25	6	4	7	85	8	90	9	88
0	76	1	30	2	97	3	58	4	14	5	28	6	26	7	98	8	26	9	81
0	26	1	98	2	26	3	4	4	38	5	98	6	49	7	87	8	72	9	16
0	7	1	85	2	82	3	2	4	73	5	11	6	54	7	63	8	80	9	39
0	29	1	86	2	49	3	3	4	40	5	65	6	4	7	1	8	48	9	87
0	14	1	63	2	23	3	57	4	69	5	39	6	35	7	35	8	85	9	79
0	75	1	17	2	14	3	74	4	81	5	91	6	48	7	95	8	84	9	3
0	73	1	62	2	19	3	86	4	52	5	40	6	49	7	23	8	64	9	73
0	94	1	49	2	40	3	84	4	2	5	44	6	62	7	25	8	33	9	35
0	76	1	19	2	77	3	1	4	63	5	13	6	73	7	75	8	22	9	49
0	17	1	8	2	16	3	45	4	14	5	51	6	45	7	37	8	5	9	30
0	89	1	13	2	70	3	13	4	85	5	27	6	76	7	29	8	73	9	38
0	29	1	23	2	63	3	50	4	27	5	55	6	85	7	18	8	24	9	40
0	66	1	74	2	2	3	16	4	56	5	87	6	33	7	95	8	70	9	50
0	99	1	26	2	21	3	4	4	45	5	64	6	48	7	65	8	16	9	36
0	37	1	44	2	2	3	83	4	21	5	94	6	45	7	66	8	18	9	59
0	66	1	27	2	13	3	65	4	63	5	15	6	11	7	55	8	56	9	97
0	94	1	80	2	58	3	23	4	39	5	3	6	2	7	60	8	5	9	63
0	7	1	20	2	3	3	87	4	3	5	23	6	72	7	18	8	95	9	62
0	43	1	66	2	78	3	12	4	83	5	72	6	13	7	56	8	40	9	30
0	53	1	93	2	9	3	18	4	42	5	56	6	86	7	78	8	44	9	18
0	92	1	84	2	62	3	54	4	52	5	46	6	25	7	25	8	62	9	41
0	43	1	92	2	60	3	94	4	55	5	28	6	3	7	47	8	40	9	67
0	89	1	46	2	20	3	74	4	11	5	14	6	12	7	84	8	46	9	47
0	37	1	94	2	74	3	77	4	69	5	58	6	5	7	24	8	59	9	37
0	47	1	87	2	94	3	99	4	87	5	60	6	34	7	14	8	62	9	14
0	53	1	40	2	39	3	77	4	29	5	47	6	65	7	87	8	44	9	39
0	35	1	40	2	79	3	15	4	4	5	48	6	19	7	82	8	26	9	97
0	23	1	79	2	87	3	3	4	20	5	2	6	52	7	20	8	86	9	51
0	80	1	97	2	23	3	33	4	94	5	97	6	55	7	97	8	49	9	23
0	92	1	18	2	80	3	20	4	3	5	7	6	9	7	79	8	96	9	40
0	41	1	51	2	88	3	64	4	90	5	74	6	52	7	37	8	57	9	27
0	94	1	46	2	1	3	92	4	59	5	38	6	18	7	46	8	21	9	7
LBCmax: 1314
RELDUE
-1	902	3	6
-1	713	1	1
-1	745	6	7
-1	665	8	2
-1	671	7	6
-1	670	8	2
-1	919	1	4
-1	834	3	3
-1	920	2	4
-1	690	1	9
-1	901	2	3
-1	849	9	6
-1	719	5	6
-1	781	8	9
-1	682	8	1
-1	732	3	6
-1	680	1	3
-1	809	4	3
-1	767	6	6
-1	710	3	7
-1	776	4	1
-1	705	1	1
-1	762	9	6
-1	714	8	1
-1	731	2	1
-1	780	1	8
-1	700	5	9
-1	886	2	1
-1	817	6	5
-1	828	5	1
-1	891	9	8
-1	822	3	7
-1	811	4	3
-1	893	1	7
-1	779	9	9
-1	709	7	6
-1	703	1	3
-1	882	5	1
-1	812	2	9
-1	883	6	8
-1	853	8	8
-1	881	7	8
-1	754	1	4
-1	774	1	1
-1	747	2	3
-1	713	7	1
-1	715	1	3
-1	799	8	5
-1	877	8	4
-1	737	6	7
DDW
803	1001
706	720
738	752
625	705
624	718
596	744
763	1075
792	876
837	1003
669	711
730	1072
739	959
590	848
664	898
655	709
710	754
660	700
736	882
660	874
568	852
745	807
564	846
663	861
614	814
687	775
679	881
623	777
744	1028
727	907
662	994
846	936
699	945
754	868
732	1054
732	826
596	822
598	808
794	970
723	901
795	971
751	955
722	1040
648	860
619	929
680	814
706	720
679	751
743	855
859	895
641	833
