HFSDDW
100	15	5
0	25	1	88	2	5	3	62	4	33
0	42	1	25	2	79	3	22	4	46
0	42	1	38	2	66	3	17	4	51
0	55	1	76	2	17	3	89	4	91
0	48	1	23	2	1	3	75	4	59
0	48	1	63	2	67	3	78	4	30
0	31	1	74	2	13	3	78	4	96
0	75	1	70	2	3	3	9	4	99
0	97	1	99	2	59	3	93	4	15
0	47	1	63	2	82	3	23	4	3
0	19	1	89	2	24	3	63	4	83
0	2	1	87	2	29	3	4	4	85
0	78	1	58	2	2	3	91	4	15
0	68	1	25	2	87	3	20	4	76
0	85	1	74	2	9	3	89	4	93
0	49	1	63	2	8	3	61	4	12
0	84	1	81	2	44	3	75	4	11
0	42	1	50	2	50	3	94	4	94
0	87	1	41	2	99	3	24	4	22
0	40	1	98	2	68	3	79	4	47
0	23	1	76	2	62	3	47	4	18
0	45	1	81	2	35	3	70	4	35
0	39	1	80	2	68	3	91	4	1
0	97	1	14	2	27	3	80	4	72
0	18	1	75	2	93	3	25	4	88
0	44	1	74	2	84	3	68	4	53
0	50	1	95	2	29	3	14	4	89
0	9	1	19	2	97	3	57	4	66
0	61	1	16	2	79	3	59	4	56
0	8	1	73	2	8	3	23	4	24
0	27	1	72	2	87	3	7	4	29
0	47	1	83	2	38	3	59	4	74
0	70	1	96	2	66	3	17	4	84
0	43	1	51	2	54	3	3	4	92
0	79	1	16	2	69	3	15	4	12
0	3	1	95	2	34	3	68	4	80
0	70	1	66	2	62	3	44	4	27
0	78	1	9	2	22	3	85	4	42
0	26	1	81	2	39	3	83	4	95
0	64	1	49	2	63	3	74	4	14
0	56	1	19	2	6	3	31	4	45
0	11	1	3	2	72	3	95	4	26
0	52	1	49	2	69	3	78	4	4
0	5	1	35	2	22	3	89	4	7
0	34	1	29	2	69	3	61	4	66
0	97	1	77	2	86	3	19	4	47
0	54	1	32	2	59	3	54	4	24
0	52	1	61	2	31	3	99	4	16
0	76	1	36	2	27	3	59	4	89
0	76	1	12	2	60	3	79	4	91
0	30	1	27	2	73	3	68	4	79
0	28	1	50	2	44	3	64	4	47
0	33	1	16	2	53	3	48	4	72
0	20	1	90	2	16	3	54	4	52
0	43	1	4	2	23	3	74	4	30
0	98	1	3	2	10	3	71	4	90
0	86	1	18	2	7	3	28	4	18
0	27	1	59	2	90	3	75	4	96
0	2	1	17	2	66	3	52	4	83
0	60	1	83	2	78	3	87	4	70
0	85	1	96	2	6	3	28	4	49
0	26	1	5	2	99	3	38	4	81
0	25	1	40	2	73	3	74	4	60
0	16	1	9	2	26	3	31	4	45
0	61	1	1	2	40	3	58	4	50
0	26	1	38	2	70	3	90	4	69
0	15	1	24	2	23	3	2	4	5
0	90	1	12	2	79	3	79	4	91
0	23	1	59	2	52	3	93	4	71
0	62	1	44	2	92	3	91	4	67
0	52	1	58	2	48	3	42	4	9
0	85	1	56	2	48	3	78	4	23
0	88	1	34	2	9	3	68	4	66
0	2	1	17	2	71	3	70	4	70
0	4	1	30	2	46	3	40	4	22
0	2	1	48	2	47	3	86	4	87
0	82	1	46	2	78	3	24	4	18
0	57	1	76	2	81	3	92	4	19
0	35	1	64	2	1	3	57	4	4
0	89	1	51	2	83	3	27	4	70
0	45	1	73	2	22	3	22	4	63
0	22	1	12	2	8	3	20	4	8
0	38	1	9	2	61	3	90	4	41
0	43	1	55	2	85	3	51	4	10
0	26	1	36	2	78	3	52	4	36
0	40	1	29	2	89	3	37	4	33
0	50	1	64	2	21	3	17	4	43
0	9	1	24	2	57	3	60	4	95
0	46	1	68	2	61	3	84	4	81
0	26	1	3	2	10	3	16	4	60
0	34	1	65	2	33	3	18	4	44
0	9	1	94	2	70	3	86	4	23
0	93	1	22	2	71	3	87	4	58
0	73	1	88	2	45	3	48	4	32
0	19	1	98	2	26	3	55	4	63
0	58	1	75	2	93	3	70	4	10
0	38	1	19	2	73	3	76	4	98
0	85	1	32	2	3	3	73	4	34
0	15	1	54	2	71	3	37	4	3
0	24	1	96	2	74	3	27	4	8
LBCmax: 1923
RELDUE
-1	1103	8	2
-1	1184	9	5
-1	1201	1	2
-1	1286	4	6
-1	1120	3	8
-1	1100	2	1
-1	1114	4	6
-1	1258	6	7
-1	1169	2	9
-1	1293	5	6
-1	1091	2	3
-1	965	4	8
-1	1344	2	1
-1	1254	4	1
-1	1290	7	4
-1	1246	6	1
-1	1146	3	5
-1	1327	3	9
-1	1303	4	9
-1	1241	2	5
-1	1119	2	6
-1	1291	8	2
-1	1238	1	9
-1	1014	7	6
-1	1028	9	7
-1	1212	8	3
-1	1066	8	9
-1	1303	5	5
-1	1164	7	1
-1	1112	4	1
-1	1197	8	4
-1	965	8	9
-1	1216	3	2
-1	1203	7	8
-1	1242	4	7
-1	1269	4	2
-1	1179	8	1
-1	1306	5	6
-1	1095	4	3
-1	1201	7	2
-1	1134	4	7
-1	1172	1	9
-1	1150	5	3
-1	1295	2	3
-1	961	9	7
-1	1011	2	3
-1	1170	6	2
-1	1326	6	8
-1	1159	7	9
-1	1070	9	9
-1	1254	2	8
-1	966	3	2
-1	1288	4	6
-1	1171	4	7
-1	1218	5	9
-1	1159	2	5
-1	1292	4	2
-1	1148	6	1
-1	1218	3	8
-1	1255	4	9
-1	995	9	5
-1	1158	9	6
-1	1055	6	1
-1	1018	6	7
-1	1056	4	7
-1	1086	8	5
-1	1095	4	8
-1	1102	1	5
-1	972	5	8
-1	981	5	9
-1	1028	8	4
-1	1187	7	1
-1	1193	5	6
-1	1063	9	4
-1	1068	5	6
-1	1294	5	8
-1	1102	5	9
-1	1289	1	6
-1	1013	9	6
-1	977	6	4
-1	1003	9	7
-1	1086	4	8
-1	1105	1	7
-1	1055	2	5
-1	1204	2	2
-1	1191	5	5
-1	1023	4	4
-1	1006	2	5
-1	1331	7	9
-1	1044	2	9
-1	1323	1	3
-1	991	3	8
-1	1048	2	1
-1	1187	9	4
-1	1166	8	4
-1	1323	6	9
-1	1078	2	2
-1	1093	1	2
-1	1200	1	9
-1	1221	9	8
DDW
1048	1158
1125	1243
1165	1237
1235	1337
1109	1131
1089	1111
1058	1170
1245	1271
1075	1263
1215	1371
993	1189
868	1062
1277	1411
1154	1354
1251	1329
1159	1333
1089	1203
1247	1407
1212	1394
1229	1253
1029	1209
1188	1394
1139	1337
933	1095
966	1090
1139	1285
1034	1098
1277	1329
1106	1222
1101	1123
1137	1257
878	1052
1094	1338
1155	1251
1180	1304
1180	1358
1061	1297
1175	1437
1007	1183
1165	1237
1066	1202
1067	1277
1070	1230
1256	1334
903	1019
940	1082
1112	1228
1260	1392
1055	1263
1027	1113
1154	1354
908	1024
1236	1340
1066	1276
1206	1230
1066	1252
1202	1382
1079	1217
1108	1328
1192	1318
915	1075
1112	1204
981	1129
947	1089
1035	1077
1075	1097
1084	1106
1080	1124
943	1001
912	1050
946	1110
1128	1246
1098	1288
1010	1116
1004	1132
1165	1423
1091	1113
1225	1353
983	1043
889	1065
983	1023
999	1173
1072	1138
1044	1066
1156	1252
1084	1298
972	1074
996	1016
1291	1371
960	1128
1310	1336
941	1041
1038	1058
1140	1234
1108	1224
1297	1349
1056	1100
984	1202
1176	1224
1160	1282
