HFSDDW
50	25	5
0	84	1	71	2	49	3	32	4	14
0	45	1	98	2	63	3	68	4	8
0	46	1	66	2	75	3	86	4	66
0	80	1	58	2	60	3	36	4	72
0	17	1	60	2	96	3	60	4	94
0	2	1	70	2	84	3	13	4	53
0	34	1	79	2	33	3	49	4	6
0	7	1	61	2	47	3	7	4	46
0	63	1	3	2	71	3	10	4	54
0	69	1	17	2	90	3	59	4	96
0	31	1	78	2	5	3	33	4	76
0	24	1	74	2	89	3	37	4	12
0	74	1	14	2	50	3	15	4	73
0	66	1	33	2	26	3	80	4	59
0	20	1	11	2	53	3	90	4	9
0	15	1	89	2	87	3	6	4	26
0	85	1	80	2	25	3	17	4	23
0	55	1	75	2	1	3	73	4	81
0	33	1	71	2	11	3	95	4	71
0	49	1	52	2	57	3	36	4	87
0	37	1	90	2	10	3	1	4	76
0	20	1	26	2	15	3	24	4	61
0	35	1	87	2	84	3	12	4	27
0	94	1	88	2	34	3	91	4	19
0	91	1	32	2	53	3	98	4	27
0	49	1	1	2	58	3	19	4	59
0	62	1	32	2	51	3	18	4	88
0	94	1	70	2	25	3	40	4	3
0	30	1	61	2	77	3	12	4	47
0	45	1	87	2	98	3	68	4	77
0	61	1	19	2	65	3	18	4	96
0	5	1	38	2	11	3	73	4	28
0	20	1	68	2	95	3	64	4	99
0	3	1	36	2	66	3	23	4	32
0	24	1	63	2	94	3	89	4	89
0	31	1	55	2	41	3	52	4	82
0	61	1	3	2	89	3	41	4	98
0	44	1	66	2	34	3	22	4	84
0	57	1	60	2	52	3	12	4	83
0	62	1	65	2	14	3	13	4	45
0	10	1	22	2	76	3	36	4	54
0	97	1	25	2	76	3	28	4	66
0	50	1	96	2	59	3	91	4	67
0	17	1	78	2	54	3	65	4	55
0	36	1	2	2	44	3	39	4	75
0	63	1	12	2	82	3	7	4	28
0	65	1	41	2	29	3	8	4	73
0	40	1	27	2	53	3	87	4	1
0	20	1	90	2	7	3	56	4	34
0	60	1	2	2	61	3	45	4	66
LBCmax: 670
RELDUE
-1	760	9	5
-1	273	4	2
-1	522	7	6
-1	586	4	8
-1	258	2	6
-1	250	2	9
-1	720	3	5
-1	451	3	4
-1	610	1	3
-1	805	6	5
-1	777	2	9
-1	482	5	5
-1	670	6	1
-1	204	3	7
-1	206	5	6
-1	260	3	9
-1	653	4	8
-1	548	3	2
-1	322	1	2
-1	382	6	8
-1	809	1	1
-1	369	5	4
-1	648	5	7
-1	634	6	5
-1	437	7	8
-1	506	7	9
-1	842	5	1
-1	794	1	9
-1	228	9	9
-1	302	5	7
-1	619	3	7
-1	540	4	6
-1	451	4	2
-1	468	5	5
-1	496	3	2
-1	566	3	8
-1	825	6	7
-1	680	4	1
-1	861	5	2
-1	640	9	9
-1	618	5	8
-1	798	9	7
-1	819	8	4
-1	855	4	3
-1	301	7	3
-1	722	2	2
-1	338	6	9
-1	239	6	4
-1	569	7	8
-1	371	9	3
DDW
745	775
270	276
506	538
551	621
243	273
228	272
698	742
415	487
561	659
797	813
730	824
443	521
603	737
190	218
200	212
250	270
601	705
510	586
296	348
378	386
736	882
354	384
590	706
571	697
393	481
496	516
825	859
730	858
223	233
299	305
594	644
502	578
437	465
435	501
456	536
538	594
767	883
646	714
844	878
576	704
606	630
742	854
770	868
795	915
277	325
693	751
328	348
237	241
529	609
360	382
