HFSDDW
100	15	5
0	41	1	66	2	14	3	68	4	97
0	84	1	83	2	51	3	15	4	19
0	27	1	68	2	37	3	5	4	28
0	30	1	89	2	85	3	93	4	67
0	55	1	72	2	59	3	90	4	46
0	48	1	20	2	82	3	88	4	84
0	18	1	24	2	29	3	95	4	71
0	55	1	3	2	9	3	54	4	68
0	13	1	53	2	17	3	60	4	62
0	52	1	3	2	34	3	15	4	8
0	63	1	94	2	24	3	72	4	40
0	69	1	7	2	24	3	22	4	50
0	65	1	2	2	63	3	30	4	2
0	3	1	39	2	41	3	34	4	72
0	27	1	81	2	32	3	25	4	54
0	2	1	55	2	98	3	29	4	93
0	45	1	86	2	67	3	80	4	22
0	23	1	1	2	56	3	56	4	2
0	48	1	79	2	86	3	5	4	4
0	11	1	90	2	86	3	58	4	59
0	14	1	61	2	1	3	42	4	81
0	82	1	63	2	98	3	18	4	39
0	14	1	8	2	94	3	28	4	5
0	78	1	35	2	83	3	9	4	78
0	3	1	83	2	85	3	32	4	24
0	48	1	94	2	27	3	22	4	44
0	11	1	69	2	40	3	70	4	80
0	84	1	86	2	26	3	99	4	39
0	60	1	2	2	38	3	17	4	88
0	40	1	84	2	58	3	99	4	25
0	76	1	8	2	77	3	80	4	56
0	30	1	75	2	68	3	18	4	33
0	87	1	36	2	76	3	74	4	28
0	45	1	67	2	25	3	48	4	21
0	92	1	9	2	83	3	69	4	19
0	2	1	45	2	68	3	44	4	83
0	63	1	36	2	28	3	97	4	67
0	4	1	91	2	60	3	14	4	50
0	9	1	18	2	8	3	66	4	52
0	24	1	25	2	64	3	89	4	43
0	72	1	60	2	11	3	79	4	32
0	67	1	24	2	8	3	61	4	55
0	85	1	8	2	25	3	34	4	69
0	51	1	9	2	79	3	7	4	25
0	53	1	8	2	11	3	97	4	13
0	75	1	1	2	18	3	18	4	95
0	76	1	80	2	79	3	1	4	11
0	4	1	25	2	49	3	65	4	99
0	79	1	84	2	99	3	59	4	65
0	1	1	93	2	73	3	96	4	1
0	16	1	46	2	57	3	65	4	90
0	65	1	49	2	14	3	67	4	57
0	66	1	7	2	90	3	65	4	78
0	5	1	29	2	24	3	23	4	66
0	26	1	60	2	15	3	7	4	46
0	69	1	8	2	51	3	32	4	12
0	81	1	28	2	21	3	18	4	80
0	30	1	24	2	15	3	11	4	46
0	55	1	12	2	82	3	8	4	34
0	72	1	94	2	35	3	81	4	61
0	72	1	69	2	51	3	31	4	74
0	56	1	32	2	51	3	19	4	21
0	58	1	98	2	82	3	55	4	75
0	39	1	85	2	72	3	85	4	49
0	81	1	14	2	14	3	77	4	11
0	15	1	78	2	7	3	73	4	73
0	75	1	73	2	70	3	71	4	39
0	13	1	76	2	90	3	43	4	25
0	98	1	72	2	95	3	89	4	87
0	56	1	29	2	27	3	32	4	94
0	87	1	22	2	49	3	32	4	80
0	58	1	56	2	73	3	20	4	60
0	77	1	26	2	77	3	46	4	46
0	85	1	28	2	12	3	17	4	63
0	63	1	95	2	30	3	61	4	50
0	9	1	19	2	24	3	89	4	54
0	85	1	51	2	74	3	79	4	85
0	54	1	24	2	38	3	90	4	80
0	56	1	4	2	70	3	83	4	47
0	73	1	94	2	49	3	44	4	3
0	29	1	18	2	11	3	69	4	32
0	92	1	91	2	88	3	82	4	71
0	40	1	33	2	83	3	65	4	74
0	27	1	51	2	98	3	60	4	92
0	61	1	90	2	21	3	36	4	7
0	59	1	25	2	47	3	15	4	77
0	14	1	69	2	79	3	87	4	26
0	68	1	41	2	6	3	48	4	93
0	62	1	36	2	56	3	20	4	41
0	24	1	20	2	5	3	10	4	21
0	22	1	96	2	88	3	52	4	42
0	39	1	96	2	74	3	62	4	72
0	67	1	45	2	74	3	5	4	57
0	70	1	53	2	96	3	40	4	6
0	85	1	45	2	51	3	67	4	30
0	25	1	34	2	2	3	94	4	83
0	40	1	20	2	38	3	93	4	55
0	18	1	81	2	28	3	46	4	87
0	71	1	66	2	44	3	75	4	26
0	18	1	62	2	51	3	62	4	71
LBCmax: 1786
RELDUE
-1	1144	2	3
-1	977	1	3
-1	1127	8	4
-1	904	6	3
-1	1017	5	5
-1	1166	3	5
-1	1055	4	1
-1	969	8	4
-1	970	4	2
-1	952	1	7
-1	909	4	4
-1	1235	2	9
-1	1178	7	5
-1	1173	1	7
-1	1008	6	6
-1	1062	5	2
-1	918	5	1
-1	1179	4	1
-1	1068	4	1
-1	1035	7	6
-1	1211	2	5
-1	983	6	9
-1	1074	4	9
-1	1080	9	6
-1	1017	6	6
-1	961	6	6
-1	898	9	1
-1	1161	2	8
-1	1040	2	1
-1	937	5	4
-1	1118	3	8
-1	1188	7	8
-1	1033	1	1
-1	978	1	4
-1	939	7	8
-1	950	1	4
-1	1087	4	4
-1	1015	5	9
-1	1104	7	3
-1	1176	5	8
-1	1151	5	5
-1	1106	2	1
-1	915	1	8
-1	997	3	4
-1	1187	9	6
-1	1163	8	3
-1	1202	5	4
-1	1127	3	4
-1	1048	8	7
-1	1174	8	4
-1	930	8	6
-1	1186	8	8
-1	902	6	3
-1	972	2	5
-1	1186	5	3
-1	1054	1	9
-1	1154	5	7
-1	940	8	8
-1	1138	7	6
-1	948	8	2
-1	1161	7	6
-1	1145	4	1
-1	1180	9	7
-1	926	8	9
-1	1085	1	2
-1	972	2	1
-1	1094	4	2
-1	1093	9	9
-1	1126	6	4
-1	950	4	7
-1	1226	7	8
-1	1153	9	7
-1	968	6	9
-1	1143	8	7
-1	1135	6	5
-1	997	7	2
-1	961	8	7
-1	969	7	3
-1	1143	3	8
-1	1105	8	9
-1	1010	5	3
-1	1021	4	3
-1	1006	1	9
-1	1116	5	3
-1	899	8	8
-1	1182	2	3
-1	1179	3	2
-1	954	5	8
-1	1042	7	7
-1	1136	5	9
-1	1047	8	1
-1	1039	3	6
-1	1128	5	1
-1	1048	2	7
-1	907	5	7
-1	899	7	8
-1	1177	5	5
-1	1240	3	4
-1	1162	5	6
-1	1108	6	6
DDW
1041	1247
870	1084
902	1352
759	1049
936	1098
1073	1259
865	1245
814	1124
922	1018
790	1114
800	1018
1112	1358
1107	1249
962	1384
998	1018
977	1147
744	1092
990	1368
876	1260
1014	1056
1005	1417
816	1150
891	1257
1058	1102
966	1068
894	1028
754	1042
964	1358
863	1217
928	946
1040	1196
1164	1212
1002	1064
792	1164
826	1052
884	1016
1065	1109
893	1137
1049	1159
1152	1200
1116	1186
1006	1206
833	997
857	1137
1151	1223
1116	1210
1058	1346
969	1285
954	1142
963	1385
828	1032
1008	1364
767	1037
865	1079
1008	1364
917	1191
992	1316
761	1119
1001	1275
929	967
1022	1300
1134	1156
956	1404
880	972
976	1194
875	1069
1006	1182
1016	1170
1047	1205
808	1092
1140	1312
1072	1234
852	1084
960	1326
919	1351
907	1087
884	1038
930	1008
914	1372
1094	1116
858	1162
990	1052
926	1086
893	1339
800	998
1028	1336
1096	1262
840	1068
990	1094
920	1352
911	1183
997	1081
1117	1139
1017	1079
816	998
872	926
1059	1295
1178	1302
1116	1208
964	1252
