HFSDDW
100	25	5
0	28	1	37	2	78	3	96	4	62
0	51	1	47	2	65	3	67	4	66
0	22	1	80	2	56	3	40	4	67
0	3	1	72	2	15	3	17	4	25
0	66	1	99	2	10	3	46	4	34
0	3	1	64	2	37	3	63	4	84
0	21	1	22	2	54	3	14	4	70
0	18	1	74	2	82	3	43	4	66
0	97	1	98	2	86	3	4	4	82
0	57	1	69	2	32	3	3	4	82
0	92	1	22	2	74	3	90	4	64
0	28	1	27	2	33	3	63	4	59
0	86	1	11	2	3	3	83	4	46
0	1	1	27	2	42	3	70	4	49
0	28	1	90	2	72	3	50	4	27
0	67	1	14	2	6	3	63	4	77
0	34	1	33	2	34	3	81	4	92
0	99	1	47	2	64	3	50	4	42
0	90	1	42	2	20	3	83	4	80
0	87	1	96	2	4	3	58	4	82
0	30	1	27	2	62	3	54	4	54
0	2	1	49	2	25	3	63	4	96
0	15	1	21	2	69	3	86	4	26
0	54	1	77	2	21	3	91	4	46
0	53	1	63	2	92	3	28	4	58
0	85	1	71	2	89	3	70	4	39
0	71	1	10	2	48	3	81	4	47
0	8	1	70	2	80	3	27	4	90
0	50	1	23	2	1	3	53	4	28
0	69	1	73	2	33	3	57	4	27
0	11	1	75	2	13	3	12	4	30
0	67	1	34	2	35	3	95	4	68
0	31	1	60	2	54	3	24	4	26
0	5	1	73	2	87	3	39	4	19
0	83	1	96	2	94	3	1	4	96
0	30	1	62	2	39	3	1	4	88
0	12	1	38	2	32	3	44	4	29
0	96	1	97	2	37	3	51	4	79
0	73	1	35	2	85	3	58	4	60
0	89	1	69	2	76	3	28	4	23
0	96	1	85	2	94	3	39	4	43
0	14	1	81	2	12	3	15	4	1
0	5	1	95	2	35	3	7	4	56
0	92	1	29	2	11	3	95	4	29
0	7	1	37	2	37	3	59	4	46
0	48	1	12	2	36	3	41	4	7
0	60	1	86	2	12	3	77	4	92
0	27	1	44	2	92	3	1	4	16
0	15	1	85	2	22	3	51	4	75
0	78	1	1	2	78	3	3	4	67
0	61	1	58	2	81	3	98	4	17
0	60	1	49	2	35	3	93	4	94
0	3	1	45	2	71	3	8	4	40
0	19	1	83	2	58	3	15	4	30
0	49	1	36	2	10	3	79	4	14
0	21	1	15	2	86	3	84	4	68
0	48	1	33	2	34	3	74	4	46
0	3	1	6	2	13	3	61	4	32
0	77	1	9	2	99	3	7	4	14
0	70	1	15	2	14	3	11	4	57
0	94	1	43	2	64	3	72	4	18
0	25	1	48	2	2	3	84	4	95
0	45	1	63	2	51	3	26	4	47
0	69	1	12	2	96	3	61	4	38
0	14	1	71	2	97	3	82	4	53
0	40	1	37	2	4	3	66	4	44
0	6	1	2	2	75	3	28	4	73
0	6	1	69	2	61	3	56	4	22
0	54	1	4	2	28	3	65	4	86
0	15	1	58	2	73	3	60	4	44
0	58	1	19	2	52	3	73	4	43
0	24	1	45	2	82	3	19	4	77
0	87	1	44	2	36	3	41	4	89
0	44	1	87	2	23	3	52	4	41
0	1	1	50	2	40	3	40	4	83
0	10	1	43	2	32	3	95	4	38
0	82	1	63	2	44	3	22	4	86
0	87	1	49	2	3	3	84	4	50
0	60	1	87	2	42	3	78	4	35
0	10	1	68	2	87	3	76	4	43
0	28	1	35	2	22	3	19	4	44
0	8	1	78	2	13	3	89	4	34
0	80	1	14	2	86	3	81	4	95
0	24	1	1	2	14	3	54	4	2
0	95	1	84	2	39	3	3	4	81
0	14	1	9	2	62	3	5	4	73
0	41	1	56	2	55	3	53	4	11
0	47	1	42	2	26	3	78	4	79
0	10	1	37	2	13	3	51	4	70
0	46	1	1	2	61	3	83	4	11
0	10	1	55	2	34	3	74	4	48
0	43	1	96	2	20	3	37	4	31
0	99	1	17	2	8	3	16	4	92
0	25	1	58	2	34	3	70	4	48
0	82	1	75	2	36	3	75	4	92
0	59	1	71	2	87	3	32	4	35
0	13	1	47	2	78	3	94	4	64
0	86	1	23	2	81	3	6	4	68
0	50	1	23	2	88	3	47	4	80
0	93	1	29	2	97	3	58	4	46
LBCmax: 1166
RELDUE
-1	556	6	4
-1	506	3	6
-1	563	3	6
-1	431	6	3
-1	417	2	1
-1	430	3	3
-1	394	8	8
-1	487	5	5
-1	542	7	9
-1	558	4	4
-1	517	7	1
-1	371	6	2
-1	554	6	3
-1	354	8	5
-1	391	4	1
-1	473	4	6
-1	439	5	1
-1	381	9	9
-1	471	7	1
-1	363	4	8
-1	355	5	1
-1	530	6	4
-1	416	1	8
-1	355	8	3
-1	580	5	3
-1	489	6	1
-1	552	7	2
-1	556	3	6
-1	572	7	2
-1	582	9	9
-1	420	7	2
-1	524	8	2
-1	418	6	7
-1	552	7	7
-1	460	8	5
-1	457	8	7
-1	479	6	5
-1	451	9	6
-1	502	4	2
-1	419	2	8
-1	507	5	6
-1	498	1	1
-1	580	4	4
-1	387	8	4
-1	575	7	4
-1	445	2	5
-1	432	1	4
-1	552	2	4
-1	418	3	5
-1	413	7	4
-1	478	2	1
-1	385	5	9
-1	456	5	9
-1	473	5	3
-1	451	2	7
-1	375	2	6
-1	439	9	2
-1	558	5	2
-1	435	2	7
-1	512	7	3
-1	462	8	3
-1	422	1	4
-1	499	4	3
-1	544	6	2
-1	488	4	6
-1	577	4	9
-1	536	5	8
-1	351	7	4
-1	478	2	1
-1	517	5	4
-1	578	9	6
-1	571	3	1
-1	463	2	5
-1	401	6	9
-1	439	9	9
-1	440	3	5
-1	533	7	4
-1	379	5	8
-1	363	1	1
-1	484	5	3
-1	406	3	3
-1	583	8	5
-1	487	3	3
-1	508	2	2
-1	453	4	1
-1	384	9	1
-1	417	2	3
-1	529	4	2
-1	451	1	9
-1	434	3	9
-1	368	7	7
-1	504	3	4
-1	366	4	9
-1	573	2	1
-1	540	3	8
-1	435	4	2
-1	583	6	3
-1	386	2	6
-1	483	8	7
-1	581	7	9
DDW
528	584
481	531
529	597
392	470
413	421
421	439
382	406
468	506
537	547
541	575
470	564
364	378
510	598
329	379
364	418
440	506
435	443
366	396
462	480
348	378
351	359
525	535
379	453
334	376
539	621
445	533
524	580
500	612
555	589
535	629
403	437
503	545
410	426
535	569
437	483
443	471
469	489
428	474
477	527
411	427
472	542
458	538
574	586
383	391
569	581
432	458
415	449
497	607
389	447
392	434
445	511
366	404
429	483
449	497
410	492
360	390
413	465
502	614
426	444
502	522
425	499
405	439
489	509
528	560
439	537
542	612
482	590
330	372
468	488
496	538
543	613
537	605
417	509
361	441
404	474
427	453
528	538
345	413
345	381
460	508
382	430
548	618
468	506
467	549
444	462
346	422
384	450
487	571
433	469
425	443
339	397
494	514
355	377
556	590
513	567
418	452
548	618
355	417
478	488
546	616
