HFSDDW
50	15	5
0	64	1	55	2	45	3	42	4	94
0	94	1	62	2	3	3	74	4	67
0	46	1	55	2	47	3	66	4	87
0	97	1	19	2	10	3	13	4	96
0	23	1	29	2	35	3	12	4	80
0	67	1	87	2	24	3	55	4	59
0	89	1	8	2	67	3	8	4	69
0	66	1	61	2	29	3	92	4	33
0	34	1	15	2	97	3	57	4	34
0	87	1	31	2	19	3	98	4	83
0	75	1	43	2	90	3	1	4	35
0	35	1	20	2	33	3	62	4	27
0	8	1	38	2	47	3	15	4	77
0	38	1	88	2	39	3	97	4	21
0	36	1	90	2	18	3	79	4	62
0	8	1	31	2	78	3	78	4	92
0	37	1	69	2	26	3	72	4	83
0	47	1	17	2	66	3	73	4	34
0	46	1	29	2	66	3	65	4	26
0	96	1	68	2	82	3	80	4	95
0	99	1	91	2	22	3	77	4	47
0	85	1	25	2	11	3	39	4	27
0	4	1	42	2	55	3	70	4	90
0	38	1	12	2	75	3	32	4	30
0	22	1	22	2	66	3	63	4	74
0	8	1	24	2	53	3	54	4	65
0	40	1	48	2	97	3	82	4	93
0	45	1	47	2	49	3	25	4	98
0	22	1	6	2	28	3	46	4	31
0	5	1	74	2	96	3	74	4	87
0	84	1	92	2	51	3	50	4	74
0	77	1	25	2	59	3	3	4	40
0	61	1	72	2	57	3	73	4	87
0	55	1	45	2	72	3	77	4	45
0	91	1	63	2	51	3	33	4	9
0	16	1	94	2	21	3	33	4	70
0	33	1	28	2	78	3	66	4	81
0	47	1	97	2	47	3	8	4	16
0	21	1	88	2	46	3	85	4	38
0	49	1	48	2	54	3	59	4	75
0	60	1	2	2	20	3	29	4	96
0	21	1	42	2	18	3	42	4	58
0	83	1	4	2	27	3	33	4	7
0	33	1	94	2	91	3	92	4	40
0	58	1	97	2	64	3	61	4	25
0	3	1	18	2	66	3	95	4	60
0	68	1	40	2	62	3	57	4	11
0	32	1	9	2	50	3	69	4	60
0	6	1	79	2	6	3	50	4	33
0	17	1	62	2	14	3	78	4	5
LBCmax: 1045
RELDUE
-1	680	7	9
-1	695	9	1
-1	749	8	1
-1	300	4	3
-1	278	8	4
-1	756	7	3
-1	492	3	9
-1	712	5	9
-1	151	9	3
-1	1080	7	8
-1	136	6	9
-1	901	3	7
-1	344	8	7
-1	958	9	5
-1	1048	7	1
-1	551	3	7
-1	545	5	4
-1	827	3	5
-1	334	2	8
-1	885	1	9
-1	360	7	5
-1	568	6	1
-1	335	7	7
-1	439	2	5
-1	469	3	6
-1	934	4	3
-1	1063	5	8
-1	257	3	7
-1	405	6	2
-1	183	3	1
-1	535	2	8
-1	149	5	7
-1	1017	2	1
-1	1048	7	9
-1	152	6	1
-1	221	8	1
-1	926	3	8
-1	554	1	2
-1	528	4	3
-1	606	9	1
-1	1092	5	5
-1	628	2	2
-1	574	6	1
-1	900	2	7
-1	701	2	6
-1	405	8	9
-1	689	6	1
-1	355	8	8
-1	726	9	8
-1	1041	9	7
DDW
673	687
646	744
622	876
285	315
236	320
703	809
487	497
619	805
127	175
1048	1112
125	147
829	973
327	361
920	996
933	1163
485	617
469	621
761	893
324	344
858	912
299	421
460	676
281	389
430	448
450	488
757	1111
957	1169
247	267
401	409
178	188
508	562
131	167
936	1098
996	1100
150	154
210	232
796	1056
548	560
480	576
564	648
874	1310
553	703
459	689
891	909
666	736
364	446
586	792
323	387
646	806
989	1093
