HFSDDW
100	25	5
0	64	1	13	2	49	3	73	4	67
0	53	1	25	2	50	3	66	4	75
0	99	1	82	2	57	3	18	4	38
0	14	1	85	2	66	3	83	4	41
0	59	1	38	2	53	3	20	4	86
0	67	1	24	2	1	3	70	4	61
0	67	1	59	2	19	3	46	4	29
0	67	1	94	2	6	3	65	4	47
0	31	1	53	2	4	3	96	4	74
0	83	1	65	2	36	3	20	4	83
0	14	1	58	2	48	3	49	4	20
0	26	1	59	2	30	3	86	4	1
0	30	1	25	2	79	3	6	4	8
0	41	1	63	2	12	3	89	4	71
0	20	1	80	2	1	3	37	4	10
0	6	1	34	2	57	3	45	4	4
0	2	1	88	2	81	3	87	4	47
0	9	1	12	2	69	3	27	4	4
0	8	1	64	2	19	3	65	4	18
0	7	1	74	2	98	3	88	4	34
0	20	1	54	2	47	3	48	4	64
0	34	1	58	2	12	3	40	4	14
0	91	1	2	2	85	3	83	4	98
0	41	1	43	2	92	3	59	4	99
0	30	1	93	2	84	3	85	4	64
0	55	1	61	2	35	3	20	4	4
0	32	1	36	2	69	3	11	4	83
0	47	1	42	2	33	3	23	4	14
0	51	1	99	2	30	3	13	4	13
0	6	1	79	2	36	3	67	4	76
0	63	1	81	2	40	3	88	4	5
0	27	1	69	2	61	3	84	4	9
0	72	1	23	2	91	3	37	4	82
0	55	1	33	2	74	3	1	4	51
0	99	1	11	2	69	3	45	4	49
0	30	1	64	2	72	3	72	4	58
0	76	1	26	2	68	3	44	4	40
0	50	1	96	2	80	3	7	4	57
0	77	1	80	2	49	3	15	4	42
0	28	1	9	2	93	3	31	4	57
0	73	1	5	2	36	3	16	4	76
0	53	1	12	2	94	3	40	4	75
0	63	1	97	2	88	3	26	4	33
0	47	1	55	2	47	3	96	4	32
0	59	1	53	2	67	3	43	4	73
0	20	1	61	2	55	3	4	4	21
0	21	1	70	2	41	3	16	4	85
0	71	1	90	2	52	3	68	4	87
0	39	1	2	2	40	3	32	4	94
0	80	1	91	2	23	3	82	4	94
0	72	1	61	2	96	3	99	4	98
0	20	1	38	2	92	3	42	4	56
0	91	1	57	2	91	3	20	4	54
0	92	1	57	2	73	3	41	4	61
0	57	1	4	2	79	3	10	4	93
0	57	1	14	2	36	3	49	4	93
0	28	1	39	2	73	3	9	4	49
0	59	1	74	2	41	3	17	4	65
0	34	1	97	2	10	3	12	4	96
0	81	1	11	2	21	3	78	4	3
0	23	1	19	2	82	3	21	4	38
0	69	1	81	2	87	3	7	4	42
0	7	1	2	2	43	3	49	4	29
0	52	1	84	2	82	3	70	4	94
0	18	1	16	2	56	3	75	4	28
0	59	1	93	2	68	3	14	4	12
0	46	1	93	2	57	3	47	4	70
0	10	1	56	2	52	3	70	4	79
0	77	1	86	2	35	3	75	4	59
0	32	1	55	2	61	3	83	4	44
0	97	1	28	2	50	3	83	4	84
0	8	1	62	2	8	3	93	4	79
0	75	1	14	2	74	3	94	4	95
0	14	1	44	2	95	3	78	4	19
0	96	1	32	2	12	3	90	4	17
0	31	1	80	2	81	3	16	4	95
0	4	1	33	2	84	3	70	4	15
0	19	1	43	2	74	3	63	4	63
0	48	1	49	2	58	3	90	4	5
0	64	1	13	2	40	3	79	4	46
0	87	1	59	2	82	3	64	4	48
0	65	1	16	2	59	3	67	4	53
0	27	1	80	2	91	3	98	4	76
0	42	1	29	2	5	3	80	4	77
0	70	1	70	2	33	3	16	4	70
0	47	1	73	2	21	3	86	4	53
0	19	1	41	2	2	3	70	4	8
0	44	1	51	2	21	3	23	4	50
0	3	1	84	2	8	3	11	4	37
0	68	1	58	2	60	3	15	4	62
0	35	1	9	2	60	3	3	4	75
0	18	1	27	2	67	3	94	4	1
0	91	1	94	2	72	3	14	4	35
0	86	1	78	2	22	3	90	4	32
0	91	1	9	2	82	3	31	4	75
0	85	1	63	2	23	3	79	4	3
0	88	1	13	2	7	3	24	4	18
0	10	1	80	2	99	3	94	4	90
0	18	1	83	2	26	3	22	4	58
0	8	1	12	2	93	3	76	4	50
LBCmax: 1135
RELDUE
-1	1353	5	4
-1	755	6	5
-1	1140	5	5
-1	1283	7	9
-1	1145	1	9
-1	636	1	8
-1	644	1	6
-1	677	5	9
-1	655	2	6
-1	1359	2	1
-1	954	2	6
-1	392	7	7
-1	1342	2	6
-1	1381	1	1
-1	474	6	3
-1	1227	6	9
-1	1345	3	1
-1	895	5	7
-1	1431	9	1
-1	621	5	9
-1	406	4	8
-1	1243	8	9
-1	645	1	5
-1	1468	6	8
-1	505	4	5
-1	432	1	3
-1	1281	9	8
-1	1024	4	9
-1	1156	6	8
-1	1105	3	8
-1	1180	4	6
-1	1133	4	8
-1	867	3	1
-1	665	5	9
-1	491	2	7
-1	934	1	2
-1	824	2	2
-1	604	6	3
-1	940	7	8
-1	1382	7	6
-1	1282	1	2
-1	915	6	1
-1	1149	3	4
-1	393	9	5
-1	756	7	6
-1	483	2	2
-1	1421	7	6
-1	729	5	8
-1	450	4	1
-1	1253	7	9
-1	555	1	6
-1	1054	7	7
-1	1443	5	8
-1	919	1	8
-1	843	3	1
-1	450	2	8
-1	450	1	7
-1	1147	8	2
-1	1117	9	4
-1	1053	6	9
-1	831	1	1
-1	1095	3	6
-1	996	5	9
-1	1026	5	5
-1	519	6	7
-1	1296	8	7
-1	1001	2	7
-1	1016	6	4
-1	1229	5	9
-1	1016	5	4
-1	742	3	2
-1	1080	3	6
-1	1430	4	4
-1	389	1	9
-1	815	8	3
-1	966	8	1
-1	433	4	7
-1	591	9	9
-1	1052	4	1
-1	362	2	6
-1	487	4	5
-1	891	2	5
-1	914	2	4
-1	1379	7	4
-1	889	1	5
-1	466	7	9
-1	1166	8	2
-1	1423	6	8
-1	1297	8	7
-1	381	2	2
-1	824	8	5
-1	1152	7	4
-1	963	9	8
-1	1363	3	4
-1	890	8	6
-1	526	9	5
-1	1395	8	9
-1	462	1	7
-1	1350	1	8
-1	935	4	9
DDW
1258	1448
702	808
1037	1243
1219	1347
1065	1225
572	700
625	663
657	697
642	668
1345	1373
935	973
365	419
1221	1463
1243	1519
436	512
1117	1337
1224	1466
823	967
1345	1517
590	652
398	414
1193	1293
606	684
1395	1541
480	530
419	445
1255	1307
922	1126
1133	1179
1006	1204
1074	1286
1122	1144
832	902
645	685
466	516
906	962
766	882
586	622
865	1015
1244	1520
1205	1359
906	924
1115	1183
362	424
711	801
464	502
1322	1520
656	802
441	459
1215	1291
500	610
1022	1086
1400	1486
827	1011
767	919
432	468
441	459
1090	1204
1005	1229
1011	1095
765	897
1062	1128
986	1006
995	1057
509	529
1270	1322
961	1041
945	1087
1168	1290
955	1077
727	757
1015	1145
1416	1444
366	412
742	888
956	976
424	442
544	638
947	1157
355	369
453	521
864	918
841	987
1241	1517
800	978
433	499
1061	1271
1366	1480
1245	1349
373	389
816	832
1117	1187
924	1002
1308	1418
872	908
510	542
1256	1534
416	508
1269	1431
898	972
