HFSDDW
100	15	5
0	43	1	10	2	41	3	69	4	89
0	52	1	77	2	78	3	30	4	16
0	49	1	48	2	18	3	43	4	73
0	28	1	2	2	65	3	31	4	2
0	30	1	79	2	75	3	45	4	36
0	42	1	41	2	79	3	92	4	21
0	91	1	49	2	33	3	93	4	6
0	9	1	85	2	76	3	97	4	55
0	67	1	29	2	23	3	61	4	42
0	28	1	33	2	98	3	71	4	8
0	74	1	83	2	40	3	54	4	37
0	63	1	34	2	96	3	33	4	48
0	11	1	97	2	85	3	10	4	24
0	99	1	15	2	24	3	37	4	65
0	43	1	25	2	67	3	75	4	34
0	2	1	56	2	14	3	3	4	8
0	10	1	43	2	9	3	85	4	47
0	8	1	10	2	79	3	57	4	42
0	74	1	88	2	44	3	49	4	44
0	69	1	43	2	14	3	37	4	43
0	14	1	9	2	61	3	7	4	64
0	49	1	16	2	64	3	20	4	35
0	7	1	21	2	93	3	25	4	39
0	68	1	89	2	1	3	62	4	17
0	89	1	36	2	66	3	94	4	90
0	54	1	81	2	19	3	32	4	65
0	58	1	43	2	76	3	60	4	94
0	1	1	81	2	2	3	21	4	98
0	92	1	45	2	59	3	23	4	36
0	54	1	95	2	19	3	11	4	75
0	80	1	43	2	52	3	21	4	53
0	77	1	42	2	66	3	17	4	11
0	67	1	97	2	33	3	55	4	76
0	64	1	44	2	34	3	31	4	38
0	86	1	87	2	80	3	63	4	25
0	45	1	77	2	44	3	59	4	36
0	59	1	63	2	8	3	57	4	84
0	16	1	91	2	56	3	7	4	18
0	58	1	16	2	85	3	10	4	31
0	94	1	13	2	4	3	46	4	71
0	11	1	62	2	88	3	72	4	88
0	92	1	63	2	88	3	96	4	9
0	99	1	97	2	8	3	80	4	52
0	5	1	89	2	75	3	70	4	60
0	73	1	88	2	28	3	13	4	80
0	71	1	3	2	70	3	32	4	30
0	33	1	74	2	98	3	87	4	26
0	97	1	75	2	35	3	68	4	92
0	53	1	3	2	59	3	98	4	18
0	60	1	9	2	6	3	58	4	27
0	6	1	37	2	33	3	85	4	98
0	22	1	34	2	75	3	92	4	17
0	90	1	93	2	56	3	67	4	75
0	26	1	99	2	20	3	54	4	55
0	29	1	55	2	8	3	78	4	8
0	70	1	29	2	29	3	94	4	20
0	63	1	96	2	12	3	5	4	25
0	96	1	41	2	13	3	89	4	4
0	63	1	99	2	42	3	52	4	3
0	60	1	47	2	92	3	23	4	92
0	60	1	88	2	51	3	4	4	98
0	50	1	29	2	55	3	78	4	29
0	93	1	6	2	80	3	73	4	54
0	93	1	81	2	51	3	43	4	78
0	85	1	87	2	31	3	50	4	91
0	29	1	13	2	56	3	76	4	47
0	24	1	37	2	6	3	3	4	59
0	74	1	46	2	8	3	7	4	74
0	67	1	86	2	34	3	60	4	11
0	58	1	20	2	69	3	98	4	10
0	78	1	95	2	49	3	45	4	8
0	73	1	58	2	1	3	12	4	69
0	38	1	73	2	78	3	31	4	6
0	56	1	99	2	78	3	14	4	79
0	47	1	74	2	44	3	69	4	12
0	98	1	53	2	70	3	39	4	34
0	10	1	44	2	57	3	67	4	68
0	28	1	88	2	61	3	95	4	85
0	16	1	45	2	95	3	38	4	37
0	93	1	8	2	3	3	55	4	55
0	58	1	41	2	55	3	19	4	62
0	5	1	51	2	80	3	33	4	9
0	20	1	88	2	61	3	78	4	59
0	94	1	17	2	12	3	63	4	77
0	68	1	38	2	82	3	29	4	63
0	3	1	78	2	7	3	33	4	18
0	91	1	51	2	15	3	84	4	76
0	68	1	88	2	39	3	5	4	63
0	77	1	8	2	28	3	87	4	66
0	28	1	83	2	18	3	79	4	42
0	77	1	95	2	40	3	77	4	86
0	21	1	59	2	27	3	55	4	59
0	27	1	45	2	48	3	16	4	17
0	69	1	73	2	77	3	3	4	90
0	6	1	77	2	8	3	99	4	1
0	60	1	10	2	95	3	62	4	36
0	20	1	61	2	28	3	90	4	40
0	96	1	11	2	38	3	97	4	55
0	10	1	62	2	83	3	46	4	37
0	32	1	60	2	13	3	70	4	96
LBCmax: 1866
RELDUE
-1	819	1	9
-1	0	3	8
-1	98	5	4
-1	1463	9	1
-1	497	4	5
-1	1678	4	2
-1	1462	7	7
-1	565	5	7
-1	1250	7	8
-1	306	5	3
-1	9	5	6
-1	991	7	7
-1	1013	4	4
-1	174	5	4
-1	557	9	3
-1	1037	9	3
-1	138	6	7
-1	894	3	5
-1	1212	1	7
-1	202	4	2
-1	906	1	6
-1	479	4	8
-1	1291	2	7
-1	684	1	6
-1	1319	2	6
-1	633	1	1
-1	1572	9	2
-1	961	7	5
-1	978	3	5
-1	1086	4	1
-1	0	8	5
-1	1622	1	1
-1	284	5	2
-1	1041	6	9
-1	1347	5	9
-1	58	7	9
-1	663	5	4
-1	538	3	9
-1	807	3	9
-1	568	5	7
-1	0	3	9
-1	1128	3	4
-1	946	3	9
-1	1145	3	5
-1	652	9	8
-1	685	2	5
-1	1631	4	3
-1	1005	3	5
-1	0	5	4
-1	1147	3	1
-1	89	1	2
-1	0	1	2
-1	520	8	2
-1	735	6	6
-1	522	9	8
-1	153	3	4
-1	317	1	6
-1	1094	7	9
-1	0	3	6
-1	1544	8	6
-1	0	9	2
-1	314	1	7
-1	1267	8	2
-1	0	6	2
-1	298	1	8
-1	66	5	8
-1	519	7	5
-1	1652	6	2
-1	506	8	2
-1	312	5	1
-1	186	3	7
-1	1280	5	2
-1	0	5	8
-1	457	5	7
-1	60	6	3
-1	1458	3	8
-1	1212	5	6
-1	0	1	9
-1	0	1	4
-1	447	4	6
-1	682	6	4
-1	379	5	2
-1	854	3	4
-1	1510	6	5
-1	810	1	6
-1	1651	2	1
-1	915	1	7
-1	1229	3	3
-1	332	6	8
-1	1007	2	9
-1	1421	7	8
-1	1249	6	8
-1	394	5	6
-1	943	3	1
-1	462	5	6
-1	1321	1	4
-1	1540	7	8
-1	783	5	9
-1	659	2	4
-1	398	8	2
DDW
803	835
0	0
90	106
1317	1609
487	507
1644	1712
1345	1579
514	616
1212	1288
278	334
9	9
961	1021
983	1043
165	183
501	613
954	1120
126	150
831	957
1139	1285
186	218
897	915
450	508
1278	1304
657	711
1253	1385
582	684
1509	1635
932	990
949	1007
1032	1140
0	0
1590	1654
281	287
1031	1051
1239	1455
53	63
656	670
500	576
751	863
545	591
0	0
1060	1196
861	1031
1065	1225
632	672
623	747
1582	1680
965	1045
0	0
1055	1239
87	91
0	0
473	567
720	750
517	527
142	164
285	349
1050	1138
0	0
1482	1606
0	0
295	333
1191	1343
0	0
274	322
64	68
509	529
1602	1702
471	541
303	321
173	199
1254	1306
0	0
443	471
54	66
1371	1545
1115	1309
0	0
0	0
416	478
641	723
341	417
820	888
1419	1601
778	842
1552	1750
878	952
1106	1352
299	365
987	1027
1307	1535
1149	1349
390	398
905	981
434	490
1281	1361
1386	1694
705	861
593	725
394	402
