HFSDDW
50	25	5
0	63	1	7	2	30	3	43	4	10
0	10	1	68	2	89	3	33	4	93
0	69	1	55	2	97	3	62	4	66
0	96	1	76	2	65	3	7	4	35
0	13	1	21	2	45	3	4	4	83
0	60	1	89	2	90	3	11	4	60
0	41	1	13	2	68	3	41	4	18
0	97	1	35	2	63	3	10	4	25
0	11	1	71	2	42	3	97	4	49
0	64	1	92	2	39	3	25	4	95
0	68	1	75	2	88	3	45	4	7
0	42	1	62	2	27	3	60	4	49
0	21	1	78	2	79	3	72	4	52
0	57	1	87	2	56	3	44	4	68
0	62	1	13	2	56	3	81	4	25
0	41	1	79	2	48	3	54	4	20
0	68	1	51	2	65	3	15	4	91
0	65	1	24	2	23	3	35	4	75
0	36	1	9	2	4	3	60	4	5
0	33	1	92	2	69	3	45	4	91
0	77	1	36	2	94	3	56	4	34
0	56	1	20	2	7	3	21	4	66
0	63	1	15	2	72	3	40	4	81
0	69	1	13	2	64	3	81	4	87
0	33	1	64	2	22	3	69	4	33
0	53	1	10	2	95	3	77	4	91
0	48	1	10	2	3	3	63	4	43
0	32	1	57	2	9	3	80	4	36
0	46	1	18	2	3	3	68	4	13
0	21	1	36	2	63	3	78	4	35
0	20	1	29	2	88	3	58	4	59
0	14	1	15	2	26	3	23	4	80
0	46	1	24	2	30	3	30	4	18
0	54	1	12	2	10	3	97	4	50
0	13	1	5	2	83	3	45	4	41
0	15	1	61	2	53	3	56	4	13
0	18	1	46	2	18	3	42	4	71
0	20	1	22	2	45	3	4	4	29
0	17	1	31	2	85	3	1	4	90
0	22	1	88	2	73	3	51	4	59
0	9	1	27	2	65	3	28	4	22
0	16	1	45	2	44	3	17	4	44
0	52	1	62	2	69	3	11	4	63
0	99	1	7	2	87	3	58	4	97
0	33	1	67	2	6	3	68	4	33
0	82	1	19	2	83	3	55	4	20
0	27	1	88	2	2	3	97	4	4
0	90	1	81	2	89	3	20	4	55
0	74	1	77	2	28	3	59	4	77
0	55	1	62	2	74	3	37	4	90
LBCmax: 607
RELDUE
-1	274	9	9
-1	187	7	6
-1	272	7	9
-1	504	4	2
-1	341	3	7
-1	436	1	7
-1	309	1	2
-1	772	2	5
-1	758	2	3
-1	425	9	9
-1	775	9	1
-1	560	1	5
-1	720	1	4
-1	774	2	8
-1	289	5	1
-1	569	6	1
-1	545	1	7
-1	616	8	3
-1	228	7	8
-1	623	9	1
-1	296	9	6
-1	284	2	9
-1	589	6	9
-1	201	8	8
-1	323	6	1
-1	514	9	6
-1	419	4	5
-1	467	3	8
-1	736	9	2
-1	656	6	4
-1	304	7	5
-1	449	6	2
-1	460	1	9
-1	575	7	3
-1	207	4	9
-1	339	7	4
-1	628	3	8
-1	478	9	3
-1	616	9	1
-1	555	8	1
-1	604	6	4
-1	691	3	4
-1	758	2	1
-1	669	7	6
-1	531	5	9
-1	257	4	6
-1	724	2	6
-1	367	3	5
-1	433	9	1
-1	264	9	6
DDW
258	290
168	206
248	296
428	580
321	361
379	493
287	331
695	849
682	834
344	506
628	922
454	666
670	770
689	859
243	335
529	609
518	572
585	647
226	230
611	635
281	311
275	293
501	677
185	217
287	359
488	540
402	436
397	537
648	824
584	728
283	325
364	534
451	469
546	604
172	242
332	346
502	754
421	535
598	634
494	616
519	689
656	726
743	773
589	749
520	542
231	283
688	760
316	418
364	502
211	317
