HFSDDW
100	25	5
0	14	1	7	2	28	3	90	4	71
0	78	1	70	2	55	3	73	4	55
0	22	1	66	2	6	3	96	4	35
0	96	1	38	2	86	3	5	4	26
0	3	1	83	2	24	3	59	4	52
0	23	1	56	2	21	3	99	4	37
0	12	1	35	2	69	3	55	4	13
0	38	1	85	2	18	3	24	4	43
0	46	1	5	2	47	3	88	4	93
0	33	1	20	2	30	3	7	4	36
0	30	1	59	2	67	3	91	4	99
0	31	1	83	2	69	3	38	4	49
0	22	1	49	2	56	3	37	4	44
0	87	1	96	2	50	3	84	4	97
0	11	1	20	2	63	3	61	4	80
0	97	1	37	2	36	3	65	4	20
0	3	1	27	2	15	3	63	4	7
0	52	1	67	2	77	3	56	4	82
0	55	1	17	2	79	3	74	4	21
0	96	1	48	2	11	3	45	4	6
0	36	1	69	2	46	3	9	4	25
0	11	1	96	2	6	3	12	4	2
0	94	1	47	2	4	3	19	4	46
0	95	1	35	2	92	3	31	4	91
0	21	1	19	2	94	3	2	4	43
0	93	1	41	2	89	3	40	4	84
0	50	1	27	2	91	3	60	4	84
0	34	1	80	2	6	3	39	4	96
0	56	1	61	2	66	3	55	4	88
0	8	1	14	2	61	3	28	4	26
0	62	1	55	2	80	3	53	4	85
0	17	1	75	2	44	3	66	4	31
0	69	1	8	2	65	3	28	4	51
0	67	1	56	2	43	3	35	4	13
0	15	1	29	2	54	3	34	4	36
0	59	1	53	2	39	3	14	4	35
0	80	1	79	2	61	3	15	4	22
0	94	1	47	2	38	3	74	4	67
0	59	1	37	2	40	3	8	4	27
0	49	1	95	2	39	3	4	4	21
0	51	1	70	2	27	3	16	4	11
0	33	1	1	2	46	3	18	4	27
0	64	1	36	2	30	3	32	4	50
0	90	1	46	2	51	3	6	4	57
0	21	1	19	2	68	3	67	4	53
0	78	1	89	2	47	3	8	4	86
0	63	1	14	2	36	3	93	4	84
0	11	1	53	2	45	3	5	4	89
0	93	1	1	2	20	3	48	4	3
0	24	1	8	2	9	3	57	4	37
0	3	1	45	2	33	3	47	4	99
0	33	1	2	2	59	3	63	4	33
0	44	1	54	2	38	3	32	4	63
0	50	1	1	2	36	3	47	4	40
0	37	1	2	2	47	3	17	4	63
0	21	1	98	2	21	3	65	4	30
0	71	1	81	2	89	3	71	4	83
0	18	1	80	2	88	3	94	4	51
0	10	1	94	2	82	3	71	4	45
0	40	1	63	2	88	3	85	4	52
0	23	1	71	2	61	3	18	4	99
0	2	1	98	2	17	3	84	4	78
0	35	1	81	2	93	3	33	4	62
0	63	1	65	2	66	3	48	4	46
0	70	1	12	2	41	3	96	4	30
0	42	1	19	2	75	3	71	4	24
0	57	1	10	2	35	3	13	4	7
0	99	1	21	2	72	3	72	4	81
0	19	1	64	2	5	3	16	4	17
0	29	1	1	2	49	3	10	4	82
0	74	1	96	2	41	3	39	4	82
0	12	1	30	2	64	3	87	4	57
0	83	1	24	2	45	3	60	4	22
0	25	1	46	2	81	3	27	4	62
0	43	1	93	2	94	3	66	4	27
0	6	1	7	2	25	3	79	4	2
0	42	1	69	2	65	3	89	4	49
0	60	1	69	2	96	3	30	4	95
0	69	1	56	2	84	3	15	4	98
0	95	1	19	2	44	3	94	4	91
0	83	1	20	2	23	3	48	4	40
0	81	1	3	2	74	3	13	4	76
0	5	1	6	2	85	3	86	4	16
0	14	1	58	2	55	3	12	4	61
0	56	1	49	2	51	3	31	4	92
0	86	1	9	2	80	3	68	4	31
0	87	1	63	2	31	3	87	4	18
0	22	1	46	2	18	3	50	4	67
0	58	1	94	2	83	3	54	4	90
0	64	1	71	2	97	3	98	4	84
0	38	1	63	2	33	3	33	4	36
0	34	1	68	2	91	3	55	4	53
0	73	1	23	2	6	3	82	4	89
0	42	1	74	2	97	3	68	4	93
0	68	1	40	2	6	3	44	4	4
0	61	1	66	2	97	3	41	4	29
0	16	1	11	2	81	3	84	4	92
0	24	1	30	2	97	3	52	4	84
0	54	1	54	2	63	3	96	4	94
0	35	1	89	2	2	3	64	4	49
LBCmax: 1157
RELDUE
-1	1018	4	4
-1	980	5	6
-1	878	5	3
-1	822	2	2
-1	847	9	6
-1	1036	1	6
-1	944	7	1
-1	1015	9	8
-1	878	1	2
-1	982	8	9
-1	966	5	1
-1	975	1	6
-1	928	8	4
-1	871	5	8
-1	896	2	8
-1	953	7	1
-1	906	9	5
-1	860	2	6
-1	1017	9	8
-1	963	6	5
-1	837	9	4
-1	987	4	8
-1	915	2	5
-1	1005	6	1
-1	902	7	9
-1	841	2	8
-1	988	2	8
-1	830	6	4
-1	925	4	8
-1	968	8	1
-1	978	7	3
-1	960	9	2
-1	886	9	1
-1	1023	7	3
-1	898	9	3
-1	908	8	2
-1	999	5	4
-1	985	1	2
-1	967	6	2
-1	1030	4	3
-1	961	8	5
-1	906	2	3
-1	967	7	8
-1	990	8	2
-1	848	9	7
-1	1001	3	1
-1	818	9	6
-1	894	7	6
-1	948	4	3
-1	884	9	2
-1	1027	8	4
-1	966	1	5
-1	837	1	9
-1	1037	3	8
-1	895	7	5
-1	840	7	3
-1	874	4	6
-1	914	3	2
-1	961	1	7
-1	816	4	2
-1	858	2	6
-1	924	4	2
-1	899	1	8
-1	952	2	9
-1	814	6	4
-1	816	7	4
-1	898	3	3
-1	947	4	5
-1	1014	4	7
-1	1029	2	7
-1	996	6	1
-1	962	4	4
-1	934	9	1
-1	1028	6	4
-1	811	4	5
-1	973	6	6
-1	830	8	7
-1	966	9	3
-1	967	1	8
-1	943	4	3
-1	833	8	3
-1	904	2	4
-1	923	7	4
-1	850	9	2
-1	983	2	7
-1	821	7	4
-1	933	5	7
-1	890	5	2
-1	937	2	9
-1	868	3	1
-1	843	2	7
-1	894	6	2
-1	834	8	1
-1	961	6	5
-1	982	3	2
-1	846	5	6
-1	816	3	9
-1	825	8	3
-1	986	8	1
-1	842	6	6
DDW
1008	1028
931	1029
852	904
764	880
779	915
1015	1057
925	963
1005	1025
852	904
903	1061
956	976
965	985
863	993
827	915
878	914
943	963
843	969
851	869
956	1078
896	1030
770	904
928	1046
833	997
995	1015
875	929
824	858
978	998
780	880
842	1008
939	997
939	1017
941	979
859	913
962	1084
889	907
844	972
939	1059
886	1084
928	1006
958	1102
865	1057
852	960
938	996
931	1049
840	856
961	1041
736	900
814	974
863	1033
804	964
955	1099
879	1053
795	879
1027	1047
806	984
790	890
822	926
896	932
923	999
759	873
849	867
869	979
872	926
942	962
773	855
734	898
817	979
938	956
963	1065
978	1080
936	1056
895	1029
859	1009
925	1131
754	868
944	1002
805	855
927	1005
957	977
849	1037
808	858
877	931
849	997
842	858
914	1052
780	862
868	998
863	917
871	1003
825	911
835	851
858	930
776	892
884	1038
923	1041
804	888
792	840
800	850
976	996
825	859
