HFSDDW
50	25	5
0	16	1	17	2	88	3	82	4	76
0	36	1	84	2	21	3	73	4	23
0	5	1	24	2	82	3	65	4	88
0	64	1	12	2	50	3	45	4	29
0	30	1	74	2	8	3	53	4	10
0	4	1	9	2	63	3	7	4	89
0	95	1	95	2	68	3	90	4	48
0	96	1	44	2	68	3	46	4	34
0	53	1	87	2	7	3	19	4	16
0	65	1	9	2	43	3	85	4	84
0	94	1	33	2	81	3	85	4	48
0	42	1	10	2	36	3	73	4	72
0	28	1	22	2	14	3	84	4	27
0	9	1	55	2	92	3	17	4	91
0	20	1	44	2	4	3	12	4	75
0	43	1	67	2	88	3	37	4	44
0	95	1	65	2	78	3	22	4	94
0	63	1	15	2	82	3	42	4	7
0	87	1	9	2	94	3	73	4	6
0	31	1	73	2	23	3	91	4	7
0	10	1	17	2	26	3	93	4	64
0	51	1	29	2	69	3	10	4	6
0	74	1	21	2	98	3	30	4	77
0	63	1	44	2	91	3	89	4	64
0	94	1	73	2	50	3	11	4	5
0	12	1	49	2	30	3	7	4	44
0	69	1	45	2	97	3	31	4	34
0	79	1	39	2	84	3	58	4	44
0	35	1	45	2	72	3	37	4	32
0	67	1	11	2	65	3	96	4	42
0	87	1	81	2	33	3	28	4	13
0	37	1	66	2	16	3	89	4	52
0	2	1	98	2	63	3	65	4	36
0	30	1	23	2	68	3	95	4	98
0	25	1	59	2	34	3	46	4	30
0	50	1	1	2	14	3	78	4	37
0	2	1	84	2	34	3	64	4	57
0	87	1	12	2	70	3	18	4	96
0	13	1	23	2	95	3	6	4	42
0	36	1	81	2	8	3	1	4	3
0	44	1	42	2	69	3	98	4	17
0	29	1	48	2	87	3	97	4	63
0	37	1	52	2	37	3	52	4	51
0	17	1	64	2	98	3	9	4	48
0	19	1	53	2	50	3	98	4	85
0	3	1	63	2	28	3	4	4	93
0	68	1	93	2	14	3	76	4	93
0	59	1	16	2	36	3	48	4	28
0	40	1	25	2	72	3	55	4	60
0	61	1	86	2	44	3	55	4	26
LBCmax: 610
RELDUE
-1	515	2	3
-1	528	8	6
-1	548	3	4
-1	491	3	2
-1	530	4	9
-1	538	1	9
-1	539	3	8
-1	513	9	5
-1	442	5	1
-1	445	8	1
-1	507	5	8
-1	452	7	6
-1	529	3	6
-1	432	1	2
-1	543	2	9
-1	480	5	2
-1	474	4	2
-1	501	1	9
-1	498	4	1
-1	539	5	8
-1	428	5	7
-1	462	2	1
-1	490	9	7
-1	525	2	4
-1	437	4	2
-1	542	7	4
-1	527	8	5
-1	544	7	4
-1	474	6	3
-1	457	4	7
-1	446	4	2
-1	450	1	5
-1	516	4	9
-1	523	6	1
-1	453	8	1
-1	532	2	4
-1	543	5	1
-1	501	5	7
-1	540	6	6
-1	430	6	5
-1	510	4	7
-1	482	8	1
-1	455	2	2
-1	467	3	8
-1	504	5	6
-1	450	3	1
-1	477	7	8
-1	509	4	4
-1	500	7	6
-1	447	6	9
DDW
500	530
523	533
493	603
462	520
525	535
500	576
442	636
431	595
354	530
356	534
421	593
366	538
455	603
354	510
510	576
413	547
446	502
401	601
458	538
512	566
372	484
388	536
431	549
494	556
367	507
531	553
453	601
473	615
412	536
443	471
357	535
360	540
511	521
455	591
412	494
489	575
516	570
441	561
432	648
353	507
479	541
429	535
373	537
411	523
423	585
410	490
439	515
422	596
435	565
380	514
