HFSDDW
100	30	10
0	79	1	76	2	67	3	19	4	64	5	10	6	95	7	66	8	76	9	38
0	74	1	84	2	1	3	43	4	67	5	30	6	71	7	30	8	70	9	87
0	8	1	86	2	52	3	53	4	90	5	76	6	35	7	24	8	47	9	35
0	79	1	98	2	48	3	29	4	79	5	95	6	45	7	9	8	27	9	56
0	74	1	94	2	68	3	57	4	34	5	59	6	78	7	69	8	12	9	57
0	2	1	67	2	81	3	42	4	40	5	92	6	24	7	14	8	28	9	87
0	75	1	71	2	20	3	42	4	59	5	75	6	36	7	71	8	63	9	72
0	84	1	63	2	3	3	14	4	13	5	14	6	19	7	95	8	20	9	32
0	98	1	66	2	12	3	90	4	33	5	13	6	18	7	7	8	89	9	86
0	71	1	31	2	80	3	39	4	80	5	4	6	74	7	27	8	98	9	59
0	23	1	7	2	6	3	40	4	72	5	38	6	64	7	67	8	29	9	26
0	74	1	29	2	94	3	95	4	89	5	10	6	59	7	30	8	9	9	46
0	58	1	30	2	82	3	76	4	2	5	53	6	83	7	64	8	34	9	10
0	40	1	91	2	97	3	61	4	10	5	91	6	60	7	72	8	18	9	94
0	49	1	50	2	77	3	64	4	12	5	43	6	37	7	84	8	49	9	70
0	44	1	45	2	19	3	52	4	2	5	93	6	25	7	29	8	39	9	20
0	55	1	99	2	34	3	19	4	85	5	83	6	31	7	34	8	86	9	98
0	50	1	87	2	13	3	14	4	97	5	8	6	52	7	19	8	64	9	59
0	17	1	98	2	15	3	63	4	66	5	95	6	73	7	46	8	59	9	17
0	66	1	31	2	34	3	97	4	40	5	49	6	16	7	58	8	78	9	29
0	12	1	3	2	97	3	51	4	21	5	56	6	32	7	5	8	54	9	93
0	41	1	7	2	64	3	80	4	3	5	57	6	85	7	71	8	53	9	90
0	10	1	85	2	74	3	70	4	33	5	19	6	53	7	15	8	74	9	49
0	91	1	93	2	41	3	36	4	47	5	14	6	1	7	64	8	42	9	10
0	63	1	69	2	91	3	66	4	75	5	60	6	67	7	54	8	94	9	82
0	63	1	45	2	6	3	87	4	20	5	27	6	28	7	28	8	19	9	3
0	3	1	18	2	30	3	5	4	2	5	47	6	66	7	29	8	33	9	88
0	56	1	22	2	30	3	43	4	28	5	41	6	93	7	9	8	94	9	72
0	52	1	99	2	20	3	91	4	85	5	47	6	88	7	53	8	16	9	20
0	86	1	73	2	46	3	39	4	7	5	45	6	39	7	87	8	65	9	28
0	94	1	38	2	21	3	6	4	27	5	42	6	16	7	62	8	60	9	78
0	34	1	20	2	33	3	46	4	51	5	4	6	98	7	38	8	20	9	54
0	59	1	13	2	13	3	13	4	3	5	83	6	75	7	90	8	37	9	82
0	2	1	7	2	43	3	67	4	78	5	14	6	79	7	14	8	65	9	44
0	32	1	26	2	92	3	38	4	86	5	66	6	40	7	99	8	88	9	4
0	47	1	1	2	67	3	11	4	69	5	81	6	25	7	8	8	4	9	43
0	66	1	26	2	26	3	78	4	76	5	28	6	76	7	66	8	67	9	37
0	24	1	84	2	73	3	75	4	23	5	34	6	20	7	75	8	27	9	37
0	43	1	75	2	2	3	33	4	36	5	2	6	39	7	33	8	97	9	97
0	89	1	71	2	11	3	22	4	77	5	7	6	99	7	15	8	61	9	59
0	89	1	74	2	33	3	51	4	79	5	62	6	28	7	92	8	88	9	36
0	61	1	50	2	81	3	66	4	1	5	90	6	24	7	93	8	42	9	75
0	89	1	44	2	68	3	70	4	48	5	53	6	74	7	51	8	98	9	16
0	34	1	6	2	15	3	68	4	47	5	68	6	43	7	51	8	53	9	73
0	73	1	46	2	45	3	62	4	36	5	39	6	90	7	44	8	22	9	86
0	83	1	7	2	72	3	85	4	69	5	46	6	7	7	62	8	4	9	27
0	88	1	77	2	93	3	72	4	2	5	56	6	36	7	13	8	20	9	33
0	47	1	73	2	40	3	69	4	2	5	43	6	98	7	6	8	35	9	9
0	62	1	30	2	30	3	12	4	33	5	28	6	33	7	29	8	98	9	1
0	62	1	81	2	47	3	27	4	85	5	96	6	53	7	73	8	61	9	80
0	4	1	77	2	24	3	89	4	40	5	10	6	66	7	4	8	84	9	27
0	47	1	1	2	27	3	94	4	65	5	58	6	47	7	82	8	39	9	73
0	24	1	8	2	15	3	20	4	70	5	66	6	26	7	14	8	84	9	5
0	90	1	26	2	44	3	55	4	5	5	84	6	7	7	40	8	72	9	24
0	62	1	29	2	44	3	72	4	53	5	61	6	54	7	53	8	62	9	27
0	50	1	70	2	35	3	88	4	57	5	96	6	63	7	5	8	19	9	74
0	84	1	53	2	19	3	80	4	37	5	22	6	57	7	72	8	89	9	80
0	52	1	7	2	11	3	15	4	12	5	94	6	63	7	43	8	66	9	10
0	12	1	73	2	51	3	57	4	55	5	20	6	90	7	56	8	97	9	8
0	22	1	2	2	22	3	98	4	39	5	9	6	11	7	64	8	35	9	32
0	4	1	82	2	63	3	82	4	75	5	43	6	60	7	20	8	76	9	63
0	34	1	21	2	39	3	9	4	62	5	12	6	2	7	62	8	25	9	17
0	31	1	1	2	74	3	81	4	58	5	50	6	85	7	12	8	76	9	4
0	83	1	98	2	8	3	35	4	6	5	29	6	10	7	69	8	81	9	13
0	59	1	71	2	79	3	35	4	74	5	2	6	63	7	13	8	36	9	28
0	7	1	48	2	39	3	19	4	1	5	4	6	8	7	81	8	24	9	26
0	58	1	48	2	44	3	73	4	79	5	35	6	13	7	5	8	4	9	33
0	2	1	33	2	80	3	13	4	57	5	60	6	21	7	39	8	8	9	57
0	87	1	72	2	76	3	48	4	96	5	36	6	60	7	89	8	34	9	3
0	22	1	29	2	45	3	56	4	55	5	12	6	28	7	7	8	56	9	40
0	88	1	59	2	10	3	3	4	27	5	74	6	68	7	27	8	61	9	41
0	82	1	68	2	74	3	67	4	39	5	85	6	72	7	95	8	77	9	44
0	75	1	24	2	70	3	2	4	12	5	73	6	87	7	24	8	58	9	46
0	32	1	15	2	83	3	67	4	68	5	28	6	63	7	73	8	22	9	23
0	67	1	34	2	28	3	93	4	21	5	54	6	54	7	78	8	18	9	69
0	39	1	32	2	30	3	13	4	65	5	64	6	89	7	9	8	91	9	53
0	87	1	44	2	68	3	15	4	9	5	67	6	85	7	7	8	98	9	11
0	23	1	98	2	74	3	54	4	76	5	42	6	96	7	76	8	81	9	58
0	20	1	10	2	7	3	89	4	7	5	1	6	85	7	70	8	3	9	5
0	39	1	54	2	82	3	69	4	36	5	23	6	65	7	14	8	85	9	53
0	69	1	47	2	79	3	8	4	47	5	41	6	58	7	75	8	37	9	24
0	68	1	13	2	28	3	34	4	34	5	77	6	38	7	79	8	8	9	8
0	81	1	15	2	4	3	94	4	71	5	68	6	16	7	6	8	19	9	53
0	76	1	82	2	90	3	28	4	88	5	72	6	30	7	98	8	42	9	66
0	43	1	11	2	34	3	79	4	36	5	26	6	27	7	49	8	35	9	58
0	85	1	86	2	6	3	77	4	71	5	54	6	44	7	84	8	36	9	78
0	25	1	52	2	56	3	83	4	47	5	85	6	23	7	99	8	45	9	62
0	48	1	39	2	37	3	41	4	65	5	71	6	80	7	25	8	59	9	45
0	41	1	67	2	70	3	61	4	68	5	90	6	77	7	14	8	56	9	35
0	29	1	46	2	63	3	63	4	42	5	90	6	55	7	51	8	33	9	51
0	4	1	28	2	5	3	73	4	11	5	46	6	49	7	64	8	12	9	1
0	73	1	19	2	26	3	90	4	38	5	57	6	82	7	94	8	16	9	57
0	8	1	9	2	43	3	10	4	34	5	2	6	76	7	74	8	99	9	75
0	17	1	30	2	91	3	9	4	42	5	14	6	63	7	97	8	51	9	22
0	42	1	13	2	2	3	56	4	61	5	10	6	21	7	72	8	26	9	85
0	9	1	60	2	35	3	76	4	43	5	94	6	84	7	94	8	40	9	9
0	69	1	75	2	65	3	37	4	84	5	43	6	27	7	18	8	49	9	24
0	94	1	84	2	43	3	93	4	15	5	94	6	8	7	87	8	49	9	25
0	81	1	5	2	48	3	14	4	67	5	56	6	94	7	16	8	65	9	47
0	30	1	68	2	58	3	43	4	52	5	66	6	48	7	64	8	72	9	18
LBCmax: 1981
RELDUE
-1	1570	5	1
-1	632	7	6
-1	870	1	6
-1	611	7	7
-1	1673	6	7
-1	872	2	2
-1	794	8	5
-1	1094	6	2
-1	1315	3	5
-1	1161	1	5
-1	1632	9	1
-1	1741	5	1
-1	1133	3	3
-1	775	4	7
-1	918	8	6
-1	1372	4	2
-1	913	2	3
-1	1200	1	9
-1	1430	2	2
-1	924	5	5
-1	1169	8	8
-1	725	2	8
-1	1209	6	1
-1	615	8	9
-1	1717	9	4
-1	898	9	1
-1	916	4	6
-1	599	2	4
-1	1078	6	7
-1	1172	4	8
-1	1152	2	1
-1	1105	8	9
-1	779	3	1
-1	963	1	5
-1	1096	4	7
-1	1521	9	2
-1	1558	9	5
-1	1149	7	2
-1	872	9	6
-1	1109	5	2
-1	1062	5	5
-1	1223	7	4
-1	1254	7	4
-1	806	7	5
-1	1305	1	6
-1	989	4	5
-1	871	7	7
-1	1098	3	8
-1	779	9	3
-1	1629	6	5
-1	1066	1	3
-1	1749	6	3
-1	1714	4	8
-1	1118	1	8
-1	1421	9	1
-1	1438	5	9
-1	1206	2	3
-1	849	3	7
-1	677	3	4
-1	1369	2	9
-1	1739	3	5
-1	788	5	7
-1	609	3	5
-1	737	4	3
-1	602	3	9
-1	1120	2	7
-1	1556	1	9
-1	764	1	2
-1	1462	9	5
-1	1180	1	9
-1	1598	3	8
-1	1547	5	9
-1	922	2	5
-1	914	3	5
-1	1646	4	6
-1	1730	5	5
-1	1255	1	7
-1	997	2	6
-1	1093	8	8
-1	1321	9	9
-1	621	4	8
-1	1602	6	1
-1	1604	8	8
-1	1233	8	3
-1	699	3	2
-1	1187	8	8
-1	1175	4	2
-1	1444	6	5
-1	1325	9	5
-1	1442	5	8
-1	909	3	9
-1	1302	8	6
-1	1066	4	7
-1	1287	6	4
-1	1154	7	5
-1	867	4	1
-1	1207	5	2
-1	1111	5	5
-1	797	3	5
-1	779	2	4
DDW
1366	1774
506	758
826	914
574	648
1405	1941
732	1012
770	818
897	1291
1289	1341
975	1347
1420	1844
1619	1863
1054	1212
760	790
789	1047
1235	1509
904	922
960	1440
1230	1630
887	961
1111	1227
660	790
1064	1354
517	713
1442	1992
754	1042
870	962
569	629
927	1229
1149	1195
1094	1210
994	1216
724	834
915	1011
1041	1151
1430	1612
1324	1792
1011	1287
706	1038
965	1253
935	1189
1052	1394
1166	1342
645	967
1083	1527
979	999
740	1002
988	1208
701	857
1596	1662
959	1173
1644	1854
1423	2005
906	1330
1378	1464
1366	1510
1110	1302
773	925
609	745
1095	1643
1548	1930
646	930
579	639
730	744
536	668
1075	1165
1245	1867
749	779
1213	1711
1074	1286
1342	1854
1408	1686
904	940
896	932
1432	1860
1540	1920
1217	1293
867	1127
885	1301
1123	1519
615	627
1346	1858
1347	1861
1085	1381
608	790
950	1424
1010	1340
1314	1574
1285	1365
1428	1456
745	1073
1224	1380
1034	1098
1042	1532
1131	1177
746	988
1086	1328
1033	1189
725	869
670	888
