HFSDDW
100	25	5
0	55	1	95	2	85	3	42	4	55
0	32	1	23	2	97	3	10	4	7
0	57	1	37	2	97	3	99	4	70
0	50	1	10	2	89	3	36	4	67
0	67	1	74	2	49	3	71	4	64
0	6	1	90	2	55	3	18	4	12
0	17	1	53	2	32	3	13	4	89
0	38	1	13	2	35	3	71	4	52
0	41	1	59	2	94	3	86	4	72
0	91	1	33	2	98	3	55	4	70
0	98	1	54	2	89	3	52	4	15
0	80	1	47	2	15	3	77	4	50
0	41	1	67	2	80	3	98	4	89
0	5	1	6	2	84	3	11	4	32
0	37	1	74	2	18	3	84	4	26
0	9	1	80	2	62	3	98	4	72
0	73	1	92	2	1	3	47	4	13
0	63	1	63	2	79	3	98	4	9
0	91	1	98	2	57	3	22	4	11
0	73	1	78	2	96	3	96	4	68
0	86	1	48	2	88	3	23	4	33
0	24	1	37	2	5	3	26	4	7
0	1	1	84	2	16	3	6	4	77
0	49	1	66	2	34	3	85	4	27
0	41	1	26	2	86	3	2	4	41
0	39	1	18	2	95	3	74	4	53
0	30	1	84	2	65	3	31	4	85
0	25	1	5	2	78	3	14	4	89
0	26	1	59	2	54	3	91	4	9
0	7	1	83	2	52	3	45	4	61
0	8	1	45	2	11	3	69	4	27
0	61	1	61	2	86	3	81	4	94
0	6	1	42	2	31	3	73	4	77
0	17	1	19	2	84	3	20	4	52
0	45	1	88	2	20	3	96	4	2
0	82	1	72	2	95	3	93	4	34
0	56	1	66	2	50	3	13	4	45
0	84	1	73	2	96	3	5	4	25
0	64	1	18	2	96	3	20	4	83
0	84	1	28	2	80	3	15	4	92
0	87	1	98	2	32	3	93	4	17
0	20	1	26	2	15	3	68	4	44
0	89	1	66	2	92	3	48	4	39
0	40	1	91	2	18	3	28	4	92
0	43	1	23	2	80	3	94	4	88
0	27	1	91	2	1	3	13	4	18
0	54	1	91	2	80	3	2	4	46
0	57	1	34	2	57	3	96	4	26
0	59	1	58	2	28	3	60	4	36
0	97	1	26	2	49	3	80	4	44
0	92	1	10	2	53	3	22	4	49
0	65	1	19	2	38	3	6	4	89
0	28	1	25	2	3	3	51	4	90
0	97	1	85	2	91	3	2	4	81
0	6	1	35	2	22	3	2	4	34
0	84	1	94	2	21	3	59	4	90
0	2	1	42	2	20	3	69	4	25
0	45	1	39	2	59	3	53	4	81
0	39	1	96	2	52	3	8	4	98
0	35	1	56	2	77	3	70	4	38
0	12	1	34	2	48	3	99	4	38
0	58	1	88	2	51	3	88	4	64
0	70	1	97	2	78	3	15	4	87
0	85	1	5	2	33	3	27	4	45
0	59	1	27	2	38	3	20	4	42
0	9	1	83	2	14	3	4	4	99
0	29	1	18	2	51	3	21	4	79
0	67	1	94	2	21	3	31	4	66
0	56	1	88	2	71	3	88	4	12
0	41	1	18	2	37	3	21	4	13
0	30	1	24	2	51	3	25	4	79
0	84	1	96	2	28	3	57	4	30
0	75	1	75	2	47	3	88	4	36
0	52	1	47	2	58	3	35	4	20
0	90	1	83	2	3	3	60	4	89
0	71	1	56	2	49	3	9	4	2
0	90	1	46	2	93	3	91	4	69
0	6	1	66	2	26	3	42	4	94
0	71	1	67	2	64	3	2	4	91
0	81	1	41	2	82	3	53	4	59
0	94	1	60	2	3	3	1	4	22
0	46	1	22	2	91	3	35	4	8
0	29	1	47	2	20	3	56	4	39
0	30	1	81	2	56	3	19	4	31
0	86	1	22	2	17	3	40	4	48
0	24	1	20	2	2	3	69	4	9
0	30	1	73	2	96	3	49	4	7
0	31	1	43	2	92	3	69	4	23
0	83	1	75	2	90	3	34	4	66
0	25	1	47	2	9	3	62	4	61
0	99	1	85	2	63	3	23	4	73
0	72	1	43	2	62	3	52	4	97
0	27	1	20	2	22	3	27	4	77
0	55	1	51	2	70	3	49	4	9
0	86	1	88	2	86	3	96	4	47
0	11	1	31	2	82	3	73	4	24
0	76	1	11	2	39	3	8	4	9
0	45	1	11	2	73	3	76	4	35
0	87	1	81	2	41	3	71	4	96
0	63	1	53	2	63	3	56	4	12
LBCmax: 1142
RELDUE
-1	740	9	6
-1	747	4	3
-1	707	2	8
-1	693	6	3
-1	743	4	6
-1	596	2	1
-1	798	3	4
-1	725	6	3
-1	745	2	5
-1	712	9	8
-1	666	5	3
-1	709	3	3
-1	773	1	6
-1	636	4	2
-1	619	8	3
-1	607	3	7
-1	756	7	1
-1	603	1	5
-1	614	1	4
-1	646	1	2
-1	672	6	1
-1	747	6	3
-1	786	4	2
-1	603	8	2
-1	618	1	1
-1	582	4	3
-1	680	2	3
-1	604	7	6
-1	799	3	1
-1	761	3	6
-1	703	4	4
-1	725	4	1
-1	630	4	4
-1	712	4	2
-1	685	4	2
-1	799	3	8
-1	688	4	8
-1	766	3	5
-1	645	6	1
-1	793	9	9
-1	675	7	3
-1	669	2	8
-1	793	8	9
-1	604	6	4
-1	783	4	4
-1	633	2	9
-1	783	2	5
-1	599	7	3
-1	685	6	5
-1	754	8	9
-1	759	8	6
-1	659	7	9
-1	672	8	6
-1	625	8	4
-1	725	1	2
-1	792	9	3
-1	760	2	3
-1	674	8	2
-1	646	2	5
-1	732	3	4
-1	716	8	9
-1	764	8	9
-1	725	9	3
-1	783	7	9
-1	579	1	9
-1	741	8	1
-1	649	2	9
-1	632	2	2
-1	750	6	3
-1	620	1	3
-1	719	2	3
-1	790	4	2
-1	758	5	8
-1	620	7	8
-1	770	7	6
-1	573	1	2
-1	754	3	4
-1	753	2	8
-1	620	8	7
-1	784	9	5
-1	599	8	9
-1	652	3	1
-1	718	3	8
-1	616	2	3
-1	572	2	6
-1	614	5	9
-1	623	5	9
-1	576	3	5
-1	786	5	6
-1	692	5	2
-1	609	6	9
-1	584	3	5
-1	690	9	7
-1	713	8	7
-1	648	7	3
-1	710	4	8
-1	744	3	5
-1	581	4	2
-1	595	1	4
-1	612	9	6
DDW
681	799
710	784
665	749
686	700
736	750
590	602
742	854
696	754
730	760
662	762
639	693
695	723
750	796
579	693
557	681
546	668
703	809
555	651
602	626
607	685
665	679
717	777
747	825
543	663
593	643
535	629
632	728
544	664
751	847
746	776
668	738
710	740
586	674
641	783
651	719
791	807
660	716
743	789
613	677
722	864
662	688
636	702
745	841
598	610
713	853
620	646
728	838
569	629
637	733
716	792
713	805
639	679
652	692
600	650
682	768
760	824
684	836
627	721
601	691
710	754
687	745
711	817
667	783
775	791
562	596
726	756
617	681
607	657
720	780
564	676
676	762
758	822
735	781
601	639
732	808
539	607
694	814
715	791
614	626
768	800
587	611
632	672
689	747
610	622
538	606
602	626
561	685
553	599
755	817
685	699
603	615
537	631
649	731
699	727
609	687
667	753
684	804
546	616
541	649
569	655
