HFSDDW
50	25	5
0	9	1	13	2	72	3	84	4	54
0	43	1	53	2	52	3	45	4	1
0	63	1	15	2	64	3	67	4	21
0	64	1	62	2	35	3	21	4	8
0	1	1	59	2	23	3	69	4	49
0	49	1	75	2	67	3	18	4	20
0	75	1	76	2	65	3	42	4	83
0	52	1	15	2	48	3	96	4	15
0	72	1	12	2	23	3	35	4	43
0	8	1	35	2	7	3	91	4	90
0	20	1	23	2	73	3	70	4	28
0	50	1	89	2	3	3	35	4	6
0	68	1	86	2	34	3	26	4	26
0	86	1	49	2	23	3	84	4	68
0	50	1	15	2	38	3	6	4	35
0	89	1	36	2	88	3	27	4	41
0	14	1	69	2	75	3	28	4	99
0	52	1	3	2	95	3	14	4	34
0	62	1	12	2	13	3	91	4	47
0	86	1	77	2	96	3	9	4	56
0	59	1	13	2	23	3	24	4	41
0	6	1	84	2	68	3	35	4	39
0	14	1	2	2	76	3	93	4	92
0	98	1	12	2	7	3	27	4	73
0	84	1	54	2	9	3	50	4	6
0	38	1	2	2	47	3	59	4	48
0	13	1	39	2	79	3	70	4	82
0	1	1	46	2	51	3	86	4	94
0	68	1	35	2	60	3	75	4	20
0	61	1	35	2	19	3	99	4	48
0	75	1	71	2	70	3	36	4	72
0	5	1	4	2	72	3	18	4	4
0	4	1	38	2	9	3	87	4	26
0	74	1	22	2	7	3	12	4	91
0	53	1	60	2	20	3	33	4	6
0	49	1	93	2	34	3	31	4	45
0	3	1	82	2	48	3	11	4	73
0	42	1	69	2	44	3	97	4	77
0	97	1	74	2	34	3	83	4	90
0	31	1	26	2	73	3	49	4	45
0	39	1	29	2	8	3	9	4	95
0	16	1	51	2	38	3	31	4	24
0	12	1	69	2	42	3	73	4	1
0	22	1	89	2	98	3	14	4	84
0	6	1	78	2	9	3	34	4	93
0	78	1	26	2	37	3	42	4	74
0	23	1	20	2	85	3	85	4	7
0	74	1	74	2	39	3	16	4	58
0	90	1	31	2	14	3	74	4	66
0	28	1	33	2	61	3	82	4	69
LBCmax: 604
RELDUE
-1	450	4	7
-1	403	9	6
-1	519	2	9
-1	535	5	1
-1	443	7	6
-1	521	9	8
-1	375	1	5
-1	571	7	3
-1	355	6	3
-1	363	2	1
-1	625	3	6
-1	355	1	2
-1	649	7	5
-1	504	3	8
-1	305	8	2
-1	634	4	1
-1	608	6	9
-1	506	2	7
-1	542	7	9
-1	399	5	4
-1	472	5	6
-1	485	5	8
-1	602	5	7
-1	504	9	7
-1	644	3	5
-1	574	2	2
-1	536	4	6
-1	426	4	8
-1	547	6	7
-1	539	8	7
-1	469	6	6
-1	539	2	5
-1	496	3	9
-1	567	3	2
-1	424	3	1
-1	644	5	6
-1	520	7	8
-1	377	6	7
-1	469	2	3
-1	468	7	1
-1	496	5	5
-1	303	6	4
-1	391	1	3
-1	659	7	9
-1	551	5	4
-1	576	1	9
-1	429	2	7
-1	512	8	8
-1	567	4	9
-1	572	6	6
DDW
428	472
367	439
493	545
519	551
399	487
490	552
356	394
537	605
351	359
338	388
581	669
341	369
643	655
464	544
296	314
621	647
602	614
466	546
515	569
359	439
463	481
470	500
560	644
459	549
580	708
540	608
509	563
383	469
492	602
501	577
450	488
528	550
461	531
556	578
394	454
592	696
515	525
366	388
446	492
440	496
451	541
297	309
356	426
600	718
507	595
536	616
386	472
492	532
533	601
532	612
