HFSDDW
50	15	5
0	18	1	47	2	84	3	89	4	46
0	36	1	97	2	80	3	34	4	74
0	55	1	2	2	82	3	39	4	7
0	30	1	42	2	17	3	75	4	33
0	76	1	12	2	35	3	15	4	26
0	91	1	19	2	64	3	86	4	19
0	87	1	17	2	53	3	95	4	31
0	75	1	96	2	67	3	28	4	32
0	47	1	70	2	51	3	58	4	64
0	1	1	75	2	36	3	50	4	70
0	72	1	87	2	38	3	54	4	97
0	7	1	13	2	69	3	64	4	55
0	18	1	33	2	94	3	16	4	87
0	39	1	48	2	87	3	8	4	31
0	33	1	74	2	89	3	44	4	85
0	6	1	60	2	77	3	51	4	26
0	17	1	83	2	15	3	17	4	46
0	1	1	78	2	99	3	97	4	24
0	63	1	28	2	4	3	73	4	15
0	15	1	76	2	35	3	71	4	25
0	52	1	87	2	28	3	19	4	37
0	97	1	97	2	94	3	68	4	91
0	47	1	36	2	19	3	38	4	38
0	35	1	18	2	77	3	69	4	86
0	61	1	48	2	90	3	84	4	68
0	6	1	70	2	17	3	30	4	70
0	30	1	25	2	6	3	26	4	74
0	30	1	55	2	96	3	80	4	49
0	3	1	83	2	32	3	6	4	77
0	27	1	9	2	66	3	35	4	79
0	97	1	99	2	66	3	84	4	64
0	4	1	97	2	43	3	50	4	32
0	28	1	81	2	65	3	97	4	62
0	22	1	30	2	93	3	64	4	9
0	79	1	21	2	96	3	21	4	84
0	78	1	17	2	84	3	7	4	41
0	96	1	5	2	82	3	50	4	73
0	30	1	59	2	22	3	62	4	70
0	32	1	13	2	46	3	49	4	22
0	22	1	18	2	34	3	44	4	56
0	97	1	16	2	3	3	26	4	1
0	76	1	3	2	45	3	1	4	85
0	86	1	14	2	37	3	10	4	35
0	23	1	98	2	16	3	25	4	32
0	62	1	9	2	32	3	93	4	76
0	67	1	75	2	48	3	99	4	62
0	60	1	83	2	40	3	51	4	44
0	80	1	2	2	56	3	50	4	96
0	28	1	14	2	21	3	76	4	83
0	19	1	76	2	37	3	14	4	98
LBCmax: 1005
RELDUE
-1	532	5	9
-1	321	7	6
-1	388	7	8
-1	421	4	8
-1	1242	1	5
-1	1189	1	3
-1	1149	9	9
-1	389	4	6
-1	799	2	4
-1	635	9	7
-1	312	3	5
-1	846	3	1
-1	762	6	3
-1	683	4	5
-1	554	3	3
-1	333	8	1
-1	1035	1	3
-1	1161	2	1
-1	954	6	7
-1	849	3	6
-1	515	3	9
-1	730	2	2
-1	965	5	7
-1	580	9	2
-1	341	7	3
-1	789	5	3
-1	1183	8	8
-1	857	5	1
-1	402	6	6
-1	882	1	5
-1	1218	4	8
-1	683	5	7
-1	651	6	9
-1	315	3	7
-1	697	8	4
-1	888	9	4
-1	1053	2	4
-1	585	4	4
-1	877	3	2
-1	863	5	9
-1	1270	4	2
-1	1236	7	9
-1	366	7	6
-1	465	2	2
-1	1264	8	1
-1	1041	4	1
-1	984	7	7
-1	1135	2	4
-1	812	5	4
-1	1108	5	6
DDW
505	559
311	331
372	404
404	438
1192	1292
1165	1213
1138	1160
370	408
767	831
622	648
287	337
804	888
754	770
676	690
543	565
323	343
1014	1056
1103	1219
944	964
841	857
474	556
723	737
868	1062
539	621
338	344
710	868
1100	1266
814	900
390	414
873	891
1108	1328
622	744
605	697
284	346
662	732
879	897
958	1148
556	614
816	938
803	923
1194	1346
1137	1335
333	399
432	498
1213	1315
937	1145
886	1082
1056	1214
755	869
997	1219
