HFSDDW
100	15	5
0	29	1	1	2	56	3	68	4	77
0	37	1	8	2	64	3	89	4	39
0	32	1	29	2	74	3	57	4	66
0	56	1	95	2	92	3	73	4	60
0	77	1	87	2	30	3	1	4	39
0	20	1	10	2	53	3	60	4	42
0	1	1	48	2	34	3	34	4	47
0	84	1	28	2	90	3	6	4	81
0	29	1	19	2	51	3	85	4	23
0	84	1	41	2	99	3	86	4	15
0	57	1	31	2	81	3	46	4	81
0	42	1	71	2	56	3	30	4	58
0	27	1	54	2	5	3	48	4	38
0	83	1	94	2	41	3	11	4	81
0	29	1	6	2	86	3	91	4	31
0	59	1	37	2	45	3	78	4	54
0	79	1	11	2	67	3	45	4	85
0	69	1	67	2	87	3	53	4	6
0	14	1	72	2	61	3	48	4	54
0	75	1	15	2	3	3	47	4	39
0	90	1	1	2	89	3	5	4	86
0	52	1	45	2	89	3	16	4	23
0	5	1	27	2	78	3	75	4	78
0	17	1	87	2	59	3	63	4	68
0	17	1	8	2	87	3	6	4	68
0	57	1	45	2	38	3	38	4	56
0	44	1	34	2	97	3	40	4	64
0	79	1	21	2	62	3	59	4	34
0	25	1	78	2	71	3	31	4	1
0	87	1	93	2	85	3	70	4	37
0	87	1	55	2	40	3	79	4	23
0	82	1	13	2	84	3	37	4	30
0	8	1	8	2	51	3	60	4	78
0	70	1	29	2	39	3	11	4	98
0	96	1	25	2	1	3	29	4	44
0	38	1	36	2	57	3	5	4	81
0	63	1	59	2	67	3	1	4	68
0	89	1	93	2	19	3	17	4	82
0	67	1	37	2	26	3	29	4	26
0	17	1	27	2	12	3	52	4	30
0	58	1	55	2	74	3	71	4	41
0	62	1	54	2	11	3	35	4	84
0	47	1	55	2	79	3	55	4	66
0	48	1	40	2	51	3	91	4	88
0	76	1	11	2	22	3	29	4	32
0	59	1	99	2	71	3	3	4	27
0	11	1	24	2	5	3	74	4	23
0	9	1	84	2	96	3	59	4	7
0	35	1	83	2	83	3	33	4	35
0	12	1	57	2	70	3	62	4	78
0	77	1	76	2	21	3	64	4	53
0	47	1	33	2	45	3	40	4	82
0	63	1	82	2	8	3	9	4	74
0	23	1	50	2	5	3	32	4	58
0	63	1	44	2	91	3	84	4	54
0	93	1	28	2	89	3	93	4	20
0	2	1	29	2	10	3	25	4	49
0	34	1	3	2	41	3	22	4	76
0	75	1	39	2	56	3	77	4	44
0	52	1	75	2	74	3	58	4	13
0	61	1	52	2	38	3	4	4	15
0	34	1	85	2	36	3	10	4	60
0	20	1	44	2	52	3	20	4	80
0	34	1	73	2	83	3	59	4	41
0	21	1	10	2	83	3	56	4	83
0	24	1	87	2	14	3	41	4	2
0	19	1	53	2	31	3	81	4	59
0	50	1	90	2	6	3	11	4	16
0	49	1	66	2	31	3	62	4	57
0	31	1	87	2	37	3	97	4	10
0	79	1	92	2	16	3	18	4	91
0	52	1	68	2	82	3	21	4	90
0	47	1	71	2	95	3	9	4	41
0	66	1	14	2	70	3	61	4	30
0	44	1	67	2	73	3	44	4	92
0	54	1	79	2	22	3	99	4	53
0	37	1	50	2	16	3	32	4	23
0	27	1	38	2	14	3	89	4	7
0	81	1	9	2	85	3	20	4	69
0	77	1	71	2	23	3	21	4	90
0	18	1	18	2	76	3	67	4	65
0	12	1	19	2	72	3	26	4	38
0	73	1	47	2	82	3	68	4	54
0	96	1	56	2	63	3	85	4	15
0	28	1	99	2	80	3	54	4	49
0	36	1	82	2	53	3	75	4	15
0	82	1	56	2	2	3	9	4	35
0	19	1	74	2	49	3	66	4	12
0	8	1	66	2	87	3	52	4	34
0	34	1	26	2	18	3	65	4	72
0	21	1	8	2	37	3	6	4	63
0	18	1	38	2	22	3	18	4	30
0	29	1	66	2	96	3	11	4	55
0	17	1	46	2	73	3	33	4	36
0	23	1	8	2	97	3	74	4	8
0	62	1	13	2	29	3	20	4	15
0	10	1	65	2	88	3	3	4	93
0	75	1	20	2	95	3	46	4	17
0	81	1	52	2	31	3	37	4	82
0	41	1	69	2	76	3	96	4	18
LBCmax: 1870
RELDUE
-1	1558	9	5
-1	1147	5	5
-1	1507	4	4
-1	896	4	3
-1	1115	1	8
-1	718	8	4
-1	677	6	9
-1	1266	6	8
-1	1667	1	9
-1	572	3	9
-1	618	9	6
-1	665	2	9
-1	584	3	7
-1	595	4	6
-1	785	9	1
-1	1276	5	9
-1	1436	5	6
-1	1617	8	7
-1	750	9	9
-1	1462	4	6
-1	1648	8	5
-1	1124	2	1
-1	870	1	9
-1	740	5	9
-1	1175	2	5
-1	1351	1	8
-1	1421	4	5
-1	1241	5	4
-1	1585	3	6
-1	1303	3	6
-1	1600	1	7
-1	965	3	1
-1	922	3	9
-1	583	9	1
-1	855	1	8
-1	1206	9	2
-1	1468	6	7
-1	1213	1	4
-1	1161	5	2
-1	1458	8	4
-1	1288	3	5
-1	1198	5	4
-1	1648	9	7
-1	1066	5	1
-1	695	1	5
-1	1365	4	4
-1	1124	6	7
-1	869	5	2
-1	747	3	2
-1	775	7	1
-1	1273	9	5
-1	1404	8	3
-1	1232	6	9
-1	741	2	6
-1	796	4	1
-1	994	8	2
-1	838	7	8
-1	1328	4	6
-1	1404	2	8
-1	1447	1	6
-1	980	4	9
-1	1119	9	5
-1	1365	5	5
-1	925	5	9
-1	656	2	9
-1	1337	2	3
-1	1426	5	8
-1	562	5	7
-1	1423	6	3
-1	1262	7	9
-1	1491	5	9
-1	784	6	1
-1	1016	7	3
-1	975	6	8
-1	734	3	9
-1	1010	9	4
-1	1159	1	2
-1	1487	6	9
-1	605	5	4
-1	1494	8	2
-1	788	4	3
-1	1113	5	4
-1	1055	9	6
-1	1370	7	9
-1	591	4	6
-1	756	1	9
-1	1416	2	2
-1	742	1	5
-1	1470	3	9
-1	1544	8	2
-1	929	9	7
-1	700	7	3
-1	1492	9	8
-1	1398	3	3
-1	1038	2	5
-1	730	3	2
-1	1516	5	6
-1	1284	5	2
-1	971	4	2
-1	1042	1	1
DDW
1355	1761
986	1308
1386	1628
780	1012
903	1327
711	725
643	711
1025	1507
1634	1700
555	589
531	705
579	751
514	654
524	666
746	824
1085	1467
1249	1623
1536	1698
675	825
1404	1520
1533	1763
1034	1214
731	1009
592	888
1069	1281
1121	1581
1265	1577
1117	1365
1395	1775
1055	1551
1568	1632
936	994
756	1088
496	670
744	966
1146	1266
1365	1571
1189	1237
1068	1254
1166	1750
1146	1430
1126	1270
1582	1714
1045	1087
584	806
1188	1542
978	1270
713	1025
680	814
643	907
1120	1426
1334	1474
1047	1417
608	874
677	915
944	1044
679	997
1208	1448
1334	1474
1418	1476
872	1088
951	1287
1256	1474
888	962
649	663
1190	1484
1212	1640
461	663
1138	1708
1249	1275
1357	1625
690	878
843	1189
878	1072
639	829
1000	1020
1113	1205
1264	1710
581	629
1255	1733
749	827
968	1258
1034	1076
1151	1589
550	632
627	885
1303	1529
594	890
1176	1764
1420	1668
873	985
574	826
1223	1761
1314	1482
934	1142
606	854
1228	1804
1271	1297
961	981
979	1105
