HFSDDW
50	30	10
0	12	1	94	2	61	3	89	4	63	5	28	6	70	7	14	8	53	9	2
0	81	1	35	2	3	3	33	4	82	5	24	6	62	7	1	8	80	9	54
0	47	1	49	2	73	3	99	4	37	5	58	6	40	7	85	8	44	9	45
0	54	1	66	2	91	3	48	4	13	5	22	6	56	7	9	8	77	9	45
0	20	1	92	2	15	3	25	4	4	5	85	6	19	7	5	8	54	9	78
0	66	1	48	2	92	3	59	4	80	5	62	6	22	7	61	8	52	9	6
0	87	1	85	2	69	3	8	4	47	5	15	6	44	7	55	8	21	9	60
0	67	1	54	2	23	3	35	4	34	5	54	6	35	7	48	8	96	9	52
0	40	1	36	2	31	3	66	4	79	5	6	6	74	7	32	8	68	9	50
0	1	1	94	2	56	3	72	4	57	5	35	6	24	7	7	8	78	9	88
0	42	1	63	2	83	3	93	4	11	5	12	6	26	7	58	8	26	9	26
0	28	1	74	2	64	3	1	4	65	5	52	6	54	7	3	8	29	9	41
0	41	1	12	2	87	3	71	4	60	5	73	6	98	7	51	8	78	9	99
0	30	1	29	2	69	3	9	4	11	5	76	6	52	7	37	8	56	9	67
0	80	1	17	2	6	3	42	4	22	5	27	6	30	7	55	8	7	9	6
0	81	1	22	2	77	3	37	4	47	5	30	6	76	7	13	8	34	9	37
0	14	1	75	2	79	3	26	4	95	5	99	6	5	7	56	8	90	9	89
0	99	1	17	2	46	3	62	4	61	5	25	6	7	7	45	8	49	9	34
0	43	1	43	2	44	3	72	4	19	5	9	6	51	7	33	8	61	9	81
0	99	1	40	2	4	3	19	4	54	5	6	6	37	7	79	8	46	9	23
0	22	1	73	2	65	3	18	4	6	5	64	6	76	7	16	8	76	9	23
0	23	1	32	2	63	3	1	4	94	5	71	6	31	7	8	8	8	9	87
0	49	1	72	2	95	3	10	4	89	5	60	6	14	7	27	8	8	9	56
0	88	1	27	2	98	3	27	4	12	5	69	6	77	7	27	8	67	9	54
0	33	1	35	2	56	3	38	4	58	5	68	6	76	7	3	8	25	9	83
0	74	1	29	2	72	3	59	4	73	5	50	6	78	7	56	8	28	9	45
0	51	1	49	2	9	3	21	4	35	5	96	6	33	7	36	8	89	9	25
0	93	1	5	2	41	3	54	4	55	5	15	6	16	7	57	8	52	9	22
0	83	1	11	2	2	3	25	4	81	5	59	6	54	7	39	8	53	9	61
0	91	1	22	2	98	3	22	4	4	5	83	6	27	7	36	8	4	9	61
0	35	1	40	2	14	3	1	4	89	5	69	6	88	7	19	8	5	9	59
0	35	1	21	2	5	3	7	4	61	5	41	6	48	7	83	8	39	9	75
0	42	1	94	2	83	3	28	4	34	5	72	6	6	7	19	8	50	9	71
0	87	1	79	2	53	3	90	4	86	5	43	6	96	7	2	8	36	9	13
0	70	1	36	2	35	3	93	4	27	5	70	6	17	7	92	8	60	9	63
0	36	1	43	2	96	3	29	4	19	5	41	6	57	7	86	8	67	9	18
0	63	1	70	2	68	3	33	4	72	5	55	6	68	7	14	8	20	9	18
0	44	1	46	2	48	3	27	4	5	5	7	6	59	7	89	8	1	9	63
0	55	1	14	2	58	3	87	4	36	5	44	6	83	7	25	8	72	9	45
0	86	1	10	2	35	3	18	4	49	5	1	6	68	7	3	8	22	9	72
0	3	1	4	2	72	3	42	4	19	5	89	6	95	7	69	8	24	9	12
0	82	1	68	2	85	3	4	4	63	5	50	6	12	7	80	8	97	9	28
0	71	1	43	2	42	3	75	4	32	5	35	6	12	7	30	8	78	9	4
0	38	1	57	2	68	3	29	4	61	5	51	6	41	7	17	8	69	9	46
0	49	1	14	2	1	3	60	4	63	5	19	6	24	7	31	8	54	9	99
0	89	1	87	2	5	3	94	4	1	5	59	6	62	7	97	8	11	9	83
0	77	1	65	2	91	3	21	4	73	5	25	6	1	7	57	8	42	9	12
0	9	1	94	2	11	3	51	4	79	5	58	6	43	7	81	8	12	9	14
0	11	1	81	2	76	3	78	4	15	5	51	6	52	7	73	8	29	9	3
0	89	1	44	2	6	3	85	4	68	5	83	6	22	7	80	8	86	9	38
LBCmax: 1183
RELDUE
-1	722	9	1
-1	1069	7	6
-1	1222	6	9
-1	892	4	5
-1	1236	2	3
-1	1264	1	5
-1	1135	7	2
-1	972	1	5
-1	697	8	2
-1	890	1	3
-1	702	1	6
-1	1160	3	8
-1	1201	5	7
-1	1280	7	4
-1	1109	5	2
-1	1277	1	8
-1	1227	2	1
-1	683	1	3
-1	634	8	3
-1	754	1	1
-1	1110	1	4
-1	778	2	6
-1	789	2	3
-1	870	3	4
-1	749	8	4
-1	1052	3	5
-1	1223	1	8
-1	770	7	4
-1	1178	8	8
-1	1274	2	9
-1	848	3	9
-1	1037	9	1
-1	1267	2	3
-1	1115	4	6
-1	1265	2	8
-1	899	6	5
-1	1246	1	9
-1	829	3	6
-1	1216	4	6
-1	729	7	3
-1	1119	5	3
-1	1290	6	2
-1	1008	8	6
-1	1207	7	3
-1	1209	4	6
-1	658	4	1
-1	1001	2	2
-1	654	8	1
-1	682	5	1
-1	1102	4	8
DDW
599	845
919	1219
1161	1283
883	901
1063	1409
1074	1454
1033	1237
953	991
613	781
872	908
562	842
1102	1218
1165	1237
1050	1510
1009	1209
1022	1532
1129	1325
574	792
609	659
664	844
988	1232
762	794
757	821
774	966
689	809
915	1189
1125	1321
639	901
1119	1237
1223	1325
814	882
954	1120
1216	1318
914	1316
1151	1379
746	1052
1234	1258
730	928
1094	1338
700	758
1074	1164
1109	1471
857	1159
1110	1304
1040	1378
625	691
821	1181
615	693
573	791
915	1289
