HFSDDW
150	25	5
0	75	1	93	2	66	3	10	4	85
0	68	1	30	2	39	3	34	4	49
0	14	1	50	2	37	3	9	4	26
0	34	1	22	2	33	3	88	4	77
0	20	1	91	2	37	3	58	4	97
0	32	1	62	2	41	3	3	4	5
0	42	1	9	2	36	3	68	4	72
0	46	1	89	2	53	3	18	4	2
0	77	1	14	2	70	3	11	4	48
0	29	1	54	2	53	3	88	4	60
0	20	1	24	2	46	3	63	4	53
0	83	1	57	2	8	3	12	4	54
0	6	1	88	2	37	3	30	4	7
0	6	1	14	2	69	3	36	4	79
0	44	1	69	2	16	3	86	4	99
0	7	1	22	2	26	3	10	4	68
0	78	1	10	2	53	3	42	4	85
0	18	1	63	2	72	3	15	4	88
0	89	1	81	2	41	3	63	4	96
0	88	1	77	2	40	3	4	4	43
0	16	1	84	2	17	3	9	4	16
0	50	1	9	2	59	3	64	4	47
0	62	1	31	2	98	3	43	4	76
0	95	1	36	2	94	3	44	4	88
0	43	1	41	2	54	3	47	4	90
0	63	1	29	2	52	3	89	4	11
0	29	1	81	2	22	3	67	4	53
0	93	1	93	2	44	3	26	4	36
0	10	1	4	2	9	3	68	4	27
0	58	1	83	2	97	3	87	4	1
0	53	1	82	2	96	3	15	4	99
0	74	1	30	2	70	3	18	4	53
0	22	1	56	2	69	3	53	4	18
0	80	1	9	2	31	3	90	4	82
0	3	1	91	2	69	3	9	4	79
0	39	1	33	2	86	3	20	4	33
0	79	1	31	2	64	3	88	4	57
0	47	1	85	2	7	3	67	4	78
0	63	1	24	2	26	3	72	4	15
0	53	1	34	2	55	3	50	4	46
0	49	1	53	2	8	3	6	4	98
0	61	1	13	2	88	3	36	4	61
0	42	1	44	2	50	3	85	4	74
0	90	1	91	2	80	3	95	4	70
0	95	1	2	2	63	3	12	4	20
0	79	1	65	2	96	3	93	4	27
0	6	1	77	2	36	3	74	4	83
0	27	1	23	2	59	3	90	4	96
0	34	1	97	2	71	3	7	4	37
0	20	1	74	2	41	3	98	4	24
0	61	1	53	2	59	3	80	4	51
0	47	1	89	2	96	3	85	4	20
0	96	1	17	2	94	3	10	4	55
0	65	1	8	2	75	3	3	4	47
0	68	1	32	2	90	3	99	4	37
0	98	1	31	2	56	3	74	4	99
0	6	1	25	2	97	3	70	4	65
0	52	1	18	2	56	3	23	4	36
0	37	1	26	2	73	3	71	4	99
0	18	1	3	2	62	3	51	4	72
0	12	1	98	2	38	3	51	4	55
0	29	1	63	2	60	3	44	4	52
0	17	1	33	2	22	3	86	4	15
0	71	1	19	2	24	3	44	4	4
0	47	1	51	2	53	3	67	4	11
0	42	1	59	2	20	3	99	4	19
0	95	1	68	2	5	3	2	4	88
0	7	1	87	2	46	3	15	4	37
0	89	1	58	2	13	3	70	4	19
0	4	1	4	2	87	3	56	4	29
0	98	1	78	2	18	3	48	4	25
0	61	1	46	2	71	3	41	4	14
0	70	1	43	2	60	3	25	4	57
0	49	1	28	2	20	3	98	4	8
0	84	1	72	2	10	3	8	4	14
0	89	1	38	2	82	3	48	4	7
0	38	1	71	2	63	3	71	4	21
0	18	1	51	2	57	3	77	4	28
0	61	1	16	2	6	3	2	4	66
0	46	1	97	2	88	3	14	4	70
0	75	1	84	2	89	3	49	4	44
0	26	1	69	2	11	3	35	4	36
0	23	1	63	2	23	3	34	4	75
0	99	1	80	2	89	3	5	4	39
0	98	1	71	2	43	3	70	4	46
0	68	1	67	2	8	3	42	4	67
0	92	1	50	2	68	3	78	4	31
0	54	1	81	2	15	3	27	4	94
0	48	1	40	2	22	3	41	4	5
0	98	1	93	2	71	3	26	4	67
0	66	1	9	2	84	3	74	4	72
0	5	1	41	2	19	3	3	4	76
0	59	1	61	2	69	3	67	4	44
0	72	1	94	2	44	3	4	4	22
0	18	1	66	2	62	3	11	4	91
0	58	1	49	2	3	3	66	4	48
0	74	1	95	2	82	3	74	4	2
0	83	1	66	2	94	3	7	4	27
0	14	1	62	2	12	3	51	4	35
0	87	1	71	2	55	3	97	4	33
0	4	1	49	2	68	3	5	4	49
0	1	1	46	2	73	3	83	4	15
0	55	1	39	2	53	3	55	4	2
0	63	1	78	2	94	3	66	4	60
0	7	1	1	2	38	3	76	4	8
0	55	1	55	2	12	3	75	4	4
0	86	1	94	2	5	3	33	4	45
0	25	1	28	2	78	3	25	4	2
0	37	1	92	2	11	3	91	4	72
0	75	1	10	2	57	3	49	4	71
0	9	1	77	2	89	3	37	4	26
0	3	1	12	2	91	3	96	4	94
0	45	1	35	2	97	3	80	4	28
0	60	1	34	2	20	3	10	4	76
0	36	1	1	2	69	3	64	4	24
0	14	1	90	2	47	3	5	4	33
0	46	1	98	2	62	3	5	4	95
0	10	1	6	2	67	3	7	4	43
0	14	1	37	2	81	3	31	4	56
0	3	1	94	2	31	3	63	4	12
0	41	1	89	2	47	3	73	4	35
0	8	1	8	2	25	3	14	4	13
0	12	1	65	2	87	3	63	4	48
0	47	1	72	2	93	3	84	4	19
0	54	1	67	2	13	3	67	4	62
0	99	1	19	2	38	3	9	4	21
0	20	1	60	2	83	3	92	4	91
0	57	1	51	2	89	3	69	4	87
0	2	1	81	2	53	3	94	4	31
0	49	1	49	2	19	3	83	4	9
0	30	1	2	2	46	3	45	4	58
0	74	1	76	2	79	3	11	4	36
0	89	1	69	2	16	3	92	4	92
0	52	1	81	2	94	3	71	4	91
0	96	1	82	2	24	3	97	4	17
0	73	1	14	2	19	3	37	4	13
0	50	1	1	2	55	3	99	4	91
0	18	1	15	2	38	3	35	4	18
0	80	1	72	2	79	3	34	4	98
0	33	1	65	2	60	3	2	4	78
0	67	1	55	2	47	3	91	4	13
0	48	1	77	2	48	3	29	4	85
0	61	1	58	2	42	3	97	4	86
0	88	1	15	2	17	3	2	4	74
0	38	1	44	2	60	3	54	4	11
0	24	1	4	2	90	3	99	4	84
0	8	1	53	2	17	3	58	4	46
0	95	1	54	2	63	3	87	4	43
0	40	1	66	2	10	3	50	4	56
0	23	1	30	2	82	3	47	4	10
LBCmax: 1598
RELDUE
-1	334	7	2
-1	628	1	6
-1	722	4	5
-1	421	2	1
-1	555	7	2
-1	387	7	6
-1	1068	1	9
-1	1049	9	2
-1	936	6	6
-1	1011	4	2
-1	586	4	6
-1	999	3	1
-1	627	7	4
-1	584	4	3
-1	902	8	3
-1	240	6	7
-1	556	9	8
-1	967	1	8
-1	658	7	7
-1	1032	4	3
-1	495	8	7
-1	650	1	1
-1	443	1	2
-1	721	8	3
-1	489	2	8
-1	843	9	9
-1	488	5	1
-1	261	7	1
-1	1101	9	9
-1	1006	8	1
-1	1065	2	8
-1	363	3	5
-1	570	5	1
-1	1020	7	2
-1	792	8	1
-1	724	4	9
-1	1064	2	2
-1	1016	4	6
-1	323	5	3
-1	369	1	6
-1	164	5	1
-1	745	1	9
-1	950	4	7
-1	1103	3	8
-1	1109	2	9
-1	668	9	8
-1	328	8	4
-1	787	2	9
-1	852	5	6
-1	619	5	1
-1	941	4	7
-1	597	4	2
-1	448	4	9
-1	702	8	3
-1	878	7	1
-1	804	6	7
-1	345	9	2
-1	160	5	1
-1	1051	7	3
-1	831	1	8
-1	1018	8	9
-1	967	1	9
-1	1067	2	6
-1	1049	1	8
-1	1065	1	4
-1	382	2	8
-1	588	7	1
-1	727	2	8
-1	911	7	9
-1	338	6	4
-1	295	8	9
-1	659	1	1
-1	804	4	2
-1	448	8	7
-1	1028	8	1
-1	869	3	2
-1	820	5	7
-1	459	3	5
-1	731	7	5
-1	941	9	7
-1	675	9	1
-1	821	3	3
-1	528	9	7
-1	642	9	8
-1	225	9	7
-1	627	3	7
-1	1035	7	7
-1	988	9	8
-1	301	8	1
-1	1108	6	9
-1	539	7	4
-1	1063	9	9
-1	1085	2	1
-1	611	3	9
-1	471	8	7
-1	317	2	3
-1	797	1	8
-1	1020	5	8
-1	197	7	8
-1	886	2	6
-1	240	3	1
-1	721	7	2
-1	995	7	5
-1	674	5	8
-1	483	8	4
-1	441	7	7
-1	913	8	1
-1	1119	9	5
-1	794	1	3
-1	168	1	8
-1	1103	4	1
-1	1006	1	3
-1	548	6	1
-1	270	7	8
-1	315	3	1
-1	356	2	9
-1	598	8	9
-1	585	7	7
-1	983	7	7
-1	598	2	7
-1	467	6	5
-1	720	1	4
-1	585	9	4
-1	923	4	1
-1	919	9	9
-1	351	8	4
-1	694	7	3
-1	352	3	2
-1	1097	9	4
-1	871	6	7
-1	231	7	6
-1	919	6	8
-1	421	2	7
-1	965	8	8
-1	861	3	3
-1	1074	8	3
-1	945	2	4
-1	974	3	9
-1	318	1	6
-1	904	3	2
-1	834	6	7
-1	1035	9	3
-1	353	3	8
-1	292	3	6
-1	164	7	6
-1	653	8	3
-1	674	2	5
-1	974	9	9
-1	456	9	2
-1	274	3	3
DDW
291	377
559	697
606	838
362	480
544	566
352	422
1015	1121
976	1122
749	1123
940	1082
568	604
929	1069
614	640
531	637
884	920
238	242
473	639
909	1025
572	744
949	1115
446	544
618	682
430	456
620	822
445	533
750	936
473	503
224	298
1002	1200
936	1076
852	1278
298	428
524	616
989	1051
705	879
702	746
851	1277
955	1077
304	342
310	428
143	185
603	887
826	1074
1015	1191
998	1220
601	735
312	344
661	913
775	929
501	737
894	988
513	681
394	502
576	828
746	1010
732	876
314	376
157	163
998	1104
740	922
947	1089
861	1073
864	1270
913	1185
980	1150
359	405
470	706
582	872
747	1075
274	402
289	301
600	718
643	965
372	524
874	1182
765	973
722	918
390	528
694	768
753	1129
634	716
764	878
496	560
571	713
220	230
583	671
963	1107
889	1087
277	325
1075	1141
458	620
872	1254
1074	1096
519	703
424	518
311	323
638	956
1010	1030
195	199
851	921
214	266
678	764
806	1184
607	741
401	565
366	516
785	1041
951	1287
762	826
161	175
904	1302
865	1147
455	641
256	284
296	334
285	427
562	634
538	632
875	1091
586	610
374	560
648	792
515	655
775	1071
873	965
333	369
638	750
331	373
1009	1185
749	993
203	259
818	1020
362	480
955	975
775	947
859	1289
860	1030
818	1130
270	366
850	958
717	951
911	1159
328	378
277	307
156	172
646	660
661	687
808	1140
410	502
244	304
