HFSDDW
100	30	10
0	88	1	70	2	51	3	46	4	14	5	64	6	56	7	94	8	46	9	13
0	33	1	87	2	83	3	25	4	46	5	79	6	47	7	30	8	23	9	45
0	71	1	30	2	81	3	10	4	78	5	39	6	94	7	73	8	36	9	75
0	69	1	69	2	33	3	25	4	82	5	94	6	97	7	46	8	4	9	95
0	59	1	23	2	25	3	3	4	86	5	81	6	20	7	43	8	18	9	11
0	98	1	59	2	60	3	73	4	55	5	59	6	89	7	42	8	67	9	75
0	70	1	82	2	58	3	71	4	44	5	63	6	55	7	58	8	42	9	51
0	81	1	2	2	26	3	27	4	85	5	49	6	6	7	79	8	23	9	97
0	19	1	51	2	56	3	26	4	76	5	10	6	9	7	60	8	69	9	23
0	6	1	55	2	78	3	28	4	25	5	77	6	64	7	53	8	58	9	24
0	27	1	62	2	2	3	66	4	29	5	96	6	33	7	34	8	87	9	7
0	54	1	10	2	19	3	70	4	57	5	20	6	27	7	33	8	94	9	35
0	54	1	95	2	89	3	19	4	46	5	27	6	23	7	98	8	2	9	8
0	85	1	52	2	22	3	99	4	71	5	57	6	49	7	89	8	97	9	79
0	76	1	75	2	72	3	63	4	69	5	96	6	36	7	9	8	70	9	6
0	51	1	31	2	59	3	24	4	69	5	32	6	73	7	82	8	21	9	2
0	73	1	35	2	32	3	79	4	22	5	3	6	87	7	20	8	99	9	1
0	70	1	37	2	36	3	15	4	58	5	78	6	23	7	26	8	50	9	50
0	90	1	15	2	28	3	96	4	57	5	54	6	92	7	98	8	31	9	39
0	83	1	67	2	68	3	95	4	6	5	41	6	44	7	92	8	42	9	66
0	9	1	17	2	9	3	69	4	35	5	14	6	94	7	45	8	65	9	90
0	9	1	47	2	33	3	71	4	12	5	58	6	8	7	35	8	23	9	67
0	11	1	89	2	88	3	60	4	17	5	4	6	69	7	41	8	9	9	18
0	35	1	31	2	84	3	83	4	41	5	73	6	7	7	58	8	62	9	44
0	59	1	48	2	34	3	40	4	31	5	37	6	35	7	96	8	83	9	47
0	34	1	9	2	70	3	74	4	56	5	19	6	28	7	49	8	53	9	31
0	45	1	54	2	36	3	48	4	56	5	77	6	62	7	49	8	30	9	39
0	52	1	49	2	73	3	79	4	9	5	62	6	56	7	49	8	29	9	80
0	69	1	72	2	57	3	61	4	83	5	27	6	61	7	11	8	27	9	23
0	45	1	58	2	6	3	31	4	98	5	6	6	12	7	85	8	84	9	53
0	74	1	85	2	67	3	45	4	95	5	84	6	35	7	90	8	66	9	93
0	63	1	79	2	20	3	72	4	62	5	72	6	96	7	75	8	64	9	30
0	17	1	52	2	22	3	8	4	93	5	94	6	44	7	43	8	80	9	3
0	51	1	70	2	64	3	75	4	6	5	84	6	6	7	13	8	66	9	98
0	91	1	70	2	45	3	33	4	59	5	65	6	38	7	33	8	69	9	26
0	9	1	37	2	22	3	55	4	37	5	22	6	63	7	59	8	52	9	1
0	41	1	92	2	11	3	63	4	43	5	93	6	16	7	44	8	67	9	77
0	67	1	83	2	9	3	66	4	38	5	47	6	8	7	88	8	49	9	28
0	56	1	11	2	74	3	54	4	93	5	14	6	49	7	9	8	39	9	83
0	21	1	46	2	61	3	65	4	58	5	99	6	59	7	82	8	90	9	66
0	50	1	93	2	66	3	91	4	59	5	26	6	28	7	55	8	17	9	89
0	15	1	74	2	11	3	24	4	44	5	30	6	19	7	56	8	69	9	30
0	44	1	7	2	6	3	83	4	57	5	22	6	23	7	44	8	8	9	39
0	87	1	26	2	98	3	82	4	78	5	63	6	45	7	82	8	95	9	68
0	85	1	93	2	91	3	49	4	69	5	46	6	36	7	37	8	21	9	28
0	80	1	4	2	13	3	60	4	22	5	43	6	87	7	82	8	35	9	38
0	3	1	84	2	47	3	78	4	3	5	89	6	76	7	28	8	46	9	81
0	84	1	36	2	61	3	1	4	45	5	51	6	15	7	57	8	15	9	11
0	85	1	86	2	24	3	80	4	58	5	84	6	13	7	39	8	60	9	35
0	75	1	63	2	48	3	58	4	66	5	2	6	46	7	14	8	46	9	79
0	70	1	8	2	90	3	39	4	44	5	45	6	42	7	13	8	16	9	71
0	29	1	31	2	67	3	24	4	52	5	16	6	60	7	67	8	20	9	19
0	76	1	37	2	67	3	12	4	6	5	21	6	87	7	3	8	34	9	43
0	5	1	2	2	11	3	35	4	40	5	78	6	95	7	84	8	36	9	14
0	42	1	1	2	23	3	89	4	7	5	45	6	96	7	25	8	7	9	50
0	41	1	78	2	94	3	28	4	4	5	34	6	41	7	79	8	33	9	23
0	57	1	39	2	78	3	72	4	67	5	27	6	21	7	32	8	84	9	74
0	21	1	76	2	31	3	6	4	76	5	75	6	15	7	78	8	6	9	61
0	25	1	63	2	96	3	84	4	3	5	26	6	8	7	82	8	32	9	7
0	38	1	17	2	51	3	14	4	57	5	3	6	23	7	51	8	23	9	79
0	24	1	64	2	40	3	32	4	30	5	65	6	47	7	88	8	51	9	28
0	20	1	62	2	73	3	71	4	97	5	93	6	42	7	93	8	70	9	41
0	20	1	38	2	1	3	77	4	37	5	4	6	25	7	18	8	49	9	74
0	53	1	63	2	56	3	26	4	37	5	61	6	23	7	65	8	54	9	38
0	79	1	20	2	31	3	4	4	87	5	75	6	43	7	79	8	16	9	63
0	60	1	29	2	81	3	81	4	60	5	86	6	63	7	63	8	95	9	26
0	40	1	30	2	39	3	77	4	75	5	56	6	7	7	47	8	35	9	37
0	70	1	77	2	40	3	32	4	62	5	1	6	7	7	97	8	90	9	61
0	60	1	45	2	2	3	85	4	14	5	25	6	82	7	74	8	66	9	51
0	97	1	60	2	69	3	29	4	97	5	49	6	80	7	54	8	28	9	32
0	69	1	96	2	45	3	78	4	93	5	82	6	89	7	49	8	20	9	60
0	80	1	65	2	73	3	34	4	65	5	94	6	28	7	54	8	63	9	51
0	73	1	32	2	81	3	83	4	39	5	10	6	9	7	12	8	34	9	13
0	20	1	52	2	70	3	58	4	92	5	64	6	99	7	23	8	91	9	32
0	35	1	34	2	54	3	7	4	70	5	33	6	87	7	35	8	63	9	3
0	21	1	26	2	90	3	77	4	58	5	37	6	15	7	62	8	40	9	83
0	74	1	78	2	15	3	8	4	40	5	28	6	95	7	15	8	42	9	2
0	94	1	5	2	62	3	32	4	16	5	40	6	78	7	74	8	13	9	7
0	23	1	74	2	48	3	32	4	91	5	93	6	62	7	92	8	1	9	56
0	49	1	38	2	83	3	9	4	57	5	57	6	19	7	47	8	67	9	43
0	37	1	73	2	93	3	62	4	8	5	17	6	64	7	58	8	61	9	19
0	58	1	41	2	49	3	33	4	61	5	99	6	30	7	83	8	16	9	46
0	65	1	3	2	15	3	85	4	52	5	57	6	22	7	54	8	74	9	58
0	21	1	32	2	8	3	70	4	69	5	50	6	80	7	86	8	24	9	75
0	30	1	5	2	32	3	81	4	97	5	9	6	89	7	50	8	47	9	58
0	28	1	36	2	31	3	22	4	77	5	35	6	59	7	8	8	10	9	51
0	95	1	11	2	83	3	4	4	97	5	27	6	34	7	78	8	64	9	12
0	20	1	43	2	59	3	41	4	16	5	61	6	71	7	33	8	88	9	43
0	67	1	71	2	7	3	17	4	31	5	85	6	1	7	85	8	92	9	35
0	90	1	73	2	76	3	72	4	80	5	20	6	21	7	28	8	83	9	71
0	74	1	11	2	86	3	36	4	39	5	84	6	76	7	90	8	6	9	16
0	64	1	26	2	19	3	67	4	84	5	24	6	4	7	66	8	72	9	13
0	26	1	48	2	86	3	30	4	21	5	46	6	66	7	87	8	60	9	96
0	41	1	43	2	49	3	18	4	68	5	56	6	84	7	70	8	78	9	46
0	9	1	11	2	80	3	76	4	70	5	65	6	54	7	10	8	88	9	56
0	16	1	54	2	55	3	70	4	45	5	27	6	25	7	57	8	16	9	92
0	19	1	89	2	30	3	9	4	75	5	21	6	77	7	2	8	98	9	29
0	40	1	34	2	87	3	27	4	5	5	16	6	67	7	10	8	59	9	56
0	91	1	57	2	99	3	5	4	81	5	86	6	87	7	78	8	73	9	42
0	31	1	28	2	55	3	86	4	28	5	20	6	80	7	72	8	2	9	49
LBCmax: 2055
RELDUE
-1	978	1	4
-1	834	1	3
-1	662	5	8
-1	862	2	2
-1	684	4	4
-1	953	1	4
-1	890	8	8
-1	734	3	2
-1	887	5	9
-1	736	3	2
-1	860	2	2
-1	680	9	2
-1	1019	5	3
-1	861	7	6
-1	620	3	2
-1	868	5	5
-1	987	4	6
-1	722	7	4
-1	730	8	9
-1	981	8	8
-1	755	6	4
-1	1020	5	5
-1	733	7	7
-1	849	1	9
-1	1016	6	7
-1	664	1	3
-1	940	1	4
-1	622	1	9
-1	1024	5	9
-1	967	7	3
-1	760	1	6
-1	1009	8	3
-1	648	9	5
-1	655	1	3
-1	895	1	8
-1	774	4	5
-1	803	2	5
-1	777	5	7
-1	976	6	4
-1	1024	4	7
-1	696	2	8
-1	857	9	6
-1	668	1	2
-1	796	5	9
-1	955	5	8
-1	679	9	9
-1	739	2	6
-1	1008	7	1
-1	966	5	3
-1	889	6	3
-1	736	7	8
-1	841	9	7
-1	797	4	5
-1	668	2	6
-1	680	8	3
-1	985	4	1
-1	717	5	9
-1	841	2	3
-1	873	6	3
-1	636	2	8
-1	628	1	1
-1	884	7	3
-1	737	9	5
-1	948	4	6
-1	1003	7	5
-1	878	3	4
-1	647	8	2
-1	980	1	3
-1	993	8	2
-1	873	2	6
-1	680	9	8
-1	825	2	2
-1	774	4	8
-1	733	4	2
-1	901	5	5
-1	926	4	3
-1	968	1	8
-1	964	2	6
-1	922	1	6
-1	953	8	8
-1	953	2	6
-1	960	8	4
-1	683	1	9
-1	751	3	4
-1	847	9	8
-1	947	4	4
-1	828	1	6
-1	1008	8	2
-1	1002	9	6
-1	938	8	1
-1	673	1	2
-1	990	2	3
-1	932	1	9
-1	955	4	1
-1	1012	9	4
-1	840	2	3
-1	736	3	3
-1	748	4	3
-1	820	9	7
-1	692	1	5
DDW
851	1105
826	842
629	695
750	974
670	698
762	1144
854	926
668	800
718	1056
589	883
740	980
605	755
856	1182
706	1016
521	719
859	877
888	1086
628	816
672	788
952	1010
657	853
969	1071
674	792
756	942
874	1158
644	684
912	968
522	722
973	1075
861	1073
722	798
959	1059
583	713
603	707
823	967
759	789
650	956
692	862
937	1015
1004	1044
578	814
694	1020
648	688
637	955
812	1098
591	767
665	813
907	1109
860	1072
809	969
611	861
782	900
741	853
661	675
564	796
896	1074
617	817
715	967
698	1048
509	763
515	741
813	955
700	774
872	1024
843	1163
799	957
634	660
892	1068
894	1092
742	1004
660	700
660	990
697	851
689	777
838	964
796	1056
949	987
877	1051
774	1070
943	963
829	1077
835	1085
642	724
631	871
728	966
767	1127
679	977
907	1109
892	1112
760	1116
612	734
950	1030
829	1035
917	993
961	1063
764	916
626	846
636	860
779	861
650	734
