HFSDDW
100	15	5
0	66	1	39	2	38	3	59	4	79
0	33	1	96	2	37	3	57	4	30
0	49	1	54	2	70	3	89	4	4
0	45	1	33	2	50	3	70	4	42
0	83	1	5	2	60	3	75	4	62
0	62	1	77	2	95	3	9	4	14
0	93	1	32	2	13	3	55	4	17
0	36	1	54	2	96	3	8	4	89
0	60	1	59	2	4	3	4	4	5
0	91	1	66	2	52	3	4	4	12
0	2	1	27	2	68	3	38	4	81
0	62	1	79	2	63	3	96	4	18
0	56	1	1	2	29	3	44	4	36
0	18	1	41	2	15	3	73	4	67
0	91	1	36	2	42	3	80	4	82
0	25	1	1	2	57	3	70	4	70
0	95	1	25	2	91	3	97	4	12
0	66	1	63	2	75	3	73	4	55
0	57	1	90	2	99	3	90	4	34
0	59	1	30	2	60	3	67	4	87
0	51	1	52	2	79	3	36	4	20
0	66	1	84	2	88	3	55	4	57
0	62	1	22	2	93	3	27	4	22
0	31	1	10	2	32	3	32	4	69
0	55	1	65	2	41	3	19	4	11
0	1	1	37	2	52	3	46	4	23
0	94	1	41	2	90	3	82	4	20
0	44	1	46	2	56	3	77	4	46
0	82	1	75	2	20	3	17	4	93
0	35	1	97	2	73	3	68	4	4
0	50	1	98	2	28	3	97	4	33
0	85	1	11	2	61	3	26	4	20
0	30	1	32	2	42	3	33	4	62
0	21	1	32	2	11	3	7	4	77
0	85	1	53	2	55	3	86	4	87
0	79	1	46	2	25	3	26	4	76
0	4	1	63	2	83	3	43	4	73
0	96	1	14	2	92	3	50	4	35
0	34	1	84	2	31	3	58	4	17
0	50	1	33	2	87	3	54	4	72
0	3	1	86	2	66	3	91	4	19
0	96	1	44	2	41	3	10	4	53
0	39	1	85	2	36	3	50	4	16
0	66	1	49	2	98	3	60	4	66
0	8	1	40	2	61	3	71	4	43
0	1	1	23	2	96	3	70	4	38
0	47	1	58	2	70	3	53	4	73
0	17	1	96	2	92	3	25	4	76
0	53	1	72	2	82	3	96	4	95
0	48	1	49	2	80	3	42	4	50
0	2	1	35	2	28	3	88	4	65
0	63	1	26	2	94	3	48	4	19
0	73	1	47	2	70	3	72	4	7
0	81	1	16	2	82	3	76	4	99
0	69	1	56	2	74	3	83	4	13
0	35	1	57	2	64	3	76	4	94
0	51	1	42	2	55	3	20	4	36
0	12	1	31	2	82	3	88	4	10
0	91	1	2	2	44	3	7	4	3
0	7	1	2	2	10	3	90	4	15
0	33	1	66	2	4	3	43	4	81
0	45	1	61	2	44	3	75	4	30
0	6	1	62	2	19	3	53	4	67
0	31	1	91	2	51	3	36	4	94
0	50	1	34	2	94	3	67	4	8
0	67	1	12	2	67	3	80	4	7
0	34	1	48	2	74	3	61	4	62
0	84	1	39	2	12	3	39	4	91
0	51	1	86	2	7	3	59	4	4
0	30	1	83	2	91	3	39	4	72
0	15	1	51	2	74	3	95	4	64
0	99	1	72	2	37	3	35	4	14
0	33	1	93	2	64	3	68	4	95
0	58	1	87	2	58	3	91	4	82
0	92	1	80	2	12	3	45	4	43
0	64	1	27	2	36	3	63	4	78
0	84	1	21	2	28	3	9	4	92
0	82	1	74	2	78	3	96	4	62
0	13	1	2	2	76	3	25	4	58
0	58	1	23	2	38	3	63	4	46
0	42	1	25	2	99	3	57	4	79
0	35	1	39	2	29	3	52	4	1
0	73	1	37	2	73	3	57	4	30
0	12	1	65	2	55	3	76	4	13
0	84	1	10	2	61	3	29	4	69
0	91	1	4	2	87	3	86	4	85
0	41	1	88	2	72	3	18	4	37
0	59	1	22	2	71	3	29	4	58
0	44	1	45	2	26	3	96	4	89
0	76	1	28	2	20	3	94	4	46
0	93	1	67	2	62	3	50	4	61
0	32	1	64	2	70	3	87	4	88
0	31	1	52	2	42	3	67	4	59
0	84	1	64	2	56	3	20	4	70
0	90	1	93	2	26	3	19	4	69
0	40	1	84	2	65	3	40	4	93
0	63	1	83	2	92	3	41	4	92
0	74	1	27	2	23	3	57	4	5
0	95	1	51	2	84	3	41	4	27
0	91	1	3	2	59	3	37	4	6
LBCmax: 1938
RELDUE
-1	431	3	3
-1	1591	8	8
-1	196	2	4
-1	668	8	1
-1	1274	9	7
-1	2126	7	1
-1	995	3	7
-1	1031	9	7
-1	1754	8	4
-1	609	6	5
-1	1128	8	9
-1	2109	1	1
-1	784	2	7
-1	2009	7	5
-1	679	8	7
-1	1127	4	6
-1	1355	2	3
-1	228	5	9
-1	1646	4	8
-1	1845	1	1
-1	1302	5	4
-1	1000	7	2
-1	2114	4	1
-1	490	7	5
-1	1642	7	3
-1	956	9	9
-1	365	8	1
-1	1846	5	3
-1	1979	2	7
-1	1704	6	5
-1	910	6	4
-1	683	2	3
-1	728	4	1
-1	865	9	1
-1	1766	2	1
-1	1961	3	9
-1	1803	4	5
-1	1506	9	4
-1	1837	2	9
-1	1989	6	1
-1	825	9	3
-1	1817	8	5
-1	1008	8	5
-1	879	7	1
-1	1289	7	2
-1	2073	8	6
-1	595	2	5
-1	1956	4	2
-1	501	2	5
-1	1713	8	3
-1	808	2	7
-1	210	3	6
-1	1817	9	9
-1	1205	6	4
-1	1126	1	1
-1	1564	1	2
-1	1610	2	6
-1	1839	5	4
-1	1158	6	7
-1	512	4	8
-1	1954	4	8
-1	1282	3	9
-1	1185	3	7
-1	243	8	8
-1	1831	1	8
-1	638	2	7
-1	1574	2	4
-1	2051	9	3
-1	436	1	2
-1	850	6	9
-1	1456	8	4
-1	1981	1	6
-1	524	2	6
-1	1790	5	6
-1	1213	1	1
-1	1617	6	5
-1	2124	2	9
-1	1428	9	3
-1	1334	4	3
-1	1702	4	3
-1	554	2	7
-1	542	3	3
-1	1538	9	4
-1	460	9	8
-1	1090	6	3
-1	893	4	5
-1	999	2	4
-1	1656	1	9
-1	1872	8	6
-1	396	8	6
-1	545	2	2
-1	2096	8	1
-1	541	2	7
-1	1518	5	3
-1	229	4	7
-1	1676	8	7
-1	826	7	3
-1	958	8	2
-1	1181	2	7
-1	845	7	7
DDW
401	461
1464	1718
176	216
615	721
1185	1363
2083	2169
955	1035
949	1113
1596	1912
603	615
1072	1184
1940	2278
745	823
1848	2170
672	686
1014	1240
1220	1490
221	235
1630	1662
1808	1882
1172	1432
930	1070
2029	2199
441	539
1560	1724
889	1023
336	394
1680	2012
1860	2098
1551	1857
837	983
676	690
655	801
848	882
1748	1784
1863	2059
1767	1839
1491	1521
1764	1910
1969	2009
792	858
1672	1962
958	1058
844	914
1250	1328
2052	2094
571	619
1760	2152
486	516
1559	1867
792	824
189	231
1690	1944
1133	1277
1036	1216
1408	1720
1546	1674
1821	1857
1123	1193
507	517
1856	2052
1205	1359
1161	1209
219	267
1758	1904
612	664
1432	1716
1989	2113
405	467
799	901
1340	1572
1783	2179
477	571
1772	1808
1104	1322
1585	1649
2060	2188
1414	1442
1241	1427
1617	1787
537	571
499	585
1430	1646
428	492
1003	1177
822	964
959	1039
1590	1722
1797	1947
388	404
534	556
2054	2138
498	584
1472	1564
213	245
1525	1827
776	876
910	1006
1169	1193
769	921
