HFSDDW
100	15	5
0	16	1	15	2	25	3	70	4	10
0	80	1	21	2	63	3	55	4	68
0	61	1	14	2	21	3	98	4	58
0	6	1	45	2	26	3	58	4	99
0	13	1	96	2	63	3	19	4	94
0	58	1	7	2	81	3	65	4	2
0	6	1	14	2	17	3	47	4	39
0	90	1	16	2	6	3	14	4	76
0	19	1	94	2	10	3	21	4	59
0	97	1	43	2	47	3	56	4	65
0	19	1	1	2	38	3	4	4	17
0	20	1	51	2	7	3	76	4	51
0	73	1	39	2	97	3	54	4	63
0	47	1	97	2	74	3	59	4	68
0	89	1	39	2	12	3	82	4	81
0	19	1	87	2	43	3	60	4	97
0	16	1	59	2	25	3	1	4	82
0	6	1	76	2	13	3	30	4	20
0	39	1	10	2	30	3	62	4	3
0	79	1	96	2	56	3	58	4	12
0	99	1	69	2	87	3	88	4	75
0	80	1	88	2	56	3	23	4	98
0	32	1	9	2	47	3	79	4	36
0	15	1	14	2	97	3	71	4	58
0	71	1	84	2	45	3	40	4	29
0	80	1	10	2	50	3	79	4	2
0	23	1	32	2	85	3	48	4	97
0	47	1	71	2	37	3	25	4	3
0	17	1	20	2	89	3	32	4	88
0	31	1	62	2	50	3	27	4	88
0	66	1	98	2	84	3	1	4	40
0	15	1	24	2	48	3	60	4	94
0	70	1	39	2	76	3	21	4	75
0	1	1	23	2	98	3	81	4	89
0	43	1	77	2	72	3	69	4	41
0	51	1	95	2	14	3	52	4	97
0	18	1	59	2	23	3	91	4	36
0	24	1	48	2	85	3	9	4	82
0	23	1	24	2	76	3	30	4	32
0	78	1	43	2	69	3	56	4	87
0	9	1	64	2	68	3	37	4	46
0	88	1	26	2	15	3	59	4	88
0	20	1	11	2	96	3	62	4	77
0	11	1	16	2	85	3	85	4	52
0	53	1	37	2	90	3	99	4	67
0	19	1	1	2	43	3	38	4	62
0	8	1	27	2	57	3	64	4	89
0	54	1	90	2	86	3	46	4	48
0	97	1	33	2	27	3	20	4	63
0	12	1	27	2	15	3	53	4	21
0	62	1	58	2	83	3	5	4	35
0	71	1	73	2	69	3	70	4	27
0	87	1	83	2	77	3	96	4	81
0	93	1	53	2	33	3	73	4	23
0	20	1	30	2	40	3	38	4	54
0	20	1	11	2	71	3	37	4	55
0	92	1	86	2	89	3	17	4	99
0	50	1	43	2	53	3	29	4	18
0	81	1	22	2	16	3	19	4	61
0	15	1	56	2	30	3	39	4	69
0	59	1	93	2	42	3	31	4	1
0	33	1	18	2	46	3	51	4	16
0	61	1	3	2	33	3	16	4	34
0	1	1	93	2	60	3	96	4	31
0	51	1	99	2	5	3	55	4	42
0	98	1	14	2	21	3	77	4	39
0	64	1	81	2	33	3	67	4	96
0	98	1	45	2	59	3	16	4	67
0	32	1	96	2	3	3	14	4	57
0	79	1	89	2	1	3	85	4	60
0	21	1	95	2	33	3	8	4	19
0	59	1	89	2	86	3	89	4	3
0	20	1	96	2	69	3	12	4	51
0	80	1	69	2	65	3	20	4	35
0	55	1	35	2	44	3	30	4	98
0	54	1	97	2	91	3	97	4	62
0	10	1	13	2	36	3	17	4	18
0	69	1	48	2	25	3	49	4	37
0	10	1	58	2	69	3	14	4	47
0	35	1	28	2	91	3	62	4	77
0	10	1	24	2	81	3	50	4	5
0	86	1	51	2	3	3	10	4	64
0	62	1	98	2	89	3	27	4	93
0	7	1	61	2	53	3	93	4	82
0	32	1	44	2	16	3	82	4	26
0	97	1	65	2	31	3	83	4	63
0	27	1	7	2	29	3	21	4	53
0	85	1	32	2	86	3	12	4	32
0	18	1	46	2	16	3	85	4	75
0	12	1	69	2	43	3	21	4	40
0	74	1	74	2	97	3	79	4	45
0	65	1	9	2	98	3	24	4	8
0	21	1	21	2	20	3	46	4	37
0	56	1	69	2	68	3	74	4	8
0	75	1	74	2	41	3	62	4	64
0	86	1	29	2	31	3	8	4	14
0	28	1	23	2	11	3	43	4	89
0	52	1	10	2	50	3	76	4	87
0	77	1	34	2	62	3	5	4	12
0	97	1	26	2	70	3	48	4	20
LBCmax: 1832
RELDUE
-1	601	1	4
-1	0	2	7
-1	1066	7	7
-1	45	5	4
-1	1014	9	1
-1	0	4	4
-1	434	4	5
-1	458	3	3
-1	93	8	5
-1	891	7	8
-1	499	3	7
-1	1247	9	9
-1	1492	4	7
-1	3	9	5
-1	1282	7	5
-1	1602	8	9
-1	0	6	6
-1	1215	3	6
-1	863	5	4
-1	1372	6	1
-1	669	6	1
-1	170	2	2
-1	1502	1	8
-1	1418	3	7
-1	386	3	7
-1	575	4	4
-1	35	2	3
-1	491	4	3
-1	746	5	2
-1	1044	4	1
-1	918	8	1
-1	891	7	5
-1	1321	2	4
-1	1420	8	7
-1	1120	2	6
-1	301	8	4
-1	823	8	6
-1	1611	3	3
-1	1242	6	7
-1	1444	8	5
-1	157	4	3
-1	1175	2	9
-1	448	1	4
-1	136	8	3
-1	728	3	1
-1	1628	2	3
-1	586	1	6
-1	773	3	5
-1	260	3	7
-1	73	9	7
-1	1424	1	5
-1	731	5	6
-1	49	9	9
-1	978	6	5
-1	1157	1	1
-1	247	7	7
-1	0	4	8
-1	1298	6	5
-1	1308	9	8
-1	255	5	7
-1	1432	6	5
-1	1593	5	2
-1	1362	5	6
-1	699	4	2
-1	1622	4	7
-1	1257	1	8
-1	1576	8	2
-1	0	5	8
-1	532	8	5
-1	797	1	2
-1	595	8	3
-1	36	3	2
-1	1623	4	4
-1	1068	8	3
-1	1031	9	7
-1	1144	6	4
-1	1372	3	2
-1	1183	1	5
-1	506	1	3
-1	408	2	4
-1	1639	6	4
-1	912	1	3
-1	48	1	8
-1	489	9	3
-1	1269	3	8
-1	4	7	4
-1	658	7	3
-1	159	9	3
-1	79	3	3
-1	690	8	1
-1	130	7	1
-1	1175	3	7
-1	119	2	6
-1	803	6	6
-1	0	1	1
-1	214	8	5
-1	1462	4	7
-1	1398	5	4
-1	164	2	9
-1	1121	2	5
DDW
541	661
0	0
853	1279
44	46
811	1217
0	0
373	495
371	545
88	98
740	1042
479	519
1047	1447
1328	1656
3	3
1115	1449
1426	1778
0	0
1118	1312
846	880
1262	1482
636	702
160	180
1427	1577
1333	1503
382	390
546	604
34	36
481	501
619	873
919	1169
890	946
829	953
1295	1347
1321	1519
974	1266
292	310
807	839
1563	1659
1056	1428
1155	1733
126	188
999	1351
408	488
129	143
604	852
1612	1644
469	703
727	819
255	265
58	88
1339	1509
607	855
40	58
812	1144
1076	1238
237	257
0	0
1103	1493
1282	1334
214	296
1389	1475
1386	1800
1335	1389
601	797
1395	1849
1031	1483
1355	1797
0	0
479	585
709	885
541	649
36	36
1396	1850
1036	1100
938	1124
1030	1258
1125	1619
946	1420
460	552
404	412
1541	1737
757	1067
38	58
406	572
1193	1345
4	4
605	711
151	167
63	95
628	752
110	150
1081	1269
118	120
642	964
0	0
197	231
1272	1652
1174	1622
146	182
897	1345
