HFSDDW
50	15	5
0	12	1	18	2	70	3	52	4	63
0	75	1	39	2	45	3	87	4	11
0	8	1	25	2	28	3	21	4	11
0	70	1	10	2	51	3	29	4	13
0	56	1	65	2	15	3	96	4	55
0	35	1	19	2	53	3	60	4	73
0	38	1	60	2	10	3	15	4	1
0	18	1	51	2	39	3	59	4	81
0	14	1	62	2	12	3	20	4	4
0	29	1	92	2	10	3	98	4	4
0	31	1	13	2	67	3	2	4	69
0	47	1	4	2	74	3	97	4	28
0	57	1	86	2	84	3	15	4	72
0	48	1	16	2	13	3	20	4	92
0	19	1	70	2	91	3	48	4	98
0	94	1	53	2	94	3	92	4	26
0	43	1	9	2	54	3	57	4	42
0	26	1	92	2	8	3	46	4	54
0	14	1	76	2	41	3	31	4	24
0	28	1	77	2	97	3	48	4	56
0	14	1	79	2	90	3	6	4	84
0	61	1	21	2	20	3	4	4	75
0	93	1	9	2	81	3	71	4	85
0	48	1	32	2	28	3	72	4	46
0	55	1	8	2	67	3	66	4	79
0	42	1	30	2	61	3	24	4	70
0	17	1	56	2	47	3	36	4	12
0	63	1	19	2	48	3	72	4	81
0	6	1	73	2	5	3	70	4	60
0	6	1	95	2	70	3	45	4	75
0	96	1	50	2	25	3	2	4	1
0	7	1	13	2	24	3	27	4	42
0	31	1	59	2	95	3	33	4	59
0	38	1	61	2	46	3	59	4	23
0	29	1	83	2	55	3	91	4	40
0	82	1	3	2	96	3	6	4	73
0	47	1	59	2	16	3	48	4	74
0	66	1	31	2	45	3	36	4	6
0	51	1	94	2	21	3	31	4	50
0	47	1	78	2	72	3	12	4	23
0	44	1	49	2	11	3	23	4	47
0	13	1	94	2	34	3	62	4	19
0	4	1	16	2	19	3	53	4	94
0	72	1	43	2	47	3	59	4	92
0	7	1	16	2	11	3	53	4	71
0	35	1	62	2	25	3	41	4	93
0	4	1	31	2	85	3	83	4	30
0	97	1	48	2	93	3	2	4	61
0	71	1	97	2	83	3	17	4	3
0	35	1	76	2	67	3	36	4	78
LBCmax: 924
RELDUE
-1	653	1	4
-1	705	4	4
-1	671	5	5
-1	682	8	2
-1	676	9	1
-1	698	9	5
-1	719	1	2
-1	753	5	6
-1	742	8	3
-1	669	8	4
-1	741	5	6
-1	776	7	2
-1	819	4	3
-1	774	1	5
-1	675	8	2
-1	782	1	2
-1	704	9	2
-1	712	3	2
-1	691	5	5
-1	827	1	4
-1	690	8	1
-1	739	7	6
-1	730	1	2
-1	828	8	3
-1	685	4	5
-1	664	2	7
-1	708	4	6
-1	821	7	4
-1	742	7	2
-1	715	1	2
-1	755	5	3
-1	823	3	8
-1	813	1	7
-1	764	5	8
-1	814	8	4
-1	781	1	3
-1	679	2	4
-1	769	6	5
-1	773	9	1
-1	650	2	3
-1	756	5	8
-1	816	2	3
-1	725	9	3
-1	814	8	4
-1	666	5	9
-1	650	4	3
-1	655	5	8
-1	673	9	5
-1	649	7	8
-1	701	6	3
DDW
568	738
698	712
604	738
546	818
608	744
565	831
640	798
610	896
735	749
636	702
674	808
667	885
803	835
650	898
574	776
673	891
683	725
570	854
574	808
703	951
559	821
709	769
672	788
679	977
555	815
558	770
595	821
764	878
660	824
708	722
634	876
807	839
732	894
634	894
708	920
703	859
631	727
731	807
642	904
637	663
635	877
661	971
674	776
765	863
593	739
552	748
622	688
572	774
630	668
659	743
