HFSDDW
100	50	10
0	68	1	79	2	43	3	1	4	50	5	20	6	35	7	69	8	30	9	94
0	8	1	11	2	90	3	64	4	96	5	57	6	86	7	80	8	36	9	98
0	39	1	30	2	69	3	87	4	67	5	32	6	75	7	1	8	99	9	60
0	19	1	74	2	13	3	45	4	96	5	41	6	94	7	19	8	30	9	97
0	33	1	28	2	76	3	31	4	24	5	64	6	45	7	54	8	36	9	2
0	83	1	30	2	45	3	40	4	92	5	39	6	10	7	56	8	33	9	19
0	45	1	34	2	70	3	69	4	75	5	34	6	98	7	46	8	67	9	55
0	62	1	67	2	50	3	39	4	65	5	11	6	53	7	39	8	63	9	3
0	87	1	21	2	65	3	98	4	77	5	88	6	30	7	72	8	53	9	58
0	31	1	39	2	85	3	12	4	52	5	98	6	57	7	7	8	56	9	90
0	66	1	99	2	86	3	81	4	39	5	16	6	80	7	7	8	75	9	81
0	85	1	71	2	92	3	31	4	32	5	24	6	69	7	72	8	92	9	86
0	4	1	27	2	93	3	9	4	24	5	24	6	82	7	38	8	86	9	66
0	53	1	47	2	82	3	73	4	37	5	88	6	35	7	84	8	59	9	62
0	9	1	23	2	97	3	71	4	72	5	60	6	46	7	55	8	80	9	28
0	30	1	85	2	15	3	69	4	86	5	40	6	7	7	77	8	57	9	15
0	33	1	43	2	20	3	9	4	28	5	39	6	88	7	19	8	93	9	44
0	89	1	85	2	13	3	30	4	78	5	81	6	29	7	22	8	37	9	64
0	78	1	27	2	58	3	59	4	37	5	68	6	32	7	14	8	87	9	97
0	81	1	57	2	27	3	45	4	29	5	66	6	4	7	88	8	43	9	34
0	71	1	27	2	61	3	37	4	39	5	44	6	72	7	84	8	90	9	6
0	11	1	84	2	41	3	93	4	37	5	6	6	84	7	61	8	72	9	60
0	8	1	74	2	32	3	96	4	62	5	33	6	59	7	68	8	2	9	13
0	77	1	40	2	79	3	3	4	92	5	51	6	66	7	22	8	20	9	92
0	95	1	47	2	24	3	82	4	87	5	97	6	16	7	34	8	8	9	23
0	81	1	43	2	17	3	83	4	26	5	97	6	95	7	65	8	74	9	7
0	85	1	5	2	82	3	77	4	28	5	70	6	5	7	39	8	1	9	85
0	40	1	63	2	41	3	79	4	64	5	61	6	51	7	50	8	9	9	64
0	17	1	25	2	60	3	79	4	32	5	34	6	23	7	96	8	76	9	95
0	56	1	1	2	47	3	14	4	8	5	91	6	64	7	46	8	54	9	17
0	92	1	77	2	33	3	22	4	82	5	18	6	2	7	38	8	19	9	65
0	46	1	45	2	57	3	10	4	89	5	60	6	44	7	4	8	46	9	93
0	47	1	9	2	62	3	6	4	30	5	40	6	16	7	27	8	72	9	72
0	96	1	6	2	96	3	92	4	71	5	40	6	92	7	38	8	97	9	14
0	33	1	85	2	77	3	11	4	50	5	11	6	44	7	37	8	25	9	47
0	47	1	61	2	99	3	60	4	69	5	83	6	15	7	27	8	92	9	42
0	3	1	74	2	66	3	47	4	69	5	40	6	49	7	64	8	39	9	49
0	68	1	7	2	6	3	33	4	61	5	62	6	32	7	51	8	56	9	19
0	96	1	79	2	3	3	25	4	25	5	36	6	6	7	37	8	23	9	88
0	25	1	65	2	46	3	55	4	12	5	58	6	19	7	30	8	42	9	10
0	62	1	79	2	98	3	75	4	79	5	41	6	55	7	67	8	98	9	7
0	52	1	64	2	70	3	73	4	46	5	24	6	72	7	42	8	22	9	34
0	35	1	12	2	42	3	50	4	25	5	3	6	60	7	51	8	21	9	4
0	44	1	3	2	10	3	47	4	56	5	17	6	80	7	28	8	46	9	83
0	80	1	38	2	38	3	16	4	36	5	61	6	94	7	72	8	9	9	88
0	85	1	77	2	9	3	9	4	75	5	50	6	38	7	48	8	50	9	76
0	80	1	5	2	47	3	94	4	63	5	50	6	54	7	24	8	18	9	30
0	43	1	44	2	95	3	38	4	53	5	96	6	74	7	26	8	15	9	64
0	8	1	88	2	42	3	33	4	18	5	66	6	94	7	2	8	71	9	7
0	79	1	32	2	77	3	70	4	3	5	75	6	91	7	44	8	52	9	86
0	7	1	71	2	54	3	79	4	45	5	41	6	81	7	70	8	55	9	79
0	76	1	12	2	34	3	86	4	68	5	92	6	63	7	14	8	76	9	97
0	56	1	53	2	52	3	12	4	51	5	12	6	67	7	26	8	35	9	77
0	5	1	30	2	73	3	28	4	58	5	37	6	34	7	63	8	88	9	76
0	84	1	24	2	46	3	92	4	30	5	67	6	98	7	90	8	2	9	11
0	13	1	78	2	67	3	55	4	31	5	53	6	19	7	43	8	29	9	34
0	74	1	56	2	35	3	77	4	74	5	47	6	39	7	7	8	29	9	31
0	58	1	99	2	25	3	99	4	13	5	32	6	8	7	59	8	81	9	83
0	14	1	76	2	24	3	24	4	64	5	26	6	63	7	19	8	96	9	5
0	18	1	90	2	35	3	55	4	3	5	28	6	89	7	68	8	19	9	83
0	28	1	91	2	62	3	70	4	53	5	13	6	53	7	67	8	42	9	99
0	46	1	60	2	62	3	45	4	21	5	98	6	32	7	11	8	13	9	48
0	83	1	21	2	10	3	24	4	14	5	67	6	65	7	70	8	97	9	84
0	42	1	39	2	41	3	98	4	56	5	22	6	15	7	54	8	71	9	52
0	72	1	95	2	76	3	97	4	59	5	58	6	29	7	89	8	35	9	5
0	96	1	79	2	56	3	70	4	99	5	8	6	82	7	38	8	57	9	86
0	47	1	83	2	69	3	57	4	57	5	7	6	19	7	63	8	89	9	98
0	83	1	78	2	40	3	61	4	76	5	88	6	44	7	13	8	65	9	55
0	38	1	76	2	35	3	93	4	88	5	63	6	83	7	71	8	99	9	48
0	40	1	76	2	96	3	84	4	5	5	89	6	26	7	19	8	40	9	52
0	40	1	66	2	1	3	36	4	21	5	19	6	40	7	94	8	93	9	12
0	63	1	69	2	73	3	2	4	49	5	71	6	48	7	76	8	69	9	94
0	24	1	47	2	64	3	41	4	59	5	8	6	81	7	55	8	57	9	86
0	62	1	26	2	72	3	13	4	15	5	71	6	75	7	99	8	73	9	70
0	24	1	88	2	77	3	88	4	84	5	70	6	4	7	94	8	36	9	33
0	41	1	49	2	50	3	46	4	29	5	92	6	3	7	60	8	76	9	13
0	37	1	85	2	38	3	7	4	49	5	38	6	97	7	60	8	86	9	77
0	96	1	49	2	4	3	99	4	71	5	35	6	69	7	76	8	56	9	89
0	4	1	86	2	19	3	24	4	46	5	13	6	76	7	27	8	84	9	23
0	69	1	16	2	23	3	60	4	33	5	39	6	51	7	70	8	39	9	47
0	73	1	44	2	8	3	59	4	36	5	92	6	46	7	51	8	75	9	93
0	23	1	26	2	4	3	87	4	9	5	51	6	66	7	14	8	61	9	36
0	62	1	71	2	75	3	64	4	8	5	81	6	26	7	44	8	66	9	33
0	83	1	99	2	37	3	10	4	16	5	60	6	78	7	60	8	87	9	54
0	67	1	26	2	51	3	91	4	99	5	43	6	12	7	35	8	51	9	81
0	72	1	38	2	10	3	4	4	85	5	3	6	69	7	44	8	51	9	55
0	66	1	2	2	84	3	43	4	10	5	24	6	89	7	94	8	71	9	49
0	73	1	6	2	26	3	7	4	69	5	37	6	20	7	84	8	65	9	64
0	70	1	90	2	93	3	85	4	60	5	46	6	89	7	34	8	24	9	14
0	91	1	35	2	10	3	33	4	88	5	65	6	41	7	9	8	81	9	76
0	54	1	18	2	63	3	2	4	9	5	67	6	12	7	3	8	34	9	49
0	83	1	84	2	79	3	86	4	85	5	75	6	9	7	99	8	82	9	64
0	34	1	55	2	70	3	58	4	57	5	38	6	96	7	93	8	19	9	4
0	95	1	11	2	3	3	89	4	11	5	52	6	28	7	91	8	76	9	92
0	35	1	87	2	99	3	75	4	31	5	7	6	56	7	23	8	48	9	13
0	56	1	42	2	26	3	18	4	42	5	98	6	47	7	6	8	45	9	70
0	70	1	18	2	83	3	30	4	54	5	72	6	82	7	89	8	76	9	33
0	48	1	18	2	23	3	90	4	29	5	47	6	56	7	95	8	27	9	50
0	82	1	74	2	46	3	6	4	48	5	53	6	84	7	85	8	47	9	12
0	5	1	22	2	46	3	6	4	22	5	18	6	4	7	69	8	22	9	58
LBCmax: 1394
RELDUE
-1	485	7	4
-1	1060	8	5
-1	781	6	1
-1	344	8	2
-1	1045	5	3
-1	680	3	4
-1	400	8	1
-1	639	6	5
-1	1379	1	3
-1	1458	2	3
-1	735	6	3
-1	869	2	7
-1	1230	8	3
-1	1453	9	4
-1	1369	3	3
-1	1488	6	8
-1	1142	8	8
-1	1223	1	5
-1	1291	4	5
-1	143	8	6
-1	1360	3	8
-1	1487	9	6
-1	729	7	6
-1	1040	6	4
-1	530	5	9
-1	501	3	5
-1	1131	1	7
-1	387	5	5
-1	1085	3	2
-1	298	6	4
-1	751	1	5
-1	1339	8	3
-1	1161	7	5
-1	1098	5	1
-1	496	1	1
-1	366	2	5
-1	526	4	5
-1	573	1	7
-1	711	3	5
-1	260	1	2
-1	620	6	6
-1	820	9	4
-1	1483	9	1
-1	876	7	2
-1	1101	3	6
-1	871	3	3
-1	747	9	5
-1	866	5	7
-1	378	1	7
-1	493	9	3
-1	770	2	6
-1	493	3	4
-1	1353	8	8
-1	436	2	6
-1	1128	7	8
-1	532	2	7
-1	470	1	5
-1	1275	7	5
-1	1348	6	4
-1	683	3	7
-1	1082	7	3
-1	152	7	5
-1	1088	8	9
-1	1219	5	8
-1	845	9	3
-1	930	6	6
-1	1242	5	8
-1	270	1	1
-1	1096	4	5
-1	1142	6	1
-1	1101	8	2
-1	708	5	5
-1	651	4	5
-1	1170	2	5
-1	1057	8	1
-1	678	2	6
-1	143	5	2
-1	1387	5	8
-1	1472	8	7
-1	1193	5	9
-1	1287	3	3
-1	403	6	4
-1	148	2	6
-1	730	3	3
-1	1061	4	7
-1	397	1	2
-1	1520	8	2
-1	863	8	6
-1	1504	8	3
-1	1497	2	4
-1	1430	8	1
-1	785	1	8
-1	758	2	9
-1	166	1	4
-1	711	3	3
-1	606	2	7
-1	1266	9	7
-1	402	7	6
-1	169	5	1
-1	310	3	8
DDW
456	514
880	1240
765	797
334	354
1035	1055
544	816
328	472
588	690
1282	1476
1181	1735
728	742
765	973
1082	1378
1395	1511
1328	1410
1414	1562
1085	1199
1040	1406
1214	1368
137	149
1224	1496
1219	1755
722	736
1019	1061
477	583
461	541
1097	1165
379	395
998	1172
280	316
743	759
1138	1540
929	1393
1021	1175
486	506
293	439
521	531
464	682
590	832
252	268
601	639
697	943
1468	1498
815	937
1035	1167
758	984
732	762
719	1013
329	427
434	552
708	832
414	572
1123	1583
423	449
1049	1207
489	575
395	545
1262	1288
1159	1537
594	772
887	1277
126	178
870	1306
1195	1243
684	1006
874	986
1093	1391
254	286
1063	1129
1108	1176
1046	1156
666	750
534	768
1135	1205
1046	1068
570	786
117	169
1193	1581
1236	1708
990	1396
1197	1377
375	431
135	161
606	854
870	1252
377	417
1231	1809
708	1018
1203	1805
1287	1707
1358	1502
628	942
713	803
158	174
668	754
564	648
1076	1456
326	478
154	184
248	372
