HFSDDW
50	25	5
0	30	1	6	2	9	3	37	4	4
0	38	1	24	2	8	3	91	4	66
0	82	1	33	2	27	3	20	4	68
0	81	1	14	2	5	3	59	4	7
0	76	1	15	2	76	3	27	4	85
0	67	1	55	2	91	3	17	4	2
0	39	1	96	2	89	3	3	4	36
0	2	1	38	2	11	3	76	4	30
0	56	1	89	2	33	3	12	4	91
0	61	1	25	2	79	3	27	4	85
0	36	1	94	2	29	3	2	4	74
0	16	1	29	2	81	3	52	4	36
0	83	1	32	2	90	3	89	4	28
0	85	1	44	2	25	3	84	4	66
0	44	1	4	2	28	3	30	4	51
0	86	1	82	2	65	3	36	4	25
0	42	1	76	2	65	3	31	4	66
0	44	1	67	2	87	3	28	4	21
0	72	1	56	2	59	3	41	4	47
0	24	1	98	2	43	3	83	4	6
0	18	1	1	2	95	3	60	4	42
0	32	1	67	2	99	3	51	4	88
0	33	1	64	2	46	3	28	4	93
0	8	1	67	2	60	3	24	4	84
0	18	1	56	2	96	3	63	4	94
0	87	1	45	2	87	3	82	4	27
0	87	1	39	2	82	3	30	4	7
0	42	1	80	2	5	3	89	4	35
0	76	1	68	2	37	3	40	4	87
0	9	1	11	2	31	3	47	4	39
0	57	1	39	2	20	3	99	4	88
0	61	1	4	2	32	3	66	4	54
0	86	1	80	2	17	3	25	4	1
0	94	1	82	2	16	3	21	4	52
0	27	1	63	2	70	3	89	4	8
0	50	1	20	2	57	3	76	4	85
0	76	1	14	2	41	3	44	4	69
0	49	1	20	2	83	3	42	4	45
0	39	1	49	2	39	3	35	4	48
0	96	1	51	2	12	3	39	4	93
0	26	1	95	2	11	3	94	4	13
0	93	1	68	2	31	3	91	4	38
0	42	1	47	2	55	3	80	4	77
0	73	1	40	2	73	3	55	4	52
0	74	1	99	2	73	3	75	4	14
0	77	1	25	2	35	3	42	4	12
0	98	1	8	2	18	3	83	4	59
0	81	1	4	2	46	3	31	4	76
0	80	1	89	2	91	3	5	4	4
0	92	1	94	2	58	3	57	4	74
LBCmax: 678
RELDUE
-1	453	6	3
-1	594	4	6
-1	451	1	6
-1	661	4	7
-1	193	2	3
-1	252	2	5
-1	215	6	6
-1	309	5	1
-1	620	5	3
-1	304	3	2
-1	538	8	9
-1	293	1	8
-1	673	4	1
-1	607	3	5
-1	333	7	3
-1	297	8	9
-1	264	1	1
-1	551	6	6
-1	210	3	2
-1	719	6	9
-1	542	8	7
-1	703	2	3
-1	355	2	1
-1	605	1	1
-1	555	5	1
-1	648	9	7
-1	117	8	5
-1	538	8	6
-1	554	2	5
-1	213	3	1
-1	634	4	9
-1	519	1	9
-1	596	5	3
-1	522	5	6
-1	440	1	9
-1	212	7	4
-1	418	6	3
-1	273	3	1
-1	510	8	7
-1	287	7	3
-1	475	9	3
-1	526	1	7
-1	506	3	1
-1	720	1	6
-1	113	2	9
-1	386	4	8
-1	745	9	6
-1	152	6	9
-1	509	7	3
-1	541	8	8
DDW
399	507
541	647
446	456
588	734
179	207
224	280
206	224
272	346
595	645
255	353
447	629
267	319
572	774
486	728
330	336
291	303
216	312
507	595
185	235
661	777
520	564
569	837
320	390
593	617
500	610
525	771
105	129
430	646
471	637
198	228
583	685
452	586
489	703
428	616
378	502
187	237
397	439
246	300
469	551
238	336
385	565
468	584
460	552
670	770
110	116
382	390
730	760
123	181
448	570
487	595
