HFSDDW
100	25	5
0	46	1	90	2	56	3	31	4	60
0	55	1	86	2	7	3	31	4	79
0	31	1	83	2	44	3	82	4	58
0	38	1	59	2	14	3	35	4	58
0	61	1	3	2	39	3	4	4	68
0	19	1	46	2	92	3	33	4	55
0	36	1	5	2	51	3	44	4	63
0	74	1	63	2	23	3	58	4	11
0	17	1	87	2	76	3	2	4	85
0	61	1	56	2	45	3	3	4	27
0	4	1	77	2	56	3	47	4	93
0	44	1	52	2	53	3	63	4	42
0	9	1	93	2	74	3	76	4	44
0	26	1	32	2	99	3	19	4	83
0	74	1	37	2	56	3	25	4	41
0	73	1	26	2	38	3	19	4	8
0	63	1	1	2	90	3	7	4	52
0	59	1	49	2	4	3	50	4	20
0	23	1	11	2	59	3	17	4	2
0	23	1	14	2	1	3	57	4	59
0	29	1	56	2	27	3	19	4	52
0	66	1	21	2	32	3	6	4	21
0	18	1	14	2	35	3	56	4	79
0	8	1	4	2	67	3	24	4	85
0	77	1	28	2	50	3	98	4	61
0	64	1	77	2	39	3	23	4	19
0	59	1	26	2	80	3	59	4	78
0	7	1	74	2	71	3	55	4	85
0	38	1	17	2	98	3	30	4	3
0	9	1	76	2	4	3	38	4	93
0	19	1	46	2	76	3	72	4	82
0	1	1	7	2	28	3	58	4	88
0	88	1	82	2	9	3	87	4	61
0	92	1	34	2	75	3	78	4	72
0	34	1	33	2	13	3	39	4	48
0	60	1	30	2	20	3	96	4	53
0	88	1	74	2	2	3	29	4	99
0	13	1	50	2	9	3	77	4	77
0	1	1	46	2	14	3	67	4	97
0	56	1	8	2	11	3	68	4	11
0	74	1	1	2	25	3	66	4	60
0	86	1	34	2	38	3	24	4	22
0	70	1	86	2	32	3	6	4	1
0	14	1	80	2	80	3	88	4	48
0	42	1	25	2	98	3	1	4	71
0	87	1	20	2	46	3	42	4	92
0	52	1	20	2	51	3	86	4	78
0	87	1	49	2	36	3	69	4	13
0	79	1	13	2	85	3	55	4	7
0	14	1	15	2	8	3	67	4	83
0	75	1	28	2	23	3	21	4	68
0	50	1	2	2	25	3	94	4	73
0	67	1	87	2	96	3	32	4	69
0	51	1	36	2	45	3	27	4	13
0	64	1	44	2	12	3	75	4	69
0	30	1	40	2	44	3	93	4	58
0	72	1	12	2	79	3	58	4	17
0	25	1	96	2	31	3	19	4	29
0	86	1	25	2	42	3	95	4	46
0	91	1	17	2	53	3	85	4	56
0	78	1	70	2	81	3	54	4	19
0	31	1	17	2	47	3	52	4	38
0	10	1	58	2	32	3	37	4	1
0	55	1	9	2	38	3	15	4	45
0	55	1	5	2	27	3	98	4	27
0	40	1	3	2	16	3	29	4	77
0	14	1	86	2	58	3	38	4	79
0	2	1	31	2	25	3	40	4	85
0	8	1	49	2	79	3	80	4	19
0	28	1	92	2	5	3	94	4	91
0	83	1	78	2	39	3	40	4	2
0	73	1	44	2	82	3	28	4	78
0	28	1	1	2	18	3	75	4	25
0	23	1	1	2	94	3	57	4	99
0	25	1	83	2	97	3	29	4	37
0	6	1	26	2	46	3	79	4	98
0	47	1	98	2	21	3	38	4	93
0	35	1	48	2	18	3	36	4	7
0	58	1	48	2	97	3	62	4	57
0	8	1	31	2	5	3	56	4	96
0	28	1	98	2	48	3	95	4	67
0	1	1	81	2	10	3	4	4	95
0	47	1	97	2	3	3	29	4	31
0	30	1	79	2	80	3	81	4	89
0	74	1	82	2	58	3	50	4	41
0	76	1	86	2	36	3	71	4	30
0	74	1	22	2	90	3	83	4	71
0	49	1	50	2	26	3	71	4	93
0	53	1	39	2	15	3	41	4	59
0	61	1	46	2	68	3	31	4	28
0	28	1	51	2	23	3	66	4	22
0	46	1	41	2	97	3	55	4	90
0	15	1	45	2	38	3	73	4	22
0	26	1	7	2	20	3	58	4	82
0	80	1	54	2	9	3	88	4	36
0	36	1	68	2	18	3	91	4	79
0	31	1	18	2	6	3	44	4	3
0	24	1	98	2	25	3	61	4	26
0	9	1	53	2	70	3	80	4	79
0	9	1	1	2	41	3	19	4	34
LBCmax: 1168
RELDUE
-1	968	6	9
-1	765	4	6
-1	654	9	8
-1	923	1	3
-1	917	1	5
-1	1095	8	8
-1	881	9	8
-1	827	4	9
-1	790	1	9
-1	1189	4	3
-1	1128	9	5
-1	746	9	1
-1	629	2	6
-1	1117	1	2
-1	1007	9	5
-1	1260	3	9
-1	864	6	8
-1	1240	3	8
-1	1078	5	4
-1	1273	3	7
-1	770	2	3
-1	1157	7	1
-1	993	6	5
-1	815	4	9
-1	1104	4	4
-1	775	6	4
-1	1175	5	9
-1	780	1	2
-1	647	9	4
-1	781	5	4
-1	827	8	9
-1	770	3	5
-1	1273	2	9
-1	986	3	1
-1	755	6	5
-1	616	5	6
-1	638	7	7
-1	984	1	7
-1	1263	7	9
-1	793	4	6
-1	1151	2	1
-1	1034	8	6
-1	1253	9	8
-1	1111	4	6
-1	918	8	2
-1	1180	8	1
-1	908	9	9
-1	1245	9	3
-1	726	9	2
-1	1164	8	7
-1	1063	3	4
-1	636	4	8
-1	1081	9	9
-1	731	7	8
-1	635	9	3
-1	1096	4	1
-1	1057	1	8
-1	1125	2	8
-1	1104	1	7
-1	725	6	4
-1	1206	5	6
-1	684	2	4
-1	764	7	5
-1	593	6	7
-1	945	8	8
-1	942	7	5
-1	759	1	6
-1	929	4	8
-1	945	6	1
-1	975	7	9
-1	1206	2	5
-1	1166	7	6
-1	1263	8	8
-1	869	9	2
-1	705	8	1
-1	1021	2	2
-1	1189	6	5
-1	1168	2	6
-1	1182	2	1
-1	1209	2	4
-1	1153	3	1
-1	1215	1	1
-1	638	5	8
-1	769	9	4
-1	1003	4	4
-1	775	3	1
-1	974	1	7
-1	1126	3	9
-1	934	9	6
-1	944	6	8
-1	844	5	5
-1	799	9	7
-1	1165	6	5
-1	1121	9	6
-1	872	5	7
-1	1051	6	6
-1	854	8	3
-1	1243	6	1
-1	749	5	6
-1	1262	1	9
DDW
871	1065
719	811
602	706
877	969
834	1000
1073	1117
863	899
744	910
766	814
1165	1213
1049	1207
694	798
598	660
1083	1151
906	1108
1147	1373
847	881
1190	1290
1024	1132
1260	1286
701	839
1122	1192
894	1092
750	880
1027	1181
721	829
1140	1210
710	850
641	653
765	797
777	877
739	801
1197	1349
917	1055
680	830
554	678
587	689
935	1033
1149	1377
745	841
1105	1197
1024	1044
1190	1316
1067	1155
909	927
1168	1192
890	926
1170	1320
697	755
1059	1269
957	1169
623	649
1059	1103
658	804
629	641
1019	1173
983	1131
1114	1136
1016	1192
710	740
1085	1327
657	711
695	833
587	599
879	1011
904	980
751	767
855	1003
907	983
878	1072
1194	1218
1084	1248
1200	1326
782	956
656	754
929	1113
1082	1296
1098	1238
1099	1265
1124	1294
1084	1222
1130	1300
600	676
746	792
983	1023
744	806
945	1003
1058	1194
869	999
906	982
810	878
735	863
1072	1258
1043	1199
811	933
1040	1062
837	871
1193	1293
697	801
1161	1363
