HFSDDW
100	25	5
0	63	1	33	2	68	3	91	4	64
0	77	1	37	2	11	3	25	4	27
0	2	1	57	2	94	3	45	4	79
0	70	1	43	2	19	3	45	4	52
0	56	1	48	2	17	3	16	4	96
0	8	1	41	2	67	3	22	4	6
0	20	1	27	2	29	3	42	4	94
0	19	1	46	2	43	3	46	4	31
0	70	1	89	2	15	3	43	4	75
0	99	1	68	2	54	3	45	4	11
0	84	1	16	2	17	3	65	4	19
0	16	1	16	2	52	3	94	4	56
0	37	1	69	2	88	3	20	4	7
0	74	1	29	2	53	3	51	4	60
0	24	1	99	2	73	3	15	4	82
0	66	1	34	2	74	3	41	4	96
0	39	1	86	2	22	3	12	4	21
0	4	1	10	2	64	3	23	4	78
0	4	1	93	2	48	3	89	4	94
0	1	1	1	2	94	3	36	4	1
0	71	1	16	2	4	3	85	4	87
0	84	1	43	2	3	3	82	4	53
0	82	1	41	2	12	3	98	4	18
0	50	1	48	2	77	3	99	4	4
0	64	1	64	2	30	3	72	4	57
0	31	1	52	2	84	3	20	4	81
0	65	1	39	2	38	3	41	4	26
0	24	1	83	2	37	3	24	4	36
0	61	1	8	2	81	3	70	4	96
0	62	1	82	2	50	3	72	4	45
0	52	1	24	2	94	3	33	4	36
0	8	1	85	2	31	3	29	4	57
0	33	1	59	2	82	3	2	4	87
0	43	1	4	2	71	3	73	4	93
0	66	1	12	2	53	3	63	4	42
0	57	1	82	2	60	3	75	4	94
0	48	1	2	2	12	3	74	4	29
0	42	1	44	2	6	3	5	4	18
0	39	1	53	2	9	3	67	4	3
0	3	1	25	2	80	3	82	4	54
0	59	1	11	2	77	3	78	4	78
0	41	1	70	2	32	3	90	4	79
0	25	1	25	2	55	3	34	4	9
0	31	1	47	2	9	3	72	4	45
0	98	1	97	2	66	3	55	4	55
0	14	1	4	2	86	3	61	4	40
0	32	1	2	2	77	3	22	4	36
0	37	1	25	2	34	3	95	4	88
0	72	1	13	2	15	3	26	4	93
0	14	1	97	2	74	3	59	4	71
0	55	1	17	2	9	3	38	4	55
0	61	1	45	2	22	3	23	4	65
0	38	1	84	2	70	3	50	4	47
0	23	1	47	2	34	3	98	4	71
0	7	1	13	2	13	3	84	4	73
0	85	1	83	2	41	3	62	4	42
0	17	1	29	2	27	3	89	4	84
0	15	1	93	2	40	3	66	4	74
0	92	1	3	2	11	3	31	4	50
0	88	1	42	2	64	3	78	4	70
0	66	1	63	2	76	3	88	4	65
0	42	1	5	2	25	3	65	4	70
0	78	1	4	2	60	3	81	4	48
0	10	1	57	2	81	3	66	4	33
0	30	1	8	2	68	3	24	4	78
0	4	1	3	2	81	3	34	4	84
0	43	1	19	2	62	3	91	4	75
0	54	1	52	2	39	3	24	4	42
0	11	1	68	2	75	3	96	4	96
0	88	1	42	2	29	3	82	4	41
0	31	1	61	2	98	3	46	4	40
0	58	1	94	2	53	3	10	4	61
0	40	1	23	2	91	3	80	4	27
0	59	1	42	2	68	3	7	4	94
0	57	1	19	2	57	3	24	4	23
0	61	1	32	2	72	3	27	4	89
0	61	1	73	2	99	3	92	4	54
0	82	1	21	2	17	3	51	4	17
0	59	1	99	2	29	3	62	4	3
0	87	1	77	2	95	3	69	4	37
0	47	1	73	2	23	3	87	4	83
0	13	1	4	2	75	3	24	4	79
0	27	1	23	2	26	3	20	4	99
0	66	1	23	2	98	3	26	4	44
0	39	1	25	2	18	3	89	4	36
0	58	1	89	2	95	3	22	4	35
0	84	1	37	2	3	3	90	4	43
0	87	1	51	2	12	3	9	4	42
0	78	1	45	2	93	3	72	4	90
0	37	1	73	2	9	3	62	4	36
0	64	1	79	2	69	3	25	4	97
0	22	1	56	2	34	3	52	4	26
0	23	1	9	2	53	3	88	4	95
0	89	1	20	2	36	3	77	4	13
0	16	1	12	2	89	3	84	4	65
0	93	1	32	2	45	3	98	4	98
0	85	1	81	2	33	3	85	4	70
0	5	1	67	2	78	3	92	4	21
0	32	1	17	2	60	3	83	4	20
0	70	1	91	2	5	3	77	4	1
LBCmax: 1199
RELDUE
-1	484	7	5
-1	628	4	5
-1	586	8	1
-1	722	2	8
-1	504	2	4
-1	742	5	4
-1	1007	5	1
-1	976	1	6
-1	787	2	4
-1	387	6	3
-1	1007	2	6
-1	443	2	6
-1	611	4	2
-1	741	8	6
-1	652	8	4
-1	659	8	7
-1	905	7	6
-1	849	8	7
-1	493	1	2
-1	1009	1	9
-1	523	6	6
-1	657	7	8
-1	672	5	2
-1	769	3	1
-1	941	4	6
-1	1071	1	3
-1	728	9	6
-1	403	5	2
-1	826	3	7
-1	1046	1	7
-1	374	2	6
-1	561	9	7
-1	845	6	8
-1	1064	7	9
-1	946	3	3
-1	703	5	1
-1	716	3	6
-1	952	7	6
-1	831	9	4
-1	484	2	3
-1	467	9	7
-1	946	2	3
-1	494	4	5
-1	997	7	1
-1	580	1	7
-1	502	4	4
-1	950	1	4
-1	410	8	9
-1	667	6	1
-1	919	3	7
-1	1040	4	4
-1	531	8	1
-1	976	1	1
-1	987	9	3
-1	922	9	8
-1	906	2	9
-1	1036	6	8
-1	896	7	4
-1	860	4	7
-1	513	4	1
-1	374	1	6
-1	964	8	5
-1	509	8	1
-1	821	1	9
-1	373	8	7
-1	806	1	9
-1	677	1	5
-1	627	8	5
-1	874	9	2
-1	1029	2	3
-1	1023	6	5
-1	1033	1	2
-1	378	6	5
-1	368	8	2
-1	902	6	4
-1	657	5	8
-1	523	7	3
-1	754	6	7
-1	548	5	3
-1	799	2	9
-1	480	9	9
-1	677	4	3
-1	815	8	2
-1	987	8	1
-1	365	1	3
-1	922	5	3
-1	664	5	1
-1	938	4	6
-1	502	6	6
-1	400	9	4
-1	746	3	8
-1	899	4	5
-1	452	3	2
-1	678	3	8
-1	470	8	1
-1	583	1	6
-1	796	9	2
-1	753	3	6
-1	984	1	8
-1	854	4	4
DDW
450	518
578	678
574	598
693	751
459	549
727	757
967	1047
908	1044
716	858
348	426
977	1037
399	487
587	635
674	808
600	704
646	672
851	959
764	934
444	542
928	1090
471	575
650	664
652	692
761	777
913	969
975	1167
692	764
391	415
760	892
952	1140
352	396
516	606
820	870
1000	1128
870	1022
661	745
659	773
942	962
773	889
479	489
430	504
880	1012
489	499
907	1087
528	632
497	507
922	978
402	418
627	707
901	937
1030	1050
526	536
888	1064
918	1056
876	968
843	969
974	1098
878	914
843	877
508	518
344	404
945	983
458	560
813	829
354	392
758	854
630	724
571	683
865	883
1008	1050
972	1074
981	1085
363	393
331	405
812	992
631	683
518	528
724	784
537	559
783	815
446	514
657	697
750	880
928	1046
336	394
876	968
604	724
882	994
492	512
396	404
739	753
836	962
407	497
637	719
456	484
542	624
732	860
745	761
935	1033
820	888
