HFSDDW
100	15	5
0	45	1	99	2	83	3	54	4	76
0	1	1	9	2	39	3	28	4	35
0	90	1	28	2	51	3	54	4	40
0	34	1	59	2	97	3	13	4	71
0	56	1	52	2	97	3	35	4	11
0	46	1	8	2	95	3	95	4	60
0	28	1	46	2	57	3	90	4	21
0	80	1	43	2	84	3	52	4	82
0	87	1	1	2	55	3	28	4	64
0	29	1	30	2	85	3	91	4	52
0	37	1	76	2	79	3	67	4	90
0	93	1	3	2	49	3	44	4	30
0	93	1	13	2	44	3	67	4	8
0	45	1	71	2	60	3	34	4	59
0	91	1	74	2	45	3	31	4	84
0	55	1	96	2	69	3	70	4	81
0	17	1	23	2	5	3	43	4	23
0	51	1	66	2	90	3	99	4	27
0	78	1	94	2	41	3	23	4	89
0	74	1	57	2	87	3	21	4	20
0	58	1	69	2	51	3	32	4	61
0	63	1	31	2	49	3	82	4	36
0	96	1	33	2	78	3	63	4	14
0	70	1	9	2	1	3	45	4	57
0	79	1	80	2	61	3	7	4	81
0	97	1	34	2	23	3	41	4	11
0	97	1	10	2	49	3	51	4	24
0	47	1	72	2	73	3	82	4	60
0	21	1	17	2	8	3	64	4	31
0	45	1	16	2	78	3	9	4	19
0	66	1	57	2	42	3	63	4	40
0	77	1	9	2	44	3	50	4	64
0	29	1	8	2	9	3	72	4	38
0	87	1	84	2	27	3	39	4	66
0	98	1	36	2	19	3	85	4	36
0	63	1	73	2	96	3	76	4	37
0	81	1	56	2	14	3	23	4	45
0	41	1	67	2	85	3	11	4	47
0	39	1	28	2	23	3	19	4	31
0	13	1	9	2	36	3	26	4	44
0	60	1	88	2	39	3	43	4	20
0	30	1	39	2	57	3	28	4	77
0	5	1	13	2	67	3	14	4	82
0	73	1	94	2	86	3	27	4	96
0	20	1	99	2	17	3	92	4	28
0	71	1	13	2	99	3	55	4	24
0	55	1	37	2	70	3	33	4	76
0	92	1	18	2	71	3	3	4	15
0	3	1	11	2	58	3	34	4	42
0	26	1	60	2	9	3	36	4	58
0	18	1	23	2	9	3	30	4	24
0	61	1	72	2	46	3	15	4	49
0	17	1	39	2	3	3	4	4	23
0	67	1	42	2	35	3	37	4	90
0	55	1	23	2	83	3	13	4	94
0	9	1	42	2	83	3	50	4	2
0	11	1	5	2	64	3	96	4	6
0	33	1	28	2	41	3	9	4	16
0	21	1	71	2	56	3	53	4	97
0	64	1	9	2	54	3	11	4	74
0	84	1	26	2	71	3	46	4	3
0	95	1	39	2	96	3	35	4	16
0	19	1	89	2	96	3	14	4	38
0	13	1	75	2	6	3	97	4	90
0	40	1	1	2	26	3	22	4	70
0	84	1	67	2	30	3	15	4	31
0	99	1	87	2	72	3	76	4	17
0	85	1	33	2	18	3	94	4	11
0	93	1	32	2	6	3	93	4	96
0	31	1	75	2	43	3	16	4	85
0	88	1	4	2	56	3	21	4	35
0	83	1	99	2	50	3	76	4	18
0	28	1	9	2	82	3	5	4	16
0	32	1	18	2	21	3	96	4	52
0	80	1	57	2	12	3	87	4	96
0	8	1	95	2	33	3	26	4	39
0	10	1	25	2	15	3	30	4	42
0	96	1	32	2	51	3	41	4	34
0	86	1	83	2	41	3	76	4	82
0	85	1	50	2	1	3	78	4	65
0	13	1	55	2	46	3	63	4	6
0	32	1	91	2	69	3	25	4	27
0	88	1	67	2	25	3	38	4	8
0	4	1	94	2	52	3	63	4	19
0	1	1	67	2	79	3	63	4	66
0	96	1	17	2	35	3	5	4	12
0	58	1	94	2	54	3	60	4	26
0	55	1	78	2	52	3	25	4	10
0	5	1	63	2	26	3	14	4	45
0	20	1	59	2	4	3	68	4	78
0	90	1	97	2	38	3	59	4	65
0	46	1	75	2	83	3	96	4	9
0	15	1	56	2	64	3	14	4	68
0	94	1	13	2	64	3	12	4	53
0	26	1	43	2	28	3	53	4	14
0	38	1	41	2	66	3	18	4	47
0	38	1	13	2	67	3	27	4	21
0	61	1	56	2	94	3	95	4	80
0	80	1	94	2	55	3	16	4	94
0	48	1	98	2	13	3	45	4	51
LBCmax: 1857
RELDUE
-1	305	8	3
-1	1952	9	2
-1	1898	1	2
-1	477	9	9
-1	1167	2	5
-1	1084	2	3
-1	1475	1	4
-1	1750	2	7
-1	1032	9	6
-1	694	7	2
-1	271	6	1
-1	359	5	6
-1	1419	2	2
-1	1114	3	2
-1	1504	1	8
-1	231	2	9
-1	1848	2	6
-1	881	2	7
-1	1917	8	5
-1	324	5	8
-1	885	8	2
-1	523	6	1
-1	1453	3	9
-1	771	5	6
-1	1531	4	4
-1	771	4	8
-1	1817	9	7
-1	409	4	7
-1	1271	8	4
-1	1405	1	8
-1	902	9	8
-1	725	8	4
-1	572	3	2
-1	1413	1	5
-1	937	3	4
-1	977	9	4
-1	566	1	8
-1	1140	3	5
-1	1551	4	4
-1	1523	3	3
-1	1891	7	6
-1	1529	7	7
-1	1099	4	3
-1	1454	1	5
-1	1587	2	4
-1	1502	9	5
-1	704	5	7
-1	274	9	9
-1	1020	3	2
-1	1904	7	2
-1	1278	8	1
-1	1328	4	9
-1	540	4	1
-1	883	8	1
-1	437	4	8
-1	1826	3	4
-1	684	2	8
-1	1312	2	3
-1	989	1	2
-1	582	1	9
-1	1311	2	5
-1	1252	3	8
-1	665	5	4
-1	1670	9	4
-1	1835	9	4
-1	1589	3	3
-1	1831	7	1
-1	192	4	6
-1	362	2	8
-1	712	3	3
-1	1709	5	9
-1	894	2	4
-1	1374	1	6
-1	579	4	6
-1	476	5	7
-1	1400	8	2
-1	1468	2	8
-1	2042	9	3
-1	1227	8	6
-1	215	5	1
-1	252	2	5
-1	1728	2	9
-1	1432	5	1
-1	1411	7	1
-1	313	4	6
-1	1618	1	3
-1	371	8	7
-1	1732	5	2
-1	1161	4	8
-1	1155	7	8
-1	479	1	3
-1	1298	9	3
-1	336	5	2
-1	1154	1	9
-1	397	2	2
-1	825	8	5
-1	1050	4	3
-1	1473	2	1
-1	1662	7	2
-1	2042	9	9
DDW
274	336
1874	2030
1841	1955
434	520
1085	1249
1008	1160
1416	1534
1662	1838
991	1073
638	750
244	298
323	395
1277	1561
1036	1192
1489	1519
210	252
1737	1959
793	969
1821	2013
311	337
876	894
481	565
1322	1584
748	794
1393	1669
725	817
1653	1981
384	434
1207	1335
1335	1475
857	947
710	740
515	629
1300	1526
843	1031
899	1055
509	623
1129	1151
1442	1660
1371	1675
1721	2061
1437	1621
1022	1176
1396	1512
1539	1635
1367	1637
655	753
252	296
989	1051
1828	1980
1201	1355
1222	1434
497	583
830	936
393	481
1789	1863
650	718
1299	1325
979	999
576	588
1206	1416
1152	1352
598	732
1520	1820
1780	1890
1462	1716
1648	2014
186	198
337	387
684	740
1555	1863
849	939
1319	1429
544	614
452	500
1330	1470
1439	1497
1919	2165
1215	1239
194	236
229	275
1693	1763
1389	1475
1383	1439
282	344
1505	1731
352	390
1663	1801
1068	1254
1063	1247
465	493
1168	1428
333	339
1085	1223
389	405
817	833
976	1124
1355	1591
1629	1695
1940	2144
