HFSDDW
150	15	5
0	43	1	24	2	25	3	97	4	85
0	11	1	81	2	59	3	18	4	19
0	96	1	76	2	55	3	50	4	18
0	36	1	86	2	36	3	47	4	99
0	52	1	29	2	62	3	44	4	38
0	17	1	38	2	44	3	64	4	62
0	81	1	9	2	80	3	78	4	35
0	2	1	30	2	40	3	17	4	57
0	75	1	26	2	96	3	75	4	90
0	17	1	81	2	99	3	87	4	96
0	36	1	96	2	86	3	11	4	71
0	14	1	61	2	80	3	60	4	68
0	73	1	38	2	95	3	56	4	37
0	87	1	96	2	77	3	16	4	17
0	6	1	46	2	19	3	89	4	25
0	26	1	33	2	86	3	54	4	21
0	35	1	38	2	56	3	67	4	26
0	84	1	22	2	70	3	7	4	22
0	40	1	50	2	80	3	48	4	84
0	37	1	31	2	41	3	39	4	3
0	21	1	5	2	84	3	71	4	91
0	90	1	77	2	97	3	85	4	46
0	81	1	74	2	27	3	39	4	33
0	35	1	82	2	28	3	31	4	53
0	65	1	26	2	70	3	93	4	77
0	56	1	65	2	70	3	6	4	87
0	94	1	92	2	48	3	51	4	1
0	31	1	53	2	85	3	76	4	36
0	7	1	25	2	84	3	61	4	40
0	65	1	23	2	42	3	16	4	49
0	55	1	3	2	10	3	85	4	38
0	94	1	34	2	90	3	94	4	35
0	25	1	7	2	91	3	97	4	51
0	89	1	26	2	76	3	38	4	2
0	82	1	97	2	52	3	95	4	47
0	40	1	42	2	9	3	53	4	12
0	34	1	24	2	55	3	56	4	33
0	92	1	82	2	63	3	14	4	6
0	96	1	62	2	91	3	42	4	11
0	99	1	33	2	87	3	11	4	51
0	39	1	47	2	4	3	14	4	66
0	58	1	51	2	15	3	38	4	97
0	53	1	26	2	38	3	82	4	2
0	2	1	52	2	36	3	65	4	58
0	7	1	63	2	62	3	32	4	6
0	21	1	6	2	10	3	84	4	48
0	8	1	55	2	98	3	3	4	72
0	86	1	20	2	42	3	89	4	75
0	41	1	68	2	25	3	17	4	53
0	71	1	25	2	9	3	40	4	10
0	47	1	97	2	23	3	52	4	45
0	76	1	84	2	71	3	9	4	46
0	52	1	41	2	31	3	90	4	89
0	98	1	28	2	35	3	11	4	15
0	81	1	11	2	46	3	89	4	18
0	39	1	38	2	46	3	79	4	34
0	95	1	97	2	70	3	74	4	1
0	10	1	32	2	46	3	57	4	95
0	2	1	48	2	34	3	44	4	24
0	99	1	37	2	35	3	27	4	54
0	44	1	89	2	97	3	25	4	28
0	37	1	51	2	33	3	35	4	6
0	39	1	39	2	92	3	74	4	50
0	54	1	71	2	56	3	89	4	80
0	66	1	81	2	77	3	15	4	14
0	34	1	77	2	3	3	66	4	18
0	2	1	3	2	19	3	25	4	90
0	7	1	99	2	45	3	46	4	64
0	58	1	99	2	12	3	52	4	57
0	63	1	56	2	59	3	93	4	69
0	29	1	81	2	46	3	47	4	88
0	62	1	12	2	83	3	12	4	93
0	60	1	49	2	66	3	17	4	5
0	36	1	20	2	67	3	83	4	44
0	54	1	26	2	10	3	26	4	22
0	66	1	70	2	26	3	58	4	50
0	78	1	18	2	10	3	97	4	89
0	21	1	57	2	72	3	37	4	29
0	94	1	17	2	33	3	52	4	4
0	10	1	33	2	94	3	47	4	21
0	43	1	88	2	76	3	49	4	15
0	3	1	71	2	20	3	25	4	22
0	92	1	85	2	25	3	61	4	16
0	42	1	40	2	69	3	28	4	84
0	79	1	48	2	31	3	55	4	49
0	38	1	92	2	57	3	22	4	13
0	33	1	76	2	79	3	37	4	8
0	90	1	42	2	60	3	82	4	86
0	49	1	37	2	48	3	15	4	37
0	10	1	92	2	72	3	37	4	61
0	69	1	64	2	66	3	63	4	42
0	94	1	58	2	21	3	1	4	77
0	10	1	15	2	97	3	12	4	88
0	16	1	7	2	87	3	54	4	26
0	1	1	79	2	87	3	41	4	35
0	42	1	1	2	16	3	19	4	40
0	46	1	21	2	21	3	60	4	43
0	69	1	10	2	16	3	95	4	13
0	32	1	22	2	60	3	6	4	77
0	35	1	39	2	36	3	26	4	21
0	3	1	5	2	18	3	12	4	61
0	90	1	77	2	25	3	28	4	99
0	94	1	42	2	2	3	60	4	32
0	88	1	94	2	37	3	68	4	19
0	6	1	91	2	92	3	41	4	93
0	79	1	20	2	81	3	64	4	1
0	3	1	64	2	89	3	98	4	38
0	42	1	4	2	9	3	99	4	53
0	92	1	85	2	87	3	95	4	19
0	89	1	20	2	99	3	74	4	88
0	41	1	2	2	67	3	8	4	15
0	12	1	12	2	76	3	19	4	82
0	70	1	95	2	60	3	28	4	97
0	30	1	53	2	4	3	23	4	89
0	85	1	85	2	38	3	16	4	27
0	21	1	4	2	97	3	23	4	4
0	59	1	20	2	8	3	75	4	59
0	1	1	97	2	82	3	83	4	26
0	30	1	27	2	90	3	18	4	83
0	97	1	25	2	60	3	98	4	88
0	37	1	17	2	77	3	84	4	4
0	55	1	64	2	52	3	80	4	94
0	8	1	14	2	54	3	15	4	23
0	50	1	87	2	85	3	68	4	96
0	32	1	70	2	20	3	96	4	59
0	59	1	95	2	21	3	33	4	29
0	95	1	44	2	99	3	35	4	66
0	43	1	43	2	24	3	72	4	5
0	37	1	46	2	2	3	88	4	18
0	17	1	73	2	75	3	94	4	33
0	10	1	40	2	91	3	2	4	56
0	67	1	96	2	80	3	25	4	44
0	60	1	44	2	20	3	52	4	98
0	64	1	15	2	20	3	49	4	79
0	8	1	64	2	13	3	64	4	60
0	86	1	68	2	32	3	79	4	43
0	86	1	20	2	26	3	99	4	20
0	56	1	53	2	97	3	78	4	99
0	47	1	63	2	98	3	28	4	44
0	92	1	27	2	50	3	89	4	54
0	3	1	54	2	27	3	15	4	25
0	45	1	27	2	27	3	42	4	69
0	98	1	64	2	2	3	82	4	58
0	41	1	18	2	20	3	33	4	43
0	12	1	17	2	41	3	49	4	33
0	45	1	66	2	84	3	21	4	67
0	60	1	19	2	42	3	26	4	41
0	33	1	93	2	11	3	75	4	74
0	29	1	26	2	56	3	9	4	1
0	82	1	62	2	17	3	69	4	4
LBCmax: 2646
RELDUE
-1	2773	9	8
-1	977	5	9
-1	1260	1	1
-1	2032	1	4
-1	1912	7	1
-1	3056	6	3
-1	1128	4	7
-1	2837	8	1
-1	2976	6	9
-1	2917	4	5
-1	2891	6	6
-1	1923	2	8
-1	975	9	7
-1	2787	3	9
-1	1044	3	8
-1	2908	9	1
-1	1404	3	7
-1	2799	7	6
-1	1878	3	5
-1	1478	9	7
-1	2050	4	5
-1	989	2	8
-1	1973	9	7
-1	2340	5	6
-1	1176	6	3
-1	3075	2	5
-1	2409	3	9
-1	1650	3	4
-1	2076	7	7
-1	2120	1	4
-1	2991	8	1
-1	2103	2	9
-1	1188	2	6
-1	1250	1	7
-1	3228	9	2
-1	2203	7	1
-1	817	1	6
-1	3303	2	2
-1	2991	4	4
-1	2260	8	2
-1	1319	3	6
-1	1216	3	9
-1	1541	7	4
-1	3299	8	4
-1	3302	4	4
-1	3069	8	6
-1	1282	5	5
-1	2918	9	3
-1	3417	3	3
-1	1351	7	4
-1	2366	7	8
-1	3069	6	4
-1	2795	5	2
-1	1953	4	6
-1	2268	8	2
-1	2578	9	4
-1	2445	8	8
-1	2360	2	2
-1	1649	7	3
-1	2277	2	7
-1	1440	7	6
-1	2918	3	6
-1	1554	3	2
-1	1650	5	5
-1	3367	7	8
-1	1581	8	2
-1	1528	7	5
-1	3166	4	4
-1	2999	9	9
-1	2282	4	6
-1	2885	9	2
-1	1541	6	3
-1	3248	5	5
-1	3058	7	7
-1	953	4	7
-1	1627	5	1
-1	2888	1	9
-1	2114	6	2
-1	2479	5	1
-1	1548	1	4
-1	2587	6	8
-1	2931	8	9
-1	1673	3	7
-1	1518	6	3
-1	3195	4	7
-1	3363	2	8
-1	2749	8	6
-1	2676	7	5
-1	2422	1	1
-1	1444	2	8
-1	3198	5	8
-1	1897	2	1
-1	2447	3	8
-1	1507	2	7
-1	1613	9	3
-1	1841	9	9
-1	3102	9	1
-1	3332	9	2
-1	3373	4	6
-1	2514	9	7
-1	2334	8	4
-1	1557	4	7
-1	3359	5	7
-1	1929	2	4
-1	1907	3	1
-1	1618	2	5
-1	3261	9	3
-1	3177	9	8
-1	1793	7	8
-1	1434	6	5
-1	3130	5	9
-1	1125	4	1
-1	3322	8	3
-1	895	8	8
-1	3131	7	6
-1	1950	2	4
-1	2038	1	4
-1	829	9	1
-1	1896	4	5
-1	797	5	6
-1	2273	6	8
-1	2293	5	8
-1	1537	2	4
-1	2349	1	7
-1	2525	1	1
-1	1781	4	5
-1	2535	1	5
-1	2535	3	9
-1	2238	9	3
-1	2552	9	3
-1	1966	8	3
-1	2997	6	6
-1	2181	8	7
-1	3406	5	5
-1	2654	4	8
-1	1824	4	3
-1	3012	4	1
-1	3185	8	6
-1	3052	4	5
-1	2370	9	4
-1	896	3	2
-1	3012	7	6
-1	1676	2	7
-1	1782	4	6
-1	1754	2	9
-1	2867	1	2
-1	2016	5	2
-1	2345	7	3
-1	1816	3	8
-1	3104	9	5
DDW
2496	3050
928	1026
1210	1310
1971	2093
1778	2046
2995	3117
1105	1151
2553	3121
2797	3155
2742	3092
2718	3064
1827	2019
936	1014
2620	2954
940	1148
2675	3141
1320	1488
2519	3079
1784	1972
1434	1522
1968	2132
890	1088
1894	2052
2223	2457
1082	1270
2983	3167
2216	2602
1617	1683
1993	2159
1993	2247
2841	3141
1977	2229
1117	1259
1188	1312
3067	3389
2027	2379
743	891
3138	3468
2692	3290
2237	2283
1240	1398
1167	1265
1387	1695
3101	3497
3170	3434
2854	3284
1179	1385
2889	2947
3314	3520
1337	1365
2153	2579
2977	3161
2655	2935
1797	2109
2245	2291
2552	2604
2421	2469
2124	2596
1550	1748
2163	2391
1368	1512
2626	3210
1445	1663
1634	1666
3300	3434
1423	1739
1375	1681
2849	3483
2939	3059
2236	2328
2625	3145
1526	1556
3216	3280
2936	3180
886	1020
1464	1790
2599	3177
1924	2304
2454	2504
1517	1579
2458	2716
2697	3165
1506	1840
1472	1564
2939	3451
3296	3430
2694	2804
2462	2890
2325	2519
1386	1502
2974	3422
1726	2068
2202	2692
1417	1597
1500	1726
1731	1951
2854	3350
2999	3665
3238	3508
2388	2640
2171	2497
1417	1697
3057	3661
1910	1948
1869	1945
1489	1747
3163	3359
3145	3209
1757	1829
1420	1448
3067	3193
1091	1159
2990	3654
859	931
2818	3444
1794	2106
2018	2058
796	862
1839	1953
789	805
2068	2478
2247	2339
1445	1629
2161	2537
2399	2651
1603	1959
2510	2560
2408	2662
2059	2417
2526	2578
1907	2025
2697	3297
2072	2290
3168	3644
2521	2787
1696	1952
2741	3283
2898	3472
2991	3113
2133	2607
806	986
2982	3042
1559	1793
1729	1835
1701	1807
2724	3010
1814	2218
2181	2509
1689	1943
2825	3383
