HFSDDW
200	15	5
0	23	1	18	2	1	3	60	4	9
0	91	1	57	2	22	3	67	4	12
0	4	1	19	2	23	3	42	4	34
0	78	1	77	2	87	3	35	4	60
0	16	1	81	2	92	3	36	4	32
0	22	1	99	2	76	3	62	4	98
0	13	1	65	2	49	3	61	4	11
0	42	1	38	2	55	3	61	4	9
0	52	1	68	2	91	3	63	4	98
0	1	1	79	2	11	3	17	4	57
0	22	1	17	2	2	3	43	4	64
0	41	1	25	2	65	3	29	4	86
0	91	1	80	2	60	3	68	4	99
0	38	1	69	2	61	3	32	4	91
0	41	1	23	2	27	3	27	4	8
0	47	1	90	2	30	3	37	4	31
0	43	1	88	2	60	3	5	4	77
0	95	1	64	2	7	3	97	4	69
0	18	1	73	2	26	3	74	4	17
0	71	1	9	2	23	3	64	4	60
0	31	1	18	2	79	3	25	4	17
0	98	1	90	2	75	3	35	4	17
0	51	1	95	2	28	3	97	4	44
0	4	1	21	2	55	3	91	4	4
0	74	1	63	2	64	3	62	4	74
0	67	1	96	2	52	3	10	4	36
0	39	1	67	2	66	3	77	4	1
0	26	1	10	2	35	3	87	4	78
0	6	1	88	2	71	3	80	4	19
0	23	1	45	2	29	3	31	4	14
0	51	1	53	2	32	3	60	4	85
0	68	1	53	2	18	3	51	4	50
0	3	1	38	2	66	3	99	4	78
0	84	1	30	2	51	3	97	4	18
0	93	1	85	2	68	3	13	4	98
0	85	1	91	2	83	3	44	4	52
0	22	1	68	2	21	3	95	4	85
0	86	1	35	2	6	3	91	4	33
0	72	1	92	2	84	3	38	4	75
0	67	1	23	2	72	3	3	4	34
0	93	1	94	2	32	3	14	4	20
0	65	1	85	2	19	3	61	4	1
0	76	1	69	2	73	3	99	4	28
0	35	1	18	2	70	3	15	4	91
0	49	1	24	2	59	3	65	4	45
0	2	1	2	2	30	3	37	4	32
0	62	1	19	2	81	3	10	4	59
0	28	1	36	2	8	3	76	4	20
0	1	1	16	2	45	3	91	4	56
0	4	1	19	2	85	3	11	4	41
0	50	1	53	2	58	3	11	4	85
0	69	1	36	2	66	3	68	4	18
0	64	1	55	2	82	3	30	4	38
0	57	1	88	2	63	3	40	4	1
0	98	1	10	2	94	3	94	4	90
0	33	1	79	2	67	3	9	4	42
0	83	1	17	2	20	3	96	4	82
0	10	1	61	2	70	3	25	4	89
0	91	1	69	2	40	3	58	4	55
0	46	1	34	2	16	3	54	4	98
0	15	1	55	2	45	3	11	4	43
0	40	1	59	2	63	3	21	4	52
0	90	1	68	2	58	3	26	4	35
0	48	1	36	2	85	3	48	4	29
0	96	1	18	2	39	3	51	4	9
0	29	1	70	2	36	3	40	4	45
0	98	1	64	2	14	3	11	4	28
0	29	1	72	2	10	3	53	4	42
0	50	1	97	2	50	3	72	4	98
0	24	1	12	2	15	3	24	4	8
0	10	1	48	2	68	3	26	4	2
0	97	1	17	2	93	3	2	4	14
0	70	1	24	2	24	3	75	4	53
0	27	1	55	2	47	3	98	4	6
0	75	1	27	2	32	3	6	4	78
0	99	1	67	2	66	3	53	4	85
0	17	1	55	2	13	3	32	4	35
0	50	1	95	2	88	3	9	4	30
0	13	1	78	2	8	3	40	4	71
0	27	1	73	2	75	3	20	4	71
0	69	1	65	2	17	3	18	4	32
0	83	1	16	2	62	3	47	4	3
0	30	1	50	2	41	3	17	4	97
0	15	1	12	2	92	3	40	4	3
0	31	1	66	2	39	3	68	4	93
0	97	1	19	2	92	3	35	4	51
0	26	1	92	2	47	3	81	4	17
0	52	1	39	2	94	3	99	4	52
0	34	1	34	2	41	3	6	4	1
0	62	1	38	2	91	3	42	4	56
0	16	1	81	2	35	3	17	4	40
0	3	1	26	2	48	3	24	4	35
0	65	1	24	2	28	3	95	4	77
0	37	1	4	2	59	3	99	4	45
0	76	1	17	2	93	3	88	4	68
0	97	1	26	2	34	3	68	4	32
0	59	1	27	2	51	3	78	4	36
0	45	1	58	2	30	3	41	4	15
0	26	1	91	2	71	3	64	4	86
0	11	1	7	2	45	3	28	4	63
0	58	1	79	2	91	3	97	4	80
0	99	1	88	2	47	3	48	4	43
0	77	1	92	2	80	3	92	4	76
0	38	1	73	2	50	3	60	4	33
0	79	1	73	2	18	3	85	4	19
0	84	1	46	2	29	3	2	4	57
0	90	1	80	2	6	3	5	4	73
0	80	1	35	2	53	3	97	4	37
0	56	1	12	2	81	3	98	4	37
0	34	1	11	2	79	3	88	4	49
0	38	1	57	2	85	3	95	4	84
0	84	1	62	2	6	3	78	4	95
0	53	1	59	2	45	3	90	4	52
0	96	1	87	2	76	3	19	4	96
0	3	1	20	2	52	3	24	4	76
0	67	1	92	2	20	3	48	4	85
0	74	1	67	2	40	3	53	4	20
0	34	1	95	2	10	3	20	4	88
0	18	1	30	2	75	3	2	4	83
0	96	1	66	2	90	3	46	4	41
0	46	1	35	2	60	3	92	4	46
0	19	1	5	2	61	3	19	4	17
0	92	1	43	2	57	3	92	4	22
0	86	1	19	2	92	3	71	4	19
0	1	1	77	2	56	3	30	4	78
0	73	1	44	2	50	3	40	4	80
0	1	1	2	2	73	3	8	4	39
0	40	1	7	2	48	3	8	4	1
0	29	1	34	2	91	3	3	4	96
0	75	1	72	2	83	3	80	4	96
0	77	1	74	2	19	3	27	4	40
0	69	1	78	2	31	3	14	4	72
0	75	1	55	2	22	3	39	4	16
0	91	1	69	2	50	3	54	4	81
0	80	1	71	2	85	3	71	4	89
0	66	1	86	2	54	3	34	4	3
0	2	1	61	2	70	3	44	4	3
0	27	1	82	2	46	3	67	4	70
0	61	1	76	2	35	3	35	4	26
0	74	1	13	2	53	3	86	4	5
0	7	1	22	2	29	3	98	4	17
0	7	1	89	2	48	3	38	4	73
0	83	1	25	2	96	3	12	4	70
0	14	1	84	2	77	3	37	4	89
0	9	1	23	2	83	3	83	4	20
0	5	1	37	2	50	3	46	4	16
0	54	1	33	2	67	3	29	4	96
0	80	1	32	2	71	3	28	4	95
0	38	1	35	2	9	3	93	4	86
0	37	1	79	2	23	3	64	4	12
0	89	1	35	2	16	3	97	4	95
0	83	1	38	2	46	3	78	4	12
0	70	1	39	2	2	3	22	4	20
0	50	1	57	2	67	3	15	4	90
0	82	1	14	2	50	3	41	4	51
0	74	1	15	2	90	3	96	4	83
0	25	1	14	2	85	3	35	4	26
0	19	1	17	2	70	3	34	4	13
0	42	1	86	2	92	3	16	4	25
0	99	1	33	2	86	3	73	4	37
0	79	1	13	2	8	3	74	4	29
0	76	1	84	2	75	3	46	4	22
0	69	1	48	2	49	3	95	4	87
0	57	1	53	2	67	3	95	4	1
0	33	1	87	2	34	3	3	4	48
0	96	1	21	2	35	3	16	4	52
0	42	1	28	2	17	3	60	4	4
0	13	1	6	2	12	3	6	4	50
0	34	1	42	2	24	3	12	4	44
0	93	1	37	2	97	3	28	4	68
0	46	1	65	2	91	3	72	4	5
0	91	1	78	2	6	3	26	4	33
0	55	1	50	2	59	3	93	4	79
0	42	1	32	2	88	3	92	4	75
0	52	1	42	2	62	3	46	4	66
0	90	1	64	2	22	3	58	4	54
0	59	1	24	2	7	3	48	4	7
0	77	1	37	2	44	3	56	4	12
0	34	1	99	2	85	3	72	4	94
0	84	1	82	2	30	3	33	4	3
0	62	1	49	2	5	3	53	4	17
0	5	1	3	2	45	3	7	4	14
0	28	1	57	2	47	3	72	4	74
0	32	1	43	2	12	3	87	4	3
0	5	1	87	2	33	3	80	4	42
0	52	1	57	2	89	3	51	4	81
0	9	1	34	2	89	3	56	4	91
0	11	1	19	2	54	3	31	4	2
0	74	1	91	2	38	3	43	4	83
0	76	1	53	2	14	3	98	4	63
0	42	1	71	2	43	3	31	4	97
0	75	1	16	2	25	3	12	4	65
0	48	1	13	2	93	3	25	4	6
0	94	1	68	2	91	3	80	4	64
0	13	1	88	2	80	3	86	4	28
0	14	1	49	2	90	3	96	4	65
0	99	1	43	2	91	3	88	4	40
0	37	1	91	2	58	3	59	4	17
0	94	1	94	2	42	3	66	4	54
0	61	1	97	2	14	3	38	4	89
LBCmax: 3504
RELDUE
-1	2509	2	2
-1	2884	7	6
-1	2686	1	9
-1	2694	5	6
-1	2805	2	1
-1	2827	5	5
-1	3085	6	7
-1	2850	8	6
-1	2467	3	2
-1	3041	6	7
-1	2635	9	4
-1	2633	7	6
-1	2649	1	5
-1	2777	3	8
-1	2913	1	1
-1	2485	4	2
-1	2603	5	2
-1	2494	7	9
-1	3048	7	7
-1	2929	8	5
-1	2476	4	6
-1	2521	6	5
-1	2679	5	1
-1	2897	1	2
-1	2940	4	8
-1	2586	1	5
-1	2778	7	8
-1	2555	1	8
-1	2678	5	1
-1	2924	5	6
-1	2565	6	7
-1	2702	5	2
-1	2822	7	3
-1	2504	1	5
-1	2854	1	9
-1	2718	8	5
-1	2522	3	2
-1	2855	3	4
-1	2718	7	3
-1	3058	2	9
-1	2784	4	2
-1	2694	5	2
-1	2849	9	9
-1	2980	5	7
-1	3089	2	9
-1	2935	5	6
-1	2916	3	3
-1	3128	9	6
-1	2457	1	5
-1	2798	8	2
-1	2732	1	6
-1	3096	2	5
-1	2655	1	6
-1	2941	3	6
-1	3056	5	7
-1	3143	1	3
-1	2658	9	5
-1	2944	2	4
-1	2908	3	3
-1	2672	3	7
-1	2502	8	4
-1	2982	3	2
-1	2625	5	2
-1	2698	3	9
-1	2928	2	6
-1	3087	3	3
-1	2965	4	9
-1	2597	9	8
-1	3077	1	9
-1	2647	2	4
-1	3117	6	9
-1	2902	2	4
-1	2931	8	2
-1	3144	7	8
-1	2597	1	5
-1	2937	4	8
-1	2826	3	1
-1	2854	4	7
-1	2963	3	1
-1	2457	9	8
-1	2825	3	3
-1	2805	4	8
-1	2550	4	8
-1	3034	8	1
-1	2645	6	4
-1	2623	4	3
-1	2500	1	9
-1	3036	1	9
-1	2603	2	9
-1	2866	3	3
-1	2512	5	5
-1	2733	9	7
-1	3101	2	5
-1	2498	1	4
-1	3009	5	3
-1	2957	5	9
-1	2522	9	4
-1	2604	1	4
-1	2504	5	4
-1	2454	1	1
-1	3125	4	6
-1	2771	2	7
-1	2503	2	2
-1	2964	7	4
-1	2836	9	5
-1	2984	5	4
-1	2617	7	7
-1	2665	4	8
-1	2796	4	7
-1	2571	6	9
-1	2769	8	4
-1	2959	5	4
-1	3136	8	4
-1	2904	3	7
-1	3002	8	7
-1	2851	4	8
-1	2884	8	3
-1	2745	9	8
-1	2506	3	2
-1	2758	6	1
-1	3040	8	7
-1	3083	5	1
-1	3149	7	2
-1	2664	3	3
-1	2588	1	2
-1	2836	1	8
-1	2956	7	1
-1	2885	2	9
-1	2588	2	8
-1	2795	9	7
-1	2868	9	9
-1	2675	5	2
-1	2802	1	7
-1	2961	5	5
-1	2487	8	5
-1	2506	6	2
-1	2755	2	6
-1	2741	2	2
-1	2651	9	5
-1	2816	6	7
-1	2458	2	9
-1	2989	7	7
-1	2693	7	6
-1	2484	2	8
-1	2549	1	9
-1	2708	7	4
-1	2752	3	8
-1	2650	2	8
-1	2651	2	3
-1	2610	9	9
-1	2525	6	7
-1	2931	5	5
-1	2551	6	8
-1	2901	7	2
-1	2569	9	1
-1	2494	1	7
-1	2777	3	3
-1	2993	6	9
-1	2829	2	8
-1	2453	5	5
-1	2480	6	7
-1	2887	5	8
-1	2530	8	3
-1	2453	9	3
-1	2858	4	3
-1	2547	9	6
-1	2609	5	7
-1	2628	1	5
-1	2869	5	3
-1	2948	2	9
-1	2549	8	9
-1	2596	8	9
-1	2547	9	1
-1	2845	2	1
-1	2752	3	3
-1	2504	6	4
-1	2843	8	4
-1	3117	4	9
-1	2567	3	6
-1	3034	7	4
-1	2537	8	4
-1	2759	7	6
-1	2687	2	4
-1	3133	2	5
-1	2723	2	2
-1	3091	5	9
-1	2577	7	5
-1	3056	6	6
-1	2844	8	5
-1	3147	8	8
-1	2884	1	9
-1	2916	1	2
-1	3066	6	5
-1	2651	8	1
-1	2788	3	2
-1	2726	2	8
-1	2911	6	7
-1	2692	1	4
-1	2781	3	3
-1	2454	7	6
DDW
2283	2735
2711	3057
2444	2928
2640	2748
2581	3029
2601	3053
2838	3332
2764	2936
2270	2664
2798	3284
2609	2661
2449	2817
2437	2861
2527	3027
2826	3000
2236	2734
2473	2733
2344	2644
2743	3353
2724	3134
2327	2625
2496	2546
2599	2759
2868	2926
2646	3234
2405	2767
2667	2889
2300	2810
2544	2812
2836	3012
2462	2668
2513	2891
2596	3048
2404	2604
2569	3139
2555	2881
2497	2547
2598	3112
2609	2827
2752	3364
2561	3007
2532	2856
2735	2963
2831	3129
3058	3120
2759	3111
2887	2945
2909	3347
2310	2604
2742	2854
2705	2759
2879	3313
2575	2735
2882	3000
3025	3087
2860	3426
2552	2764
2708	3180
2821	2995
2619	2725
2402	2602
2714	3250
2389	2861
2536	2860
2782	3074
2933	3241
2668	3262
2467	2727
2769	3385
2435	2859
2836	3398
2728	3076
2843	3019
3113	3175
2363	2831
2908	2966
2600	3052
2626	3082
2933	2993
2359	2555
2627	3023
2609	3001
2448	2652
2913	3155
2566	2724
2413	2833
2400	2600
2823	3249
2525	2681
2837	2895
2462	2562
2624	2842
2884	3318
2423	2573
2828	3190
2661	3253
2320	2724
2396	2812
2479	2529
2282	2626
2906	3344
2605	2937
2303	2703
2727	3201
2723	2949
2835	3133
2486	2748
2585	2745
2712	2880
2314	2828
2714	2824
2781	3137
2885	3387
2643	3165
2822	3182
2651	3051
2740	3028
2580	2910
2406	2606
2565	2951
2979	3101
2991	3175
3086	3212
2424	2904
2433	2743
2666	3006
2690	3222
2596	3174
2459	2717
2516	3074
2753	2983
2408	2942
2606	2998
2813	3109
2288	2686
2481	2531
2480	3030
2577	2905
2624	2678
2591	3041
2360	2556
2929	3049
2558	2828
2409	2559
2294	2804
2518	2898
2559	2945
2438	2862
2439	2863
2349	2871
2399	2651
2872	2990
2423	2679
2785	3017
2441	2697
2394	2594
2666	2888
2724	3262
2744	2914
2257	2649
2306	2654
2743	3031
2328	2732
2379	2527
2658	3058
2496	2598
2374	2844
2523	2733
2812	2926
2801	3095
2345	2753
2362	2830
2394	2700
2674	3016
2642	2862
2479	2529
2587	3099
2805	3429
2336	2798
2761	3307
2309	2765
2704	2814
2606	2768
2945	3321
2587	2859
3029	3153
2448	2706
2934	3178
2560	3128
3021	3273
2653	3115
2887	2945
2943	3189
2571	2731
2732	2844
2481	2971
2795	3027
2638	2746
2586	2976
2233	2675
