HFSDDW
50	30	10
0	62	1	34	2	93	3	82	4	41	5	78	6	48	7	44	8	85	9	35
0	4	1	74	2	69	3	95	4	3	5	52	6	99	7	76	8	31	9	95
0	57	1	52	2	69	3	94	4	2	5	68	6	39	7	36	8	23	9	37
0	69	1	77	2	2	3	72	4	83	5	92	6	58	7	26	8	21	9	17
0	14	1	8	2	47	3	46	4	18	5	22	6	27	7	47	8	98	9	74
0	39	1	69	2	19	3	22	4	9	5	11	6	65	7	98	8	80	9	73
0	40	1	12	2	22	3	48	4	65	5	26	6	73	7	97	8	13	9	11
0	93	1	73	2	55	3	14	4	82	5	49	6	5	7	24	8	77	9	80
0	41	1	91	2	38	3	48	4	98	5	1	6	59	7	80	8	64	9	73
0	27	1	59	2	46	3	48	4	77	5	3	6	86	7	99	8	80	9	92
0	48	1	30	2	35	3	88	4	80	5	66	6	14	7	6	8	40	9	59
0	6	1	42	2	22	3	99	4	32	5	48	6	74	7	73	8	50	9	64
0	67	1	93	2	33	3	40	4	83	5	35	6	27	7	8	8	36	9	80
0	62	1	6	2	43	3	84	4	32	5	12	6	57	7	50	8	68	9	32
0	87	1	54	2	41	3	5	4	67	5	85	6	38	7	46	8	17	9	30
0	28	1	14	2	49	3	16	4	26	5	55	6	96	7	94	8	5	9	46
0	39	1	6	2	69	3	59	4	96	5	1	6	98	7	37	8	68	9	20
0	91	1	24	2	6	3	18	4	77	5	13	6	53	7	29	8	72	9	97
0	96	1	81	2	91	3	7	4	52	5	49	6	56	7	27	8	59	9	76
0	16	1	62	2	45	3	22	4	92	5	81	6	84	7	81	8	8	9	67
0	86	1	2	2	78	3	96	4	39	5	5	6	9	7	31	8	39	9	13
0	3	1	68	2	23	3	7	4	50	5	58	6	15	7	63	8	8	9	48
0	44	1	71	2	77	3	91	4	5	5	29	6	78	7	83	8	26	9	96
0	29	1	71	2	21	3	6	4	12	5	95	6	4	7	94	8	67	9	48
0	41	1	25	2	88	3	47	4	74	5	48	6	40	7	39	8	72	9	35
0	67	1	21	2	73	3	60	4	23	5	16	6	24	7	86	8	92	9	10
0	26	1	25	2	6	3	43	4	83	5	32	6	47	7	18	8	95	9	54
0	54	1	20	2	95	3	60	4	7	5	20	6	83	7	30	8	18	9	57
0	89	1	40	2	12	3	90	4	29	5	9	6	98	7	61	8	82	9	95
0	71	1	17	2	3	3	58	4	22	5	17	6	19	7	46	8	64	9	42
0	1	1	22	2	43	3	18	4	80	5	47	6	25	7	14	8	54	9	4
0	32	1	93	2	69	3	36	4	20	5	85	6	13	7	15	8	14	9	75
0	34	1	86	2	35	3	99	4	83	5	38	6	17	7	38	8	38	9	90
0	1	1	38	2	66	3	75	4	56	5	67	6	97	7	93	8	10	9	82
0	84	1	85	2	7	3	79	4	64	5	77	6	47	7	67	8	38	9	37
0	4	1	5	2	32	3	88	4	9	5	15	6	87	7	44	8	34	9	43
0	30	1	86	2	75	3	64	4	4	5	94	6	27	7	94	8	80	9	53
0	88	1	20	2	6	3	32	4	90	5	48	6	79	7	56	8	36	9	6
0	90	1	50	2	99	3	2	4	86	5	96	6	6	7	78	8	66	9	41
0	80	1	54	2	59	3	66	4	52	5	97	6	10	7	43	8	75	9	69
0	50	1	53	2	87	3	85	4	49	5	84	6	98	7	1	8	97	9	60
0	36	1	31	2	8	3	29	4	53	5	80	6	87	7	73	8	77	9	8
0	89	1	49	2	29	3	39	4	72	5	34	6	60	7	39	8	79	9	93
0	39	1	36	2	80	3	66	4	55	5	38	6	62	7	15	8	53	9	3
0	97	1	5	2	80	3	6	4	5	5	49	6	46	7	31	8	14	9	71
0	11	1	37	2	66	3	68	4	80	5	2	6	24	7	48	8	13	9	15
0	25	1	60	2	21	3	5	4	22	5	99	6	51	7	42	8	73	9	16
0	19	1	72	2	21	3	75	4	10	5	84	6	69	7	24	8	34	9	23
0	88	1	29	2	26	3	9	4	83	5	3	6	70	7	12	8	85	9	54
0	14	1	14	2	2	3	39	4	78	5	38	6	83	7	75	8	83	9	6
LBCmax: 1147
RELDUE
-1	1018	1	7
-1	0	5	6
-1	550	7	6
-1	1008	5	4
-1	492	9	5
-1	315	6	4
-1	66	9	8
-1	929	9	4
-1	562	6	8
-1	981	6	4
-1	247	3	1
-1	0	6	7
-1	48	4	5
-1	918	8	6
-1	182	9	9
-1	983	1	6
-1	280	7	2
-1	30	7	3
-1	126	4	7
-1	113	5	6
-1	223	4	3
-1	331	3	1
-1	528	8	5
-1	97	8	6
-1	0	9	8
-1	0	5	2
-1	706	5	7
-1	829	6	9
-1	997	2	8
-1	712	3	3
-1	0	7	8
-1	964	4	1
-1	342	4	1
-1	214	6	8
-1	164	2	6
-1	854	9	8
-1	697	3	1
-1	201	1	9
-1	522	7	5
-1	410	9	8
-1	875	6	2
-1	794	7	1
-1	490	4	9
-1	921	2	9
-1	148	6	7
-1	33	2	6
-1	1028	5	3
-1	12	9	5
-1	28	8	3
-1	829	6	7
DDW
835	1201
0	0
495	605
937	1079
403	581
271	359
55	77
845	1013
483	641
853	1109
235	259
0	0
40	56
826	1010
158	206
875	1091
272	288
28	32
108	144
101	125
181	265
288	374
502	554
88	106
0	0
0	0
650	762
812	846
967	1027
634	790
0	0
858	1070
280	404
203	225
133	195
752	956
592	802
185	217
496	548
353	467
858	892
675	913
456	524
746	1096
132	164
29	37
864	1192
10	14
24	32
763	895
