HFSDDW
200	15	5
0	6	1	5	2	34	3	48	4	51
0	73	1	15	2	42	3	52	4	19
0	29	1	54	2	41	3	69	4	12
0	63	1	42	2	61	3	84	4	71
0	37	1	5	2	25	3	26	4	33
0	7	1	8	2	66	3	46	4	42
0	94	1	18	2	83	3	15	4	15
0	94	1	7	2	24	3	63	4	31
0	51	1	27	2	99	3	56	4	57
0	5	1	67	2	73	3	79	4	76
0	99	1	64	2	90	3	10	4	20
0	2	1	80	2	9	3	16	4	45
0	65	1	48	2	95	3	11	4	24
0	11	1	70	2	26	3	55	4	18
0	56	1	19	2	98	3	53	4	20
0	10	1	5	2	68	3	68	4	28
0	39	1	34	2	86	3	70	4	42
0	30	1	27	2	74	3	95	4	14
0	14	1	98	2	8	3	18	4	65
0	4	1	32	2	89	3	32	4	47
0	34	1	41	2	19	3	62	4	20
0	80	1	66	2	38	3	89	4	10
0	96	1	13	2	40	3	87	4	7
0	31	1	62	2	25	3	68	4	94
0	83	1	96	2	31	3	41	4	4
0	58	1	11	2	80	3	87	4	17
0	78	1	16	2	36	3	22	4	93
0	97	1	16	2	25	3	51	4	62
0	64	1	89	2	84	3	85	4	18
0	2	1	58	2	21	3	12	4	34
0	42	1	7	2	22	3	38	4	63
0	38	1	11	2	78	3	58	4	62
0	69	1	86	2	50	3	73	4	32
0	81	1	76	2	18	3	94	4	9
0	16	1	37	2	74	3	7	4	31
0	94	1	13	2	46	3	24	4	3
0	99	1	90	2	68	3	53	4	75
0	72	1	93	2	98	3	59	4	56
0	87	1	38	2	66	3	89	4	92
0	78	1	39	2	11	3	54	4	36
0	25	1	41	2	26	3	4	4	18
0	5	1	32	2	16	3	8	4	69
0	26	1	64	2	54	3	56	4	62
0	79	1	18	2	96	3	98	4	59
0	87	1	78	2	59	3	38	4	21
0	78	1	71	2	85	3	15	4	53
0	55	1	2	2	91	3	87	4	78
0	59	1	64	2	65	3	36	4	71
0	40	1	78	2	90	3	90	4	31
0	23	1	83	2	11	3	27	4	13
0	60	1	43	2	13	3	94	4	48
0	46	1	82	2	88	3	82	4	40
0	33	1	47	2	2	3	55	4	14
0	24	1	72	2	66	3	77	4	3
0	15	1	53	2	61	3	28	4	20
0	9	1	87	2	68	3	8	4	98
0	95	1	61	2	58	3	2	4	92
0	13	1	89	2	97	3	40	4	32
0	77	1	76	2	82	3	95	4	38
0	92	1	77	2	36	3	76	4	7
0	50	1	18	2	33	3	25	4	98
0	8	1	81	2	85	3	74	4	39
0	58	1	14	2	80	3	84	4	44
0	72	1	89	2	99	3	62	4	2
0	35	1	75	2	27	3	45	4	26
0	38	1	70	2	65	3	89	4	28
0	32	1	51	2	91	3	1	4	48
0	78	1	28	2	34	3	3	4	85
0	31	1	4	2	24	3	1	4	73
0	64	1	96	2	98	3	52	4	66
0	4	1	77	2	74	3	75	4	72
0	75	1	90	2	87	3	99	4	60
0	37	1	16	2	95	3	47	4	8
0	8	1	22	2	79	3	37	4	66
0	44	1	56	2	97	3	77	4	70
0	31	1	52	2	27	3	71	4	61
0	42	1	72	2	14	3	24	4	25
0	54	1	77	2	17	3	29	4	72
0	87	1	40	2	34	3	43	4	48
0	15	1	9	2	76	3	92	4	66
0	42	1	17	2	61	3	85	4	22
0	47	1	80	2	96	3	5	4	41
0	24	1	64	2	17	3	38	4	18
0	65	1	3	2	71	3	23	4	54
0	30	1	6	2	51	3	64	4	79
0	5	1	22	2	54	3	29	4	55
0	23	1	75	2	34	3	6	4	20
0	26	1	11	2	28	3	3	4	77
0	73	1	80	2	12	3	87	4	49
0	23	1	24	2	96	3	25	4	83
0	13	1	37	2	54	3	39	4	37
0	37	1	65	2	97	3	7	4	18
0	26	1	27	2	67	3	49	4	19
0	48	1	31	2	11	3	18	4	92
0	54	1	74	2	69	3	46	4	80
0	49	1	93	2	63	3	16	4	56
0	80	1	26	2	30	3	46	4	43
0	85	1	22	2	94	3	68	4	82
0	60	1	14	2	22	3	85	4	52
0	47	1	14	2	62	3	69	4	1
0	92	1	13	2	78	3	33	4	30
0	38	1	68	2	8	3	59	4	87
0	44	1	3	2	82	3	51	4	37
0	1	1	96	2	22	3	7	4	34
0	27	1	36	2	43	3	36	4	32
0	41	1	53	2	84	3	94	4	33
0	36	1	31	2	93	3	15	4	63
0	67	1	47	2	96	3	17	4	6
0	17	1	14	2	36	3	81	4	39
0	58	1	31	2	70	3	48	4	51
0	50	1	92	2	56	3	36	4	74
0	57	1	70	2	43	3	2	4	88
0	84	1	84	2	14	3	26	4	52
0	13	1	9	2	68	3	87	4	69
0	53	1	99	2	5	3	1	4	17
0	13	1	99	2	61	3	96	4	73
0	10	1	82	2	37	3	43	4	82
0	44	1	75	2	58	3	41	4	7
0	97	1	5	2	95	3	28	4	21
0	33	1	99	2	11	3	29	4	27
0	50	1	63	2	83	3	78	4	98
0	51	1	87	2	55	3	20	4	61
0	58	1	9	2	46	3	28	4	79
0	3	1	48	2	71	3	43	4	9
0	38	1	50	2	27	3	81	4	72
0	49	1	5	2	77	3	80	4	83
0	14	1	88	2	32	3	70	4	23
0	46	1	99	2	58	3	44	4	32
0	56	1	20	2	39	3	79	4	48
0	88	1	58	2	67	3	49	4	19
0	85	1	29	2	68	3	21	4	88
0	99	1	36	2	2	3	6	4	50
0	46	1	11	2	75	3	36	4	47
0	69	1	77	2	76	3	6	4	33
0	3	1	89	2	27	3	11	4	52
0	19	1	12	2	48	3	33	4	84
0	90	1	37	2	29	3	61	4	98
0	85	1	21	2	12	3	81	4	23
0	10	1	97	2	52	3	94	4	86
0	46	1	44	2	4	3	32	4	79
0	12	1	82	2	62	3	16	4	17
0	95	1	2	2	57	3	68	4	70
0	88	1	88	2	69	3	22	4	60
0	10	1	82	2	14	3	37	4	62
0	48	1	65	2	94	3	82	4	24
0	5	1	37	2	33	3	25	4	7
0	74	1	9	2	16	3	54	4	72
0	8	1	75	2	13	3	45	4	3
0	84	1	64	2	43	3	12	4	35
0	21	1	29	2	31	3	35	4	77
0	63	1	30	2	66	3	70	4	31
0	46	1	88	2	80	3	91	4	12
0	59	1	68	2	32	3	62	4	96
0	79	1	73	2	15	3	49	4	52
0	35	1	69	2	69	3	34	4	78
0	84	1	23	2	82	3	47	4	3
0	75	1	7	2	98	3	48	4	43
0	44	1	43	2	46	3	23	4	27
0	19	1	94	2	22	3	34	4	44
0	16	1	32	2	80	3	16	4	55
0	48	1	14	2	81	3	82	4	42
0	94	1	61	2	32	3	91	4	47
0	23	1	6	2	33	3	89	4	36
0	52	1	70	2	84	3	19	4	52
0	37	1	28	2	92	3	23	4	33
0	40	1	48	2	36	3	89	4	62
0	53	1	42	2	67	3	91	4	54
0	61	1	26	2	16	3	6	4	49
0	83	1	11	2	54	3	76	4	4
0	14	1	61	2	32	3	97	4	92
0	46	1	47	2	62	3	63	4	19
0	21	1	22	2	58	3	50	4	3
0	47	1	26	2	42	3	29	4	94
0	81	1	38	2	42	3	35	4	74
0	27	1	54	2	79	3	70	4	69
0	27	1	73	2	17	3	20	4	20
0	78	1	16	2	38	3	97	4	17
0	6	1	80	2	5	3	73	4	34
0	40	1	67	2	66	3	3	4	3
0	57	1	68	2	25	3	81	4	23
0	75	1	20	2	96	3	24	4	65
0	91	1	68	2	91	3	93	4	91
0	47	1	6	2	39	3	30	4	24
0	31	1	87	2	45	3	13	4	88
0	1	1	34	2	69	3	2	4	34
0	60	1	88	2	76	3	68	4	12
0	59	1	49	2	35	3	97	4	44
0	59	1	19	2	15	3	33	4	26
0	37	1	89	2	11	3	81	4	86
0	35	1	29	2	36	3	78	4	71
0	70	1	24	2	13	3	93	4	22
0	42	1	51	2	95	3	89	4	6
0	4	1	92	2	24	3	82	4	33
0	98	1	70	2	41	3	86	4	65
0	12	1	73	2	12	3	87	4	51
0	12	1	23	2	87	3	16	4	99
0	31	1	52	2	97	3	97	4	42
0	36	1	37	2	42	3	75	4	3
0	9	1	24	2	25	3	27	4	22
0	45	1	65	2	29	3	49	4	88
LBCmax: 3557
RELDUE
-1	2643	8	4
-1	3469	3	6
-1	2148	5	2
-1	829	9	3
-1	2455	4	3
-1	3800	5	2
-1	759	6	1
-1	1257	6	6
-1	1837	5	5
-1	748	3	6
-1	1035	6	5
-1	2609	2	4
-1	3185	6	1
-1	3542	8	3
-1	3004	1	8
-1	2192	9	3
-1	3730	8	2
-1	1294	2	1
-1	1788	6	2
-1	3811	8	5
-1	2547	3	5
-1	1372	3	7
-1	2711	6	9
-1	3324	4	9
-1	2392	2	1
-1	3487	8	6
-1	2069	7	8
-1	3371	8	4
-1	2660	3	9
-1	585	9	5
-1	1975	3	7
-1	3689	3	6
-1	1731	4	3
-1	1328	4	5
-1	1614	9	5
-1	1902	9	3
-1	405	7	7
-1	3347	4	2
-1	1709	2	4
-1	1953	8	7
-1	1218	6	9
-1	758	1	9
-1	361	1	3
-1	2633	5	9
-1	3320	3	8
-1	1949	8	7
-1	1938	2	3
-1	1619	3	5
-1	2233	3	7
-1	2864	4	3
-1	2139	6	9
-1	1753	1	6
-1	3512	1	5
-1	2192	9	9
-1	1299	5	7
-1	1627	2	8
-1	1113	1	3
-1	2737	9	4
-1	2351	6	3
-1	2882	6	1
-1	2087	7	4
-1	1301	2	1
-1	2511	7	2
-1	1607	1	4
-1	2687	5	8
-1	1260	8	5
-1	1233	1	6
-1	2213	1	7
-1	2284	9	5
-1	1457	9	5
-1	2143	4	5
-1	738	5	6
-1	3499	6	1
-1	3749	7	9
-1	2948	3	8
-1	2145	9	1
-1	1366	2	3
-1	433	5	2
-1	360	7	9
-1	798	9	9
-1	1905	4	5
-1	805	4	6
-1	1493	8	6
-1	3709	7	5
-1	2359	2	3
-1	577	4	2
-1	533	3	1
-1	3453	7	2
-1	385	9	5
-1	3901	4	7
-1	1144	5	2
-1	1582	1	7
-1	1352	9	7
-1	2741	4	7
-1	3779	1	9
-1	3830	1	1
-1	2161	6	1
-1	2668	2	9
-1	3859	2	8
-1	2416	8	9
-1	1072	3	2
-1	3639	7	1
-1	3249	5	8
-1	1132	7	2
-1	1077	6	3
-1	1757	2	2
-1	2167	5	3
-1	3676	4	3
-1	3157	4	7
-1	3068	7	1
-1	616	3	9
-1	1036	4	3
-1	2732	3	3
-1	1908	5	3
-1	1332	9	7
-1	1637	1	2
-1	3722	7	4
-1	2715	4	4
-1	3161	4	1
-1	2465	2	1
-1	1083	9	2
-1	1694	2	8
-1	2184	7	8
-1	2296	5	3
-1	668	6	8
-1	916	6	4
-1	3299	1	7
-1	1114	7	3
-1	3883	7	4
-1	3032	8	2
-1	3897	3	4
-1	2612	2	8
-1	488	2	1
-1	1858	4	1
-1	3640	8	1
-1	2179	8	3
-1	1470	6	6
-1	717	1	1
-1	2987	8	6
-1	958	6	4
-1	2324	8	3
-1	770	7	1
-1	651	2	6
-1	1231	1	1
-1	3640	7	2
-1	464	6	9
-1	2763	2	9
-1	3358	8	6
-1	1764	1	3
-1	2498	6	6
-1	464	5	5
-1	3359	5	6
-1	3420	1	3
-1	1749	8	4
-1	1689	6	6
-1	3292	4	2
-1	1810	8	5
-1	1308	4	1
-1	819	7	2
-1	516	6	6
-1	2371	9	3
-1	1409	4	7
-1	3707	5	8
-1	481	2	6
-1	3084	8	5
-1	1918	1	6
-1	903	1	9
-1	1230	9	4
-1	2182	8	1
-1	3067	9	9
-1	522	8	6
-1	3360	5	2
-1	3641	7	5
-1	2559	2	7
-1	497	6	7
-1	668	8	8
-1	1398	6	9
-1	1309	7	2
-1	2569	2	7
-1	559	2	3
-1	2067	1	3
-1	3855	5	1
-1	3264	5	8
-1	1741	1	9
-1	2924	5	1
-1	893	3	6
-1	3105	2	6
-1	2652	7	3
-1	525	8	2
-1	703	1	9
-1	725	7	4
-1	518	1	2
-1	3812	7	2
-1	2827	9	1
-1	2500	3	8
-1	1271	3	1
-1	976	9	7
-1	525	8	5
-1	2060	1	4
-1	2078	7	8
DDW
2405	2881
3296	3642
2041	2255
738	920
2210	2700
3686	3914
653	865
1006	1508
1745	1929
688	808
973	1097
2087	3131
2739	3631
3436	3648
2644	3364
1885	2499
3544	3916
1178	1410
1663	1913
3582	4040
2063	3031
1098	1646
2331	3091
2825	3823
1985	2799
3313	3661
1759	2379
3034	3708
2234	3086
556	614
1876	2074
3357	4021
1558	1904
1275	1381
1420	1808
1731	2073
385	425
3012	3682
1470	1948
1699	2207
1096	1340
614	902
296	426
2159	3107
2955	3685
1832	2066
1783	2093
1344	1894
2166	2300
2721	3007
1989	2289
1508	1998
3407	3617
1995	2389
1052	1546
1464	1790
979	1247
2436	3038
1998	2704
2709	3055
1899	2275
1236	1366
2385	2637
1286	1928
2580	2794
1033	1487
1097	1369
1992	2434
2010	2558
1413	1501
1929	2357
627	849
2974	4024
3187	4311
2476	3420
2124	2166
1325	1407
364	502
346	374
702	894
1581	2229
660	950
1388	1598
3264	4154
1911	2807
514	640
496	570
3418	3488
362	408
3823	3979
950	1338
1361	1803
1136	1568
2522	2960
3628	3930
3600	4060
1837	2485
2188	3148
3319	4399
2078	2754
911	1233
2984	4294
3087	3411
906	1358
915	1239
1546	1968
1755	2579
3382	3970
2747	3567
2516	3620
567	665
870	1202
2541	2923
1832	1984
1212	1452
1457	1817
3015	4429
2362	3068
3098	3224
2120	2810
964	1202
1525	1863
2075	2293
2043	2549
621	715
769	1063
2639	3959
1025	1203
3456	4310
2698	3366
3624	4170
2481	2743
473	503
1654	2062
3021	4259
1765	2593
1264	1676
667	767
2479	3495
891	1025
2045	2603
624	916
592	710
1133	1329
3094	4186
459	469
2570	2956
2955	3761
1429	2099
2173	2823
427	501
3292	3426
2873	3967
1732	1766
1638	1740
3094	3490
1557	2063
1125	1491
704	934
418	614
2086	2656
1240	1578
3077	4337
471	491
2714	3454
1860	1976
777	1029
1021	1439
2007	2357
2730	3404
428	616
2957	3763
3058	4224
2175	2943
487	507
581	755
1384	1412
1086	1532
2132	3006
525	593
1881	2253
3547	4163
2970	3558
1410	2072
2807	3041
848	938
2826	3384
2572	2732
483	567
626	780
689	761
414	622
3278	4346
2290	3364
2125	2875
1017	1525
956	996
483	567
1710	2410
1829	2327
