HFSDDW
200	25	5
0	56	1	20	2	49	3	59	4	60
0	20	1	67	2	70	3	97	4	73
0	53	1	42	2	59	3	5	4	94
0	1	1	26	2	21	3	58	4	4
0	33	1	84	2	37	3	58	4	69
0	85	1	63	2	72	3	6	4	96
0	43	1	2	2	95	3	24	4	57
0	49	1	86	2	37	3	48	4	29
0	29	1	22	2	59	3	44	4	39
0	92	1	89	2	16	3	16	4	74
0	37	1	72	2	24	3	47	4	85
0	72	1	82	2	90	3	90	4	75
0	57	1	95	2	65	3	1	4	31
0	52	1	46	2	36	3	47	4	45
0	14	1	88	2	73	3	30	4	75
0	11	1	25	2	92	3	20	4	76
0	96	1	47	2	57	3	32	4	60
0	70	1	77	2	49	3	39	4	85
0	67	1	95	2	47	3	73	4	71
0	33	1	57	2	58	3	13	4	86
0	46	1	53	2	68	3	70	4	60
0	49	1	98	2	94	3	71	4	74
0	47	1	90	2	71	3	14	4	78
0	10	1	38	2	34	3	41	4	60
0	74	1	97	2	97	3	62	4	78
0	18	1	41	2	99	3	58	4	42
0	54	1	66	2	80	3	33	4	30
0	43	1	78	2	86	3	71	4	11
0	71	1	83	2	77	3	64	4	38
0	76	1	25	2	34	3	94	4	62
0	95	1	24	2	18	3	52	4	13
0	49	1	55	2	7	3	91	4	43
0	9	1	99	2	36	3	29	4	20
0	81	1	10	2	39	3	83	4	36
0	31	1	51	2	62	3	31	4	88
0	91	1	21	2	34	3	25	4	2
0	93	1	7	2	6	3	95	4	47
0	31	1	49	2	28	3	20	4	81
0	88	1	72	2	95	3	29	4	2
0	72	1	47	2	48	3	44	4	57
0	67	1	85	2	50	3	59	4	31
0	44	1	61	2	86	3	64	4	22
0	29	1	22	2	81	3	89	4	50
0	2	1	94	2	41	3	82	4	89
0	32	1	81	2	19	3	3	4	47
0	59	1	56	2	34	3	29	4	17
0	44	1	72	2	89	3	68	4	35
0	8	1	57	2	46	3	65	4	4
0	70	1	62	2	64	3	98	4	53
0	66	1	90	2	6	3	79	4	1
0	78	1	7	2	66	3	55	4	25
0	85	1	66	2	48	3	12	4	72
0	87	1	27	2	57	3	48	4	77
0	56	1	33	2	14	3	55	4	42
0	45	1	48	2	75	3	78	4	19
0	69	1	18	2	20	3	50	4	81
0	68	1	51	2	55	3	29	4	38
0	37	1	7	2	34	3	43	4	49
0	41	1	10	2	34	3	93	4	17
0	43	1	6	2	17	3	21	4	96
0	33	1	77	2	50	3	37	4	56
0	31	1	31	2	87	3	36	4	56
0	68	1	46	2	98	3	31	4	4
0	36	1	72	2	29	3	10	4	41
0	50	1	99	2	71	3	6	4	1
0	36	1	14	2	82	3	62	4	76
0	64	1	1	2	98	3	53	4	48
0	91	1	1	2	18	3	73	4	8
0	7	1	20	2	97	3	87	4	81
0	94	1	11	2	4	3	89	4	80
0	71	1	76	2	7	3	80	4	47
0	34	1	7	2	44	3	36	4	21
0	17	1	48	2	25	3	60	4	91
0	67	1	48	2	45	3	82	4	13
0	35	1	54	2	56	3	3	4	34
0	31	1	2	2	83	3	24	4	6
0	25	1	11	2	93	3	82	4	6
0	87	1	93	2	18	3	7	4	14
0	84	1	56	2	81	3	53	4	90
0	58	1	94	2	38	3	95	4	15
0	47	1	66	2	21	3	77	4	45
0	17	1	21	2	5	3	47	4	17
0	33	1	23	2	21	3	31	4	95
0	6	1	55	2	42	3	54	4	4
0	73	1	30	2	39	3	69	4	28
0	78	1	72	2	3	3	12	4	76
0	36	1	64	2	87	3	10	4	59
0	59	1	89	2	17	3	38	4	88
0	67	1	89	2	71	3	90	4	81
0	62	1	36	2	51	3	57	4	85
0	4	1	52	2	83	3	92	4	41
0	18	1	27	2	52	3	49	4	66
0	45	1	18	2	93	3	70	4	80
0	69	1	36	2	11	3	71	4	37
0	17	1	39	2	5	3	65	4	37
0	84	1	58	2	49	3	87	4	66
0	43	1	21	2	46	3	27	4	73
0	83	1	80	2	95	3	68	4	41
0	32	1	38	2	67	3	72	4	44
0	49	1	96	2	2	3	10	4	13
0	27	1	25	2	80	3	20	4	69
0	65	1	48	2	18	3	55	4	57
0	60	1	78	2	64	3	83	4	24
0	24	1	71	2	66	3	97	4	96
0	88	1	40	2	43	3	31	4	6
0	78	1	71	2	33	3	22	4	87
0	88	1	56	2	39	3	75	4	39
0	18	1	41	2	26	3	58	4	9
0	36	1	62	2	40	3	12	4	81
0	53	1	74	2	83	3	49	4	20
0	77	1	30	2	4	3	14	4	24
0	86	1	82	2	49	3	15	4	90
0	93	1	16	2	96	3	68	4	68
0	4	1	40	2	89	3	44	4	6
0	83	1	46	2	9	3	89	4	61
0	26	1	1	2	32	3	50	4	52
0	5	1	87	2	83	3	2	4	10
0	59	1	53	2	25	3	51	4	53
0	36	1	91	2	11	3	67	4	15
0	21	1	66	2	72	3	43	4	77
0	14	1	84	2	39	3	43	4	37
0	32	1	21	2	15	3	53	4	98
0	86	1	51	2	99	3	63	4	86
0	6	1	32	2	94	3	58	4	10
0	51	1	15	2	38	3	91	4	70
0	91	1	35	2	41	3	74	4	40
0	60	1	29	2	88	3	72	4	39
0	20	1	49	2	41	3	65	4	78
0	38	1	38	2	72	3	53	4	67
0	84	1	91	2	48	3	81	4	10
0	88	1	72	2	14	3	34	4	27
0	98	1	46	2	48	3	73	4	45
0	97	1	79	2	41	3	13	4	38
0	58	1	62	2	28	3	25	4	66
0	57	1	90	2	30	3	80	4	71
0	13	1	43	2	85	3	25	4	85
0	99	1	86	2	60	3	65	4	51
0	88	1	15	2	55	3	45	4	40
0	73	1	1	2	68	3	20	4	80
0	58	1	96	2	59	3	15	4	10
0	23	1	64	2	23	3	15	4	52
0	97	1	42	2	33	3	62	4	14
0	55	1	61	2	24	3	87	4	45
0	11	1	20	2	76	3	61	4	50
0	43	1	8	2	83	3	84	4	92
0	56	1	23	2	10	3	99	4	14
0	16	1	83	2	70	3	15	4	63
0	36	1	63	2	45	3	13	4	53
0	46	1	81	2	92	3	32	4	84
0	13	1	76	2	80	3	74	4	70
0	39	1	21	2	98	3	65	4	66
0	15	1	81	2	38	3	23	4	96
0	75	1	33	2	34	3	49	4	97
0	72	1	90	2	9	3	24	4	10
0	47	1	74	2	63	3	8	4	4
0	61	1	15	2	52	3	1	4	80
0	79	1	42	2	36	3	30	4	74
0	95	1	85	2	6	3	49	4	48
0	55	1	25	2	23	3	17	4	78
0	14	1	48	2	44	3	34	4	13
0	23	1	68	2	56	3	65	4	23
0	65	1	58	2	90	3	61	4	6
0	1	1	29	2	38	3	43	4	17
0	33	1	97	2	4	3	74	4	3
0	86	1	85	2	60	3	76	4	54
0	22	1	51	2	47	3	30	4	90
0	13	1	70	2	18	3	87	4	57
0	12	1	86	2	70	3	7	4	9
0	38	1	94	2	45	3	43	4	48
0	26	1	87	2	80	3	1	4	46
0	17	1	45	2	69	3	32	4	26
0	37	1	8	2	80	3	12	4	2
0	15	1	11	2	61	3	70	4	93
0	30	1	12	2	51	3	85	4	5
0	47	1	27	2	97	3	66	4	65
0	91	1	41	2	18	3	29	4	28
0	35	1	70	2	47	3	83	4	74
0	68	1	2	2	86	3	61	4	20
0	4	1	6	2	59	3	6	4	94
0	27	1	34	2	74	3	50	4	18
0	15	1	36	2	95	3	95	4	99
0	89	1	47	2	4	3	66	4	34
0	96	1	90	2	52	3	83	4	66
0	44	1	64	2	77	3	95	4	25
0	29	1	25	2	89	3	65	4	1
0	41	1	68	2	91	3	71	4	38
0	58	1	66	2	67	3	11	4	13
0	99	1	75	2	51	3	84	4	85
0	21	1	97	2	20	3	27	4	23
0	13	1	54	2	75	3	40	4	51
0	63	1	57	2	78	3	25	4	88
0	89	1	46	2	31	3	94	4	58
0	22	1	56	2	33	3	28	4	76
0	31	1	24	2	41	3	70	4	67
0	68	1	13	2	93	3	11	4	5
0	32	1	6	2	63	3	42	4	88
0	86	1	93	2	52	3	20	4	75
0	2	1	87	2	42	3	23	4	24
0	53	1	45	2	56	3	26	4	64
0	65	1	65	2	91	3	51	4	92
LBCmax: 2127
RELDUE
-1	1870	7	7
-1	1546	4	4
-1	1507	2	3
-1	1796	9	7
-1	1842	6	4
-1	1703	3	2
-1	1759	5	5
-1	1778	6	4
-1	1577	6	6
-1	1732	1	6
-1	1848	5	8
-1	1844	4	8
-1	1866	7	8
-1	1517	1	7
-1	1793	5	8
-1	1609	8	8
-1	1505	9	6
-1	1542	2	6
-1	1715	5	7
-1	1809	4	1
-1	1672	5	1
-1	1835	3	3
-1	1566	5	6
-1	1688	9	7
-1	1549	6	7
-1	1588	9	9
-1	1728	5	1
-1	1775	7	9
-1	1687	3	5
-1	1657	7	4
-1	1771	3	2
-1	1545	3	7
-1	1540	6	5
-1	1699	2	8
-1	1908	4	1
-1	1802	8	9
-1	1866	3	1
-1	1828	2	4
-1	1646	6	2
-1	1594	4	1
-1	1649	8	4
-1	1572	1	8
-1	1579	9	8
-1	1766	3	8
-1	1657	9	2
-1	1785	3	1
-1	1728	9	9
-1	1701	7	3
-1	1720	8	5
-1	1641	6	1
-1	1748	4	1
-1	1712	3	6
-1	1653	8	9
-1	1809	7	5
-1	1699	9	3
-1	1523	4	1
-1	1894	2	6
-1	1733	5	9
-1	1736	2	4
-1	1742	8	7
-1	1889	3	4
-1	1898	9	2
-1	1580	7	8
-1	1835	9	3
-1	1876	3	8
-1	1791	5	1
-1	1792	5	3
-1	1656	7	7
-1	1524	2	4
-1	1906	1	9
-1	1657	2	7
-1	1591	8	6
-1	1810	8	3
-1	1609	8	4
-1	1648	4	8
-1	1588	2	5
-1	1744	7	9
-1	1714	7	1
-1	1520	2	1
-1	1678	8	9
-1	1774	9	4
-1	1516	3	1
-1	1544	8	3
-1	1534	5	8
-1	1823	9	7
-1	1547	7	7
-1	1807	3	8
-1	1646	6	5
-1	1914	5	3
-1	1873	4	5
-1	1822	1	6
-1	1622	8	4
-1	1581	7	1
-1	1819	3	6
-1	1619	6	7
-1	1666	6	1
-1	1906	6	1
-1	1658	9	7
-1	1805	5	7
-1	1780	8	5
-1	1908	7	9
-1	1561	4	6
-1	1665	1	4
-1	1728	2	8
-1	1899	3	3
-1	1645	5	8
-1	1817	7	4
-1	1532	9	3
-1	1649	6	9
-1	1599	3	7
-1	1693	9	9
-1	1668	3	3
-1	1701	2	7
-1	1547	2	3
-1	1882	8	9
-1	1862	1	7
-1	1842	5	8
-1	1535	8	2
-1	1501	3	2
-1	1818	3	4
-1	1898	9	5
-1	1634	4	4
-1	1656	2	7
-1	1566	4	2
-1	1573	2	7
-1	1524	2	5
-1	1499	5	1
-1	1906	5	8
-1	1905	6	2
-1	1897	5	4
-1	1597	3	8
-1	1575	1	4
-1	1824	2	7
-1	1655	3	8
-1	1684	5	7
-1	1702	1	4
-1	1765	7	9
-1	1731	8	5
-1	1550	5	9
-1	1667	1	4
-1	1644	4	9
-1	1764	2	2
-1	1911	8	5
-1	1804	3	5
-1	1668	3	1
-1	1642	5	1
-1	1835	7	8
-1	1522	2	1
-1	1851	5	1
-1	1671	2	5
-1	1739	4	5
-1	1860	6	4
-1	1646	6	7
-1	1901	8	5
-1	1796	2	1
-1	1762	3	6
-1	1819	1	1
-1	1587	1	3
-1	1644	7	8
-1	1864	5	6
-1	1635	4	8
-1	1825	6	5
-1	1542	3	9
-1	1667	7	8
-1	1491	8	8
-1	1607	1	5
-1	1759	8	6
-1	1535	9	8
-1	1777	3	7
-1	1669	6	1
-1	1585	7	7
-1	1600	3	3
-1	1900	8	9
-1	1748	9	6
-1	1662	8	8
-1	1623	3	6
-1	1638	5	6
-1	1767	1	6
-1	1813	9	2
-1	1845	2	6
-1	1604	1	9
-1	1891	7	4
-1	1543	9	7
-1	1722	8	5
-1	1646	2	3
-1	1651	1	1
-1	1843	2	5
-1	1837	9	7
-1	1773	6	3
-1	1837	7	3
-1	1797	1	1
-1	1666	1	9
-1	1576	5	5
-1	1601	9	3
-1	1520	5	4
-1	1734	9	2
-1	1711	6	1
-1	1732	1	7
-1	1801	1	8
-1	1549	4	1
DDW
1833	1907
1391	1701
1356	1658
1598	1994
1547	2137
1601	1805
1601	1917
1760	1796
1356	1798
1593	1871
1478	2218
1604	2084
1679	2053
1244	1790
1578	2008
1303	1915
1219	1791
1311	1773
1423	2007
1628	1990
1404	1940
1596	2074
1550	1582
1435	1941
1441	1657
1302	1874
1572	1884
1686	1864
1535	1839
1591	1723
1541	2001
1298	1792
1247	1833
1461	1937
1813	2003
1604	2000
1623	2109
1627	2029
1580	1712
1498	1690
1633	1665
1273	1871
1390	1768
1713	1819
1508	1806
1678	1892
1486	1970
1446	1956
1565	1875
1592	1690
1451	2045
1592	1832
1636	1670
1465	2153
1614	1784
1371	1675
1705	2083
1473	1993
1649	1823
1411	2073
1549	2229
1803	1993
1375	1785
1633	2037
1595	2157
1701	1881
1541	2043
1391	1921
1326	1722
1887	1925
1558	1756
1464	1718
1611	2009
1432	1786
1500	1796
1318	1858
1727	1761
1405	2023
1414	1626
1661	1695
1685	1863
1304	1728
1297	1791
1442	1626
1695	1951
1439	1655
1536	2078
1630	1662
1742	2086
1592	2154
1786	1858
1314	1930
1470	1692
1710	1928
1473	1765
1383	1949
1792	2020
1641	1675
1643	1967
1691	1869
1660	2156
1280	1842
1615	1715
1590	1866
1557	2241
1497	1793
1526	2108
1379	1685
1484	1814
1471	1727
1541	1845
1451	1885
1548	1854
1485	1609
1619	2145
1769	1955
1676	2008
1412	1658
1441	1561
1673	1963
1708	2088
1422	1846
1540	1772
1268	1864
1258	1888
1417	1631
1469	1529
1811	2001
1848	1962
1669	2125
1405	1789
1260	1890
1660	1988
1622	1688
1532	1836
1566	1838
1553	1977
1593	1869
1410	1690
1350	1984
1447	1841
1676	1852
1701	2121
1786	1822
1568	1768
1478	1806
1633	2037
1476	1568
1610	2092
1587	1755
1582	1896
1507	2213
1350	1942
1882	1920
1527	2065
1410	2114
1619	2019
1524	1650
1496	1792
1659	2069
1521	1749
1624	2026
1419	1665
1350	1984
1238	1744
1446	1768
1689	1829
1428	1642
1493	2061
1569	1769
1363	1807
1584	1616
1520	2280
1643	1853
1379	1945
1526	1720
1605	1671
1643	1891
1577	2049
1642	2048
1331	1877
1532	2250
1342	1744
1395	2049
1580	1712
1436	1866
1788	1898
1672	2002
1649	1897
1672	2002
1492	2102
1533	1799
1261	1891
1297	1905
1338	1702
1717	1751
1403	2019
1507	1957
1711	1891
1286	1812
