HFSDDW
100	30	10
0	66	1	75	2	82	3	85	4	50	5	11	6	26	7	55	8	5	9	22
0	60	1	96	2	17	3	71	4	51	5	72	6	74	7	30	8	17	9	86
0	49	1	70	2	46	3	5	4	94	5	96	6	87	7	80	8	45	9	56
0	25	1	71	2	73	3	20	4	62	5	98	6	61	7	63	8	29	9	37
0	53	1	22	2	55	3	29	4	12	5	91	6	19	7	37	8	89	9	28
0	46	1	30	2	71	3	20	4	82	5	95	6	30	7	77	8	91	9	53
0	23	1	46	2	10	3	49	4	97	5	89	6	24	7	97	8	10	9	53
0	11	1	12	2	1	3	80	4	34	5	28	6	15	7	17	8	93	9	3
0	78	1	51	2	90	3	18	4	10	5	94	6	99	7	54	8	37	9	66
0	68	1	84	2	71	3	75	4	14	5	8	6	12	7	7	8	32	9	22
0	68	1	21	2	27	3	37	4	17	5	35	6	29	7	90	8	86	9	55
0	80	1	14	2	83	3	88	4	75	5	72	6	56	7	92	8	39	9	3
0	89	1	69	2	60	3	44	4	84	5	27	6	40	7	25	8	67	9	27
0	16	1	9	2	84	3	71	4	35	5	57	6	25	7	53	8	1	9	75
0	65	1	9	2	68	3	82	4	85	5	55	6	1	7	83	8	1	9	42
0	52	1	20	2	67	3	30	4	33	5	98	6	60	7	83	8	53	9	90
0	95	1	5	2	24	3	60	4	39	5	72	6	29	7	13	8	53	9	19
0	48	1	3	2	92	3	64	4	37	5	81	6	2	7	78	8	59	9	30
0	26	1	57	2	25	3	25	4	74	5	96	6	41	7	55	8	39	9	37
0	96	1	41	2	1	3	10	4	79	5	61	6	84	7	9	8	43	9	13
0	26	1	88	2	30	3	82	4	94	5	50	6	28	7	4	8	92	9	52
0	96	1	82	2	25	3	24	4	64	5	39	6	79	7	99	8	85	9	43
0	31	1	74	2	73	3	17	4	22	5	7	6	2	7	82	8	84	9	76
0	96	1	93	2	36	3	46	4	4	5	38	6	27	7	43	8	31	9	25
0	68	1	38	2	62	3	87	4	40	5	15	6	17	7	77	8	46	9	41
0	81	1	85	2	23	3	99	4	82	5	52	6	15	7	13	8	60	9	87
0	48	1	45	2	19	3	17	4	55	5	4	6	47	7	79	8	20	9	27
0	12	1	37	2	68	3	60	4	74	5	93	6	12	7	86	8	77	9	8
0	90	1	24	2	37	3	43	4	94	5	11	6	70	7	36	8	64	9	52
0	24	1	15	2	82	3	44	4	77	5	24	6	19	7	46	8	32	9	37
0	67	1	38	2	58	3	19	4	30	5	45	6	18	7	63	8	25	9	88
0	40	1	29	2	35	3	53	4	97	5	25	6	9	7	75	8	22	9	45
0	33	1	11	2	15	3	67	4	3	5	96	6	54	7	24	8	83	9	51
0	74	1	66	2	54	3	41	4	40	5	53	6	66	7	18	8	14	9	50
0	93	1	7	2	11	3	75	4	13	5	95	6	79	7	30	8	47	9	52
0	15	1	43	2	24	3	87	4	4	5	57	6	23	7	90	8	17	9	34
0	90	1	93	2	80	3	74	4	15	5	74	6	74	7	94	8	13	9	45
0	59	1	90	2	62	3	72	4	52	5	26	6	99	7	40	8	55	9	8
0	17	1	25	2	77	3	31	4	36	5	31	6	42	7	67	8	37	9	83
0	30	1	75	2	2	3	79	4	59	5	99	6	27	7	37	8	61	9	38
0	21	1	84	2	17	3	3	4	93	5	24	6	81	7	51	8	36	9	78
0	57	1	82	2	35	3	9	4	17	5	66	6	16	7	50	8	38	9	83
0	32	1	7	2	58	3	30	4	15	5	83	6	89	7	82	8	14	9	52
0	99	1	63	2	78	3	18	4	86	5	33	6	8	7	75	8	37	9	12
0	50	1	91	2	32	3	59	4	26	5	48	6	41	7	92	8	63	9	92
0	83	1	76	2	99	3	78	4	7	5	15	6	27	7	86	8	88	9	11
0	35	1	98	2	38	3	83	4	78	5	94	6	4	7	18	8	22	9	84
0	59	1	41	2	14	3	26	4	33	5	41	6	75	7	99	8	4	9	67
0	43	1	97	2	20	3	21	4	69	5	23	6	63	7	1	8	11	9	72
0	6	1	21	2	87	3	26	4	77	5	51	6	53	7	49	8	80	9	32
0	44	1	23	2	70	3	79	4	34	5	43	6	63	7	74	8	45	9	65
0	40	1	27	2	82	3	21	4	68	5	38	6	79	7	17	8	15	9	55
0	31	1	4	2	7	3	50	4	78	5	38	6	53	7	87	8	48	9	81
0	87	1	26	2	19	3	72	4	24	5	20	6	27	7	41	8	86	9	26
0	60	1	89	2	56	3	46	4	33	5	79	6	38	7	66	8	58	9	40
0	72	1	36	2	35	3	25	4	1	5	40	6	16	7	21	8	1	9	96
0	89	1	75	2	26	3	63	4	77	5	14	6	9	7	11	8	97	9	48
0	12	1	39	2	31	3	88	4	95	5	42	6	48	7	61	8	17	9	99
0	1	1	87	2	30	3	9	4	10	5	52	6	91	7	94	8	71	9	83
0	4	1	6	2	40	3	90	4	37	5	85	6	63	7	92	8	68	9	19
0	71	1	27	2	68	3	10	4	29	5	33	6	6	7	46	8	30	9	59
0	92	1	55	2	4	3	2	4	95	5	3	6	46	7	18	8	53	9	26
0	23	1	14	2	40	3	15	4	44	5	6	6	98	7	40	8	51	9	11
0	79	1	55	2	93	3	98	4	29	5	73	6	19	7	20	8	79	9	76
0	46	1	45	2	64	3	13	4	90	5	49	6	2	7	39	8	94	9	35
0	39	1	45	2	39	3	42	4	96	5	57	6	87	7	54	8	65	9	23
0	35	1	66	2	95	3	20	4	79	5	38	6	62	7	6	8	72	9	23
0	84	1	26	2	39	3	77	4	80	5	77	6	50	7	27	8	24	9	95
0	4	1	60	2	45	3	17	4	71	5	34	6	16	7	51	8	2	9	72
0	85	1	64	2	55	3	56	4	42	5	80	6	50	7	45	8	33	9	53
0	87	1	96	2	66	3	72	4	51	5	14	6	7	7	62	8	62	9	20
0	7	1	61	2	30	3	70	4	20	5	74	6	21	7	78	8	48	9	46
0	22	1	11	2	5	3	1	4	38	5	20	6	71	7	82	8	35	9	99
0	27	1	5	2	93	3	71	4	9	5	8	6	94	7	73	8	66	9	57
0	28	1	54	2	89	3	82	4	65	5	25	6	35	7	85	8	37	9	68
0	59	1	72	2	96	3	87	4	32	5	77	6	92	7	65	8	35	9	31
0	43	1	24	2	28	3	62	4	92	5	3	6	67	7	59	8	61	9	12
0	80	1	48	2	12	3	91	4	18	5	67	6	21	7	22	8	36	9	13
0	85	1	85	2	46	3	67	4	41	5	55	6	8	7	7	8	39	9	32
0	16	1	29	2	39	3	35	4	14	5	4	6	27	7	28	8	89	9	62
0	58	1	75	2	24	3	25	4	88	5	12	6	60	7	6	8	70	9	64
0	56	1	70	2	30	3	22	4	46	5	57	6	78	7	60	8	21	9	37
0	94	1	61	2	20	3	30	4	96	5	51	6	10	7	76	8	77	9	15
0	41	1	93	2	32	3	73	4	55	5	10	6	62	7	22	8	79	9	30
0	94	1	3	2	37	3	75	4	76	5	45	6	99	7	17	8	89	9	57
0	26	1	66	2	7	3	52	4	68	5	96	6	55	7	93	8	28	9	37
0	2	1	83	2	28	3	55	4	23	5	62	6	38	7	56	8	66	9	36
0	95	1	57	2	81	3	91	4	43	5	91	6	24	7	45	8	54	9	52
0	52	1	92	2	87	3	21	4	88	5	75	6	87	7	80	8	6	9	58
0	54	1	68	2	93	3	42	4	28	5	11	6	75	7	81	8	52	9	14
0	8	1	43	2	51	3	53	4	62	5	69	6	85	7	15	8	10	9	76
0	72	1	11	2	40	3	76	4	85	5	10	6	96	7	8	8	67	9	48
0	74	1	58	2	51	3	8	4	82	5	27	6	63	7	39	8	64	9	32
0	17	1	43	2	92	3	40	4	44	5	10	6	42	7	35	8	58	9	20
0	90	1	73	2	70	3	29	4	85	5	43	6	29	7	17	8	57	9	19
0	15	1	67	2	15	3	5	4	40	5	49	6	91	7	43	8	71	9	35
0	6	1	46	2	51	3	78	4	60	5	30	6	19	7	99	8	32	9	75
0	68	1	62	2	49	3	47	4	58	5	2	6	87	7	23	8	23	9	39
0	98	1	46	2	82	3	46	4	17	5	50	6	29	7	88	8	1	9	95
0	18	1	99	2	64	3	23	4	15	5	44	6	23	7	92	8	69	9	56
LBCmax: 2018
RELDUE
-1	503	4	3
-1	551	2	2
-1	1234	6	2
-1	1187	1	3
-1	814	8	2
-1	845	1	9
-1	418	5	2
-1	1015	9	9
-1	758	5	6
-1	664	9	9
-1	948	1	2
-1	1031	4	9
-1	445	3	8
-1	588	8	9
-1	651	9	4
-1	918	1	7
-1	971	4	4
-1	263	7	6
-1	947	5	2
-1	325	2	2
-1	206	5	3
-1	566	2	9
-1	1402	2	5
-1	646	7	6
-1	899	2	2
-1	1032	8	7
-1	1388	2	1
-1	519	7	2
-1	597	8	2
-1	371	9	7
-1	1159	3	1
-1	1360	4	4
-1	854	1	3
-1	1006	6	1
-1	370	4	3
-1	1041	4	3
-1	942	4	8
-1	213	4	7
-1	1354	1	5
-1	973	8	8
-1	586	2	3
-1	952	7	7
-1	716	5	4
-1	958	6	3
-1	608	7	6
-1	804	8	4
-1	1160	3	5
-1	589	8	4
-1	1245	9	7
-1	871	8	8
-1	1179	8	6
-1	411	2	9
-1	572	8	6
-1	913	3	3
-1	877	6	9
-1	1351	1	3
-1	563	3	1
-1	789	5	1
-1	489	4	7
-1	1195	9	6
-1	871	6	3
-1	1312	4	8
-1	619	5	1
-1	588	9	9
-1	919	1	9
-1	1001	8	3
-1	379	6	1
-1	853	9	6
-1	419	1	8
-1	1023	8	9
-1	1389	1	4
-1	960	6	7
-1	322	5	5
-1	1388	1	3
-1	1153	9	7
-1	667	1	2
-1	1263	8	2
-1	645	2	5
-1	240	2	3
-1	297	5	8
-1	1286	6	4
-1	1001	3	6
-1	688	2	8
-1	1139	7	3
-1	606	2	9
-1	949	1	5
-1	990	8	1
-1	1354	6	3
-1	331	7	7
-1	433	4	9
-1	680	9	7
-1	355	9	3
-1	1138	9	6
-1	361	5	4
-1	304	9	4
-1	688	4	7
-1	534	4	1
-1	330	3	6
-1	241	1	1
-1	1021	5	7
DDW
463	543
501	601
1209	1259
1175	1199
757	871
794	896
401	435
934	1096
705	811
604	724
863	1033
979	1083
400	490
559	617
592	710
835	1001
922	1020
260	266
871	1023
306	344
200	212
549	583
1346	1458
594	698
854	944
991	1073
1360	1416
477	561
549	645
334	408
1124	1194
1265	1455
837	871
926	1086
363	377
1031	1051
876	1008
192	234
1273	1435
934	1012
563	609
876	1028
659	773
948	968
572	644
724	884
1067	1253
536	642
1220	1270
827	915
1155	1203
407	415
555	589
822	1004
842	912
1270	1432
529	597
757	821
460	518
1147	1243
827	915
1233	1391
613	625
547	629
855	983
971	1031
368	390
827	879
402	436
931	1115
1347	1431
902	1018
306	338
1319	1457
1118	1188
627	707
1187	1339
626	664
235	245
279	315
1209	1363
971	1031
640	736
1105	1173
551	661
930	968
950	1030
1313	1395
318	344
403	463
639	721
344	366
1081	1195
354	368
277	331
633	743
497	571
323	337
231	251
980	1062
