HFSDDW
100	30	10
0	46	1	70	2	86	3	53	4	49	5	26	6	5	7	55	8	43	9	74
0	91	1	94	2	2	3	20	4	9	5	36	6	36	7	75	8	35	9	98
0	84	1	20	2	23	3	17	4	26	5	47	6	8	7	97	8	89	9	86
0	52	1	79	2	15	3	71	4	24	5	88	6	45	7	75	8	97	9	66
0	89	1	75	2	33	3	96	4	9	5	34	6	21	7	90	8	20	9	95
0	52	1	88	2	3	3	30	4	59	5	26	6	47	7	69	8	28	9	3
0	19	1	7	2	66	3	56	4	23	5	13	6	79	7	30	8	96	9	21
0	90	1	60	2	78	3	69	4	10	5	9	6	86	7	27	8	9	9	91
0	26	1	18	2	77	3	93	4	35	5	63	6	76	7	85	8	12	9	97
0	42	1	76	2	47	3	94	4	48	5	82	6	10	7	77	8	74	9	95
0	54	1	91	2	94	3	99	4	5	5	91	6	11	7	34	8	21	9	51
0	40	1	20	2	61	3	36	4	77	5	1	6	29	7	72	8	22	9	60
0	36	1	94	2	18	3	99	4	79	5	15	6	14	7	84	8	21	9	27
0	99	1	9	2	53	3	13	4	37	5	35	6	24	7	78	8	89	9	44
0	52	1	43	2	64	3	61	4	57	5	22	6	15	7	12	8	18	9	47
0	54	1	38	2	56	3	15	4	60	5	60	6	73	7	94	8	21	9	89
0	78	1	27	2	13	3	93	4	52	5	32	6	67	7	49	8	98	9	42
0	77	1	51	2	82	3	77	4	8	5	93	6	30	7	56	8	42	9	57
0	1	1	2	2	66	3	74	4	73	5	62	6	53	7	39	8	53	9	77
0	61	1	29	2	57	3	1	4	66	5	26	6	30	7	70	8	10	9	26
0	54	1	66	2	13	3	75	4	69	5	4	6	55	7	78	8	7	9	66
0	30	1	18	2	52	3	63	4	89	5	76	6	60	7	39	8	21	9	89
0	78	1	28	2	96	3	22	4	80	5	49	6	93	7	82	8	12	9	81
0	63	1	60	2	46	3	17	4	3	5	34	6	88	7	91	8	5	9	69
0	7	1	75	2	32	3	86	4	48	5	44	6	76	7	94	8	12	9	89
0	66	1	91	2	49	3	20	4	47	5	27	6	69	7	91	8	94	9	21
0	10	1	73	2	66	3	26	4	3	5	70	6	71	7	36	8	60	9	55
0	87	1	69	2	35	3	51	4	83	5	4	6	96	7	11	8	74	9	37
0	72	1	98	2	71	3	22	4	16	5	72	6	11	7	26	8	69	9	76
0	65	1	97	2	96	3	84	4	60	5	34	6	9	7	7	8	83	9	77
0	73	1	41	2	34	3	56	4	2	5	96	6	57	7	97	8	37	9	44
0	30	1	59	2	18	3	58	4	48	5	12	6	3	7	45	8	10	9	30
0	59	1	45	2	66	3	83	4	90	5	90	6	72	7	51	8	91	9	50
0	95	1	90	2	27	3	96	4	63	5	32	6	65	7	15	8	20	9	19
0	16	1	13	2	89	3	26	4	47	5	6	6	79	7	39	8	36	9	49
0	31	1	64	2	96	3	53	4	19	5	29	6	75	7	51	8	66	9	12
0	25	1	6	2	7	3	87	4	49	5	40	6	33	7	22	8	95	9	17
0	46	1	87	2	25	3	91	4	15	5	46	6	55	7	41	8	37	9	84
0	12	1	34	2	15	3	43	4	19	5	31	6	94	7	73	8	77	9	35
0	57	1	15	2	48	3	9	4	93	5	10	6	7	7	3	8	76	9	8
0	73	1	57	2	43	3	20	4	3	5	44	6	40	7	5	8	39	9	72
0	73	1	35	2	14	3	81	4	99	5	91	6	91	7	63	8	68	9	18
0	45	1	60	2	44	3	61	4	60	5	32	6	39	7	16	8	97	9	5
0	39	1	53	2	64	3	30	4	12	5	54	6	90	7	95	8	41	9	75
0	91	1	89	2	34	3	5	4	61	5	22	6	1	7	67	8	10	9	3
0	19	1	44	2	34	3	59	4	62	5	13	6	14	7	82	8	59	9	70
0	5	1	24	2	8	3	35	4	34	5	21	6	71	7	84	8	70	9	46
0	1	1	95	2	22	3	93	4	26	5	56	6	26	7	40	8	99	9	38
0	32	1	72	2	7	3	94	4	85	5	95	6	19	7	5	8	68	9	98
0	41	1	8	2	36	3	71	4	71	5	67	6	82	7	98	8	71	9	41
0	51	1	17	2	96	3	63	4	3	5	23	6	22	7	41	8	34	9	6
0	87	1	74	2	83	3	22	4	39	5	32	6	18	7	13	8	49	9	38
0	2	1	66	2	16	3	72	4	5	5	92	6	60	7	51	8	23	9	58
0	73	1	27	2	68	3	59	4	86	5	15	6	76	7	43	8	92	9	63
0	73	1	78	2	71	3	62	4	12	5	67	6	25	7	14	8	32	9	40
0	50	1	69	2	50	3	33	4	39	5	85	6	1	7	25	8	59	9	10
0	63	1	71	2	19	3	75	4	32	5	60	6	6	7	25	8	36	9	24
0	55	1	75	2	21	3	86	4	65	5	24	6	95	7	54	8	60	9	38
0	68	1	46	2	19	3	82	4	9	5	4	6	77	7	35	8	20	9	1
0	15	1	52	2	84	3	83	4	99	5	2	6	60	7	95	8	30	9	52
0	61	1	1	2	78	3	9	4	84	5	74	6	49	7	63	8	68	9	16
0	90	1	46	2	64	3	21	4	41	5	17	6	52	7	36	8	67	9	28
0	82	1	71	2	5	3	35	4	9	5	4	6	91	7	37	8	86	9	63
0	63	1	99	2	24	3	9	4	76	5	68	6	68	7	11	8	98	9	34
0	55	1	14	2	67	3	4	4	11	5	69	6	87	7	63	8	42	9	83
0	50	1	25	2	29	3	2	4	69	5	90	6	95	7	43	8	99	9	80
0	83	1	12	2	77	3	5	4	52	5	90	6	23	7	56	8	45	9	73
0	49	1	42	2	37	3	33	4	73	5	68	6	4	7	2	8	24	9	40
0	17	1	28	2	95	3	4	4	14	5	39	6	70	7	22	8	39	9	85
0	73	1	25	2	11	3	18	4	51	5	43	6	37	7	63	8	51	9	21
0	46	1	31	2	19	3	68	4	34	5	9	6	87	7	96	8	29	9	2
0	87	1	94	2	19	3	60	4	64	5	55	6	17	7	74	8	90	9	14
0	20	1	1	2	18	3	59	4	1	5	24	6	31	7	19	8	81	9	31
0	32	1	41	2	50	3	4	4	93	5	85	6	10	7	28	8	69	9	6
0	51	1	74	2	93	3	37	4	98	5	79	6	7	7	51	8	54	9	95
0	27	1	63	2	72	3	38	4	1	5	46	6	14	7	60	8	68	9	11
0	78	1	69	2	15	3	97	4	69	5	46	6	44	7	15	8	66	9	78
0	45	1	89	2	5	3	85	4	63	5	46	6	7	7	80	8	60	9	22
0	18	1	79	2	65	3	86	4	5	5	69	6	69	7	12	8	4	9	47
0	72	1	50	2	59	3	58	4	28	5	82	6	59	7	96	8	68	9	53
0	35	1	91	2	85	3	75	4	51	5	38	6	58	7	87	8	75	9	54
0	40	1	34	2	99	3	47	4	93	5	98	6	4	7	29	8	93	9	1
0	77	1	32	2	12	3	19	4	7	5	95	6	30	7	46	8	57	9	81
0	86	1	11	2	13	3	8	4	86	5	26	6	94	7	90	8	36	9	67
0	11	1	81	2	37	3	50	4	8	5	39	6	50	7	13	8	65	9	29
0	78	1	31	2	3	3	67	4	75	5	3	6	80	7	66	8	68	9	55
0	8	1	12	2	30	3	93	4	67	5	29	6	21	7	92	8	60	9	68
0	5	1	14	2	93	3	27	4	89	5	95	6	95	7	61	8	12	9	68
0	46	1	17	2	81	3	29	4	3	5	56	6	8	7	45	8	32	9	84
0	45	1	28	2	22	3	80	4	59	5	99	6	52	7	43	8	82	9	78
0	18	1	57	2	53	3	97	4	25	5	65	6	38	7	76	8	78	9	79
0	8	1	19	2	55	3	1	4	10	5	90	6	31	7	2	8	91	9	12
0	22	1	76	2	61	3	75	4	23	5	76	6	91	7	13	8	67	9	90
0	44	1	52	2	79	3	33	4	50	5	88	6	64	7	83	8	4	9	37
0	18	1	32	2	67	3	52	4	77	5	27	6	73	7	21	8	71	9	68
0	68	1	50	2	52	3	70	4	57	5	42	6	96	7	78	8	75	9	48
0	74	1	25	2	9	3	87	4	36	5	55	6	40	7	23	8	51	9	21
0	27	1	47	2	97	3	55	4	94	5	89	6	10	7	9	8	97	9	96
0	4	1	71	2	42	3	99	4	22	5	93	6	1	7	9	8	75	9	9
0	92	1	85	2	9	3	55	4	63	5	92	6	23	7	79	8	17	9	22
LBCmax: 2001
RELDUE
-1	1640	1	1
-1	1208	6	2
-1	1439	6	2
-1	1205	6	5
-1	1093	7	2
-1	858	6	6
-1	1235	6	9
-1	1763	6	7
-1	1518	8	7
-1	1414	8	5
-1	988	8	8
-1	1651	9	2
-1	1564	4	3
-1	1546	3	9
-1	1141	5	7
-1	633	5	4
-1	1602	4	9
-1	710	2	4
-1	1387	5	2
-1	1103	7	7
-1	1264	9	6
-1	972	4	9
-1	1169	9	8
-1	1107	2	7
-1	938	9	4
-1	1097	5	3
-1	1056	7	6
-1	1106	8	3
-1	1703	1	5
-1	614	7	3
-1	1397	9	7
-1	955	1	1
-1	1700	6	2
-1	1512	3	7
-1	714	8	3
-1	1231	3	6
-1	614	1	1
-1	1697	6	2
-1	1301	4	1
-1	605	2	6
-1	1089	2	5
-1	640	9	1
-1	989	2	3
-1	688	7	7
-1	1516	1	8
-1	660	3	1
-1	665	4	4
-1	962	8	2
-1	725	6	4
-1	1324	4	8
-1	713	6	4
-1	768	8	6
-1	768	2	8
-1	1503	3	6
-1	1400	9	6
-1	1268	9	1
-1	639	3	2
-1	931	2	4
-1	867	7	9
-1	1797	8	3
-1	1604	5	5
-1	729	6	1
-1	659	9	3
-1	1503	3	6
-1	617	3	4
-1	633	5	9
-1	1753	7	4
-1	652	1	7
-1	1432	7	3
-1	1712	9	4
-1	619	1	1
-1	1707	8	4
-1	1210	9	3
-1	1382	7	2
-1	614	3	4
-1	1224	4	7
-1	1784	6	1
-1	1080	3	1
-1	1393	8	8
-1	877	6	8
-1	1032	6	6
-1	693	4	5
-1	980	1	9
-1	979	4	9
-1	1702	2	4
-1	1228	7	4
-1	786	9	5
-1	796	3	5
-1	711	7	2
-1	1248	1	7
-1	1191	5	1
-1	1484	3	9
-1	1430	9	8
-1	1305	4	6
-1	802	1	9
-1	960	9	8
-1	1782	6	1
-1	1287	7	4
-1	670	7	3
-1	1482	3	9
DDW
1361	1919
1003	1413
1410	1468
988	1422
940	1246
849	867
1050	1420
1728	1798
1290	1746
1159	1669
919	1057
1453	1849
1314	1814
1268	1824
1061	1221
563	703
1474	1730
639	781
1221	1553
1037	1169
1125	1403
826	1118
959	1379
1052	1162
844	1032
900	1294
887	1225
907	1305
1448	1958
497	731
1173	1621
869	1041
1377	2023
1467	1557
578	850
1059	1403
491	737
1527	1867
1236	1366
484	726
1067	1111
595	685
801	1177
660	716
1319	1713
614	706
652	678
818	1106
602	848
1258	1390
706	720
730	806
653	883
1488	1518
1274	1526
1230	1306
511	767
773	1089
798	936
1509	2085
1524	1684
598	860
606	712
1247	1759
598	636
519	747
1508	1998
561	743
1146	1718
1489	1935
545	693
1383	2031
1150	1270
1216	1548
583	645
1163	1285
1499	2069
918	1242
1226	1560
842	912
857	1207
686	700
960	1000
871	1087
1396	2008
1081	1375
668	904
653	939
611	811
1048	1448
1012	1370
1425	1543
1401	1459
1174	1436
674	930
912	1008
1443	2121
1248	1326
663	677
1260	1704
