HFSDDW
100	25	5
0	35	1	13	2	30	3	77	4	94
0	40	1	5	2	74	3	11	4	15
0	92	1	4	2	46	3	63	4	93
0	56	1	33	2	66	3	38	4	72
0	6	1	99	2	51	3	42	4	60
0	16	1	31	2	52	3	55	4	84
0	24	1	96	2	29	3	44	4	70
0	13	1	47	2	94	3	79	4	84
0	88	1	47	2	84	3	64	4	88
0	67	1	51	2	90	3	77	4	18
0	73	1	10	2	2	3	17	4	88
0	35	1	62	2	88	3	18	4	79
0	10	1	53	2	20	3	26	4	91
0	96	1	75	2	3	3	93	4	81
0	10	1	38	2	86	3	54	4	83
0	58	1	16	2	86	3	53	4	92
0	65	1	41	2	75	3	38	4	11
0	15	1	94	2	13	3	55	4	35
0	50	1	58	2	77	3	1	4	74
0	36	1	28	2	59	3	73	4	92
0	91	1	49	2	96	3	96	4	9
0	35	1	23	2	48	3	33	4	30
0	20	1	75	2	36	3	26	4	14
0	69	1	78	2	82	3	15	4	76
0	2	1	63	2	47	3	58	4	31
0	51	1	61	2	85	3	79	4	48
0	31	1	56	2	14	3	61	4	1
0	17	1	44	2	78	3	29	4	76
0	91	1	46	2	79	3	25	4	16
0	74	1	23	2	52	3	86	4	6
0	58	1	46	2	44	3	96	4	90
0	29	1	2	2	38	3	65	4	57
0	74	1	38	2	69	3	84	4	99
0	63	1	62	2	75	3	25	4	97
0	25	1	99	2	53	3	39	4	85
0	55	1	83	2	23	3	43	4	56
0	28	1	10	2	99	3	73	4	90
0	85	1	13	2	17	3	70	4	72
0	15	1	6	2	14	3	71	4	2
0	54	1	77	2	95	3	25	4	52
0	13	1	48	2	27	3	88	4	80
0	59	1	92	2	6	3	11	4	36
0	45	1	79	2	95	3	10	4	30
0	65	1	38	2	96	3	94	4	15
0	51	1	45	2	6	3	53	4	83
0	20	1	86	2	81	3	37	4	32
0	78	1	88	2	97	3	90	4	44
0	79	1	82	2	11	3	92	4	32
0	92	1	8	2	6	3	34	4	28
0	36	1	10	2	4	3	42	4	37
0	16	1	80	2	1	3	11	4	2
0	67	1	43	2	74	3	6	4	61
0	73	1	11	2	68	3	79	4	57
0	56	1	82	2	6	3	65	4	50
0	82	1	28	2	4	3	63	4	22
0	44	1	40	2	71	3	25	4	48
0	10	1	82	2	40	3	1	4	16
0	97	1	88	2	86	3	88	4	77
0	37	1	8	2	5	3	32	4	59
0	82	1	39	2	26	3	76	4	71
0	53	1	5	2	39	3	91	4	54
0	87	1	77	2	38	3	88	4	58
0	28	1	71	2	49	3	58	4	51
0	90	1	71	2	67	3	63	4	60
0	68	1	95	2	17	3	88	4	13
0	75	1	24	2	71	3	5	4	40
0	5	1	14	2	95	3	54	4	94
0	6	1	44	2	48	3	47	4	29
0	21	1	50	2	97	3	31	4	50
0	66	1	58	2	46	3	80	4	68
0	12	1	71	2	63	3	17	4	4
0	58	1	87	2	50	3	78	4	78
0	63	1	6	2	34	3	49	4	54
0	14	1	76	2	95	3	64	4	46
0	47	1	23	2	21	3	35	4	40
0	18	1	97	2	86	3	39	4	47
0	17	1	78	2	90	3	36	4	29
0	33	1	51	2	78	3	51	4	36
0	18	1	93	2	69	3	68	4	65
0	15	1	17	2	49	3	77	4	36
0	89	1	63	2	81	3	35	4	21
0	88	1	51	2	28	3	77	4	85
0	61	1	1	2	11	3	32	4	62
0	85	1	15	2	97	3	21	4	21
0	63	1	97	2	44	3	28	4	28
0	54	1	53	2	53	3	70	4	25
0	2	1	48	2	10	3	4	4	57
0	54	1	96	2	56	3	16	4	40
0	82	1	23	2	2	3	66	4	75
0	18	1	82	2	38	3	7	4	79
0	1	1	19	2	29	3	56	4	72
0	91	1	19	2	54	3	8	4	67
0	36	1	97	2	58	3	52	4	83
0	13	1	91	2	8	3	74	4	8
0	89	1	59	2	81	3	80	4	39
0	41	1	95	2	78	3	52	4	11
0	71	1	15	2	47	3	90	4	25
0	82	1	20	2	54	3	32	4	65
0	35	1	42	2	48	3	49	4	4
0	84	1	65	2	50	3	82	4	63
LBCmax: 1124
RELDUE
-1	406	5	3
-1	958	4	5
-1	827	2	3
-1	1217	3	7
-1	1120	3	5
-1	578	8	3
-1	532	2	5
-1	649	4	7
-1	304	3	7
-1	464	4	7
-1	1192	3	3
-1	565	9	2
-1	127	1	7
-1	1209	8	1
-1	1185	9	2
-1	344	2	3
-1	684	3	2
-1	871	3	8
-1	426	3	3
-1	129	8	9
-1	1150	5	5
-1	532	9	7
-1	964	1	7
-1	208	8	7
-1	929	3	8
-1	646	2	3
-1	234	3	7
-1	482	9	3
-1	977	4	2
-1	726	5	4
-1	964	5	3
-1	632	8	1
-1	1195	3	6
-1	1114	9	9
-1	1057	2	6
-1	1192	5	9
-1	691	9	5
-1	658	3	7
-1	121	4	3
-1	1043	2	3
-1	616	9	1
-1	923	8	1
-1	525	1	9
-1	115	9	6
-1	894	3	1
-1	1179	4	1
-1	572	7	4
-1	680	4	3
-1	713	6	8
-1	1047	4	5
-1	486	8	8
-1	1207	5	6
-1	355	4	2
-1	1017	3	8
-1	910	4	2
-1	1111	8	1
-1	1230	1	2
-1	730	5	5
-1	400	4	7
-1	586	1	4
-1	456	7	3
-1	161	7	2
-1	908	2	4
-1	814	3	6
-1	736	2	1
-1	671	2	5
-1	607	9	6
-1	249	5	1
-1	264	5	2
-1	1229	7	8
-1	889	7	1
-1	138	3	1
-1	861	2	4
-1	620	9	5
-1	750	8	9
-1	339	8	9
-1	119	8	9
-1	961	7	5
-1	551	2	4
-1	987	5	9
-1	185	9	7
-1	791	7	4
-1	1005	1	4
-1	1166	2	4
-1	352	7	4
-1	994	9	2
-1	389	9	2
-1	289	7	6
-1	316	1	6
-1	1182	9	8
-1	1199	5	7
-1	1198	7	2
-1	370	2	2
-1	772	7	9
-1	698	9	1
-1	566	9	2
-1	126	7	8
-1	947	9	9
-1	615	4	9
-1	334	1	8
DDW
390	422
843	1073
686	968
1095	1339
907	1333
497	659
426	638
571	727
286	322
445	483
1085	1299
508	622
117	137
1028	1390
1066	1304
330	358
547	821
784	958
409	443
106	152
1000	1300
505	559
858	1070
179	237
836	1022
530	762
208	260
468	496
918	1036
624	828
925	1003
607	657
1028	1362
1069	1159
920	1194
977	1407
560	822
625	691
114	128
939	1147
585	647
886	960
457	593
98	132
787	1001
1049	1309
486	658
544	816
656	770
879	1215
481	491
978	1436
302	408
986	1048
864	956
900	1322
1218	1242
708	752
396	404
574	598
438	474
134	188
844	972
716	912
729	743
631	711
504	710
237	261
256	272
1082	1376
836	942
117	159
818	904
533	707
652	848
308	370
104	134
807	1115
534	568
790	1184
179	191
704	878
844	1166
1049	1283
303	401
934	1054
354	424
257	321
256	376
1017	1347
995	1403
1006	1390
352	388
741	803
649	747
515	617
103	149
938	956
523	707
314	354
