HFSDDW
200	15	5
0	2	1	33	2	13	3	24	4	13
0	80	1	79	2	82	3	90	4	38
0	37	1	85	2	68	3	27	4	45
0	69	1	9	2	67	3	94	4	68
0	70	1	90	2	92	3	31	4	23
0	53	1	7	2	10	3	76	4	37
0	38	1	19	2	48	3	78	4	5
0	45	1	69	2	50	3	14	4	65
0	12	1	49	2	31	3	34	4	6
0	4	1	70	2	87	3	54	4	6
0	69	1	55	2	12	3	46	4	48
0	11	1	41	2	82	3	1	4	60
0	73	1	69	2	7	3	53	4	1
0	18	1	37	2	89	3	22	4	1
0	1	1	59	2	54	3	30	4	56
0	21	1	60	2	58	3	25	4	19
0	82	1	19	2	56	3	70	4	67
0	83	1	8	2	3	3	30	4	94
0	5	1	86	2	49	3	53	4	91
0	42	1	43	2	78	3	34	4	87
0	67	1	80	2	66	3	53	4	5
0	11	1	1	2	82	3	89	4	28
0	51	1	82	2	57	3	82	4	78
0	54	1	14	2	36	3	85	4	18
0	11	1	34	2	60	3	27	4	96
0	14	1	11	2	2	3	38	4	15
0	77	1	82	2	25	3	37	4	52
0	2	1	53	2	3	3	65	4	57
0	82	1	26	2	13	3	3	4	44
0	22	1	29	2	66	3	74	4	38
0	29	1	8	2	92	3	16	4	76
0	33	1	21	2	39	3	57	4	91
0	99	1	99	2	44	3	75	4	50
0	69	1	58	2	20	3	31	4	77
0	2	1	11	2	70	3	29	4	35
0	85	1	22	2	58	3	83	4	75
0	84	1	44	2	27	3	1	4	85
0	69	1	89	2	9	3	61	4	19
0	81	1	14	2	46	3	74	4	57
0	82	1	81	2	37	3	52	4	75
0	64	1	10	2	36	3	97	4	36
0	18	1	38	2	64	3	80	4	91
0	11	1	62	2	56	3	82	4	7
0	56	1	72	2	44	3	89	4	80
0	79	1	49	2	59	3	12	4	96
0	87	1	65	2	95	3	71	4	53
0	5	1	84	2	6	3	8	4	11
0	75	1	8	2	29	3	64	4	68
0	32	1	26	2	28	3	69	4	8
0	19	1	58	2	64	3	67	4	2
0	10	1	38	2	47	3	72	4	96
0	15	1	50	2	25	3	2	4	49
0	53	1	43	2	92	3	28	4	87
0	27	1	57	2	48	3	71	4	32
0	48	1	43	2	79	3	22	4	48
0	53	1	22	2	89	3	4	4	77
0	29	1	2	2	29	3	70	4	43
0	66	1	37	2	34	3	12	4	96
0	26	1	83	2	28	3	16	4	15
0	89	1	34	2	99	3	82	4	81
0	62	1	11	2	92	3	36	4	53
0	67	1	59	2	26	3	24	4	43
0	92	1	60	2	21	3	24	4	20
0	51	1	14	2	22	3	85	4	21
0	89	1	23	2	36	3	74	4	7
0	65	1	16	2	63	3	8	4	59
0	20	1	23	2	8	3	23	4	16
0	19	1	9	2	92	3	18	4	76
0	8	1	12	2	10	3	68	4	5
0	65	1	63	2	4	3	96	4	63
0	75	1	12	2	14	3	62	4	91
0	39	1	74	2	19	3	29	4	88
0	51	1	95	2	18	3	64	4	24
0	70	1	53	2	97	3	9	4	1
0	43	1	22	2	5	3	10	4	14
0	78	1	14	2	68	3	70	4	41
0	2	1	12	2	66	3	44	4	84
0	8	1	9	2	45	3	32	4	76
0	45	1	89	2	64	3	30	4	25
0	12	1	93	2	45	3	45	4	34
0	13	1	65	2	95	3	95	4	21
0	54	1	8	2	5	3	48	4	14
0	26	1	7	2	49	3	88	4	86
0	40	1	29	2	74	3	80	4	17
0	62	1	8	2	66	3	32	4	56
0	53	1	57	2	75	3	85	4	3
0	84	1	68	2	23	3	36	4	28
0	36	1	16	2	71	3	24	4	30
0	1	1	5	2	97	3	18	4	51
0	38	1	41	2	75	3	43	4	85
0	82	1	19	2	65	3	29	4	72
0	6	1	99	2	63	3	40	4	67
0	96	1	32	2	19	3	46	4	30
0	57	1	83	2	14	3	60	4	50
0	24	1	58	2	51	3	50	4	16
0	58	1	11	2	48	3	81	4	18
0	13	1	82	2	32	3	1	4	20
0	65	1	4	2	94	3	63	4	23
0	37	1	53	2	32	3	57	4	34
0	68	1	85	2	51	3	88	4	93
0	55	1	27	2	16	3	93	4	61
0	24	1	68	2	15	3	13	4	15
0	94	1	51	2	82	3	22	4	54
0	15	1	1	2	19	3	27	4	64
0	54	1	88	2	50	3	37	4	14
0	71	1	27	2	94	3	17	4	48
0	72	1	60	2	60	3	87	4	63
0	86	1	66	2	39	3	39	4	96
0	97	1	88	2	82	3	49	4	29
0	85	1	70	2	11	3	3	4	20
0	67	1	66	2	25	3	24	4	40
0	66	1	77	2	78	3	79	4	90
0	97	1	73	2	98	3	65	4	42
0	35	1	91	2	94	3	58	4	67
0	48	1	62	2	79	3	30	4	67
0	65	1	7	2	2	3	9	4	29
0	1	1	17	2	91	3	97	4	80
0	7	1	35	2	37	3	48	4	97
0	10	1	88	2	59	3	49	4	98
0	24	1	90	2	18	3	8	4	93
0	94	1	76	2	52	3	35	4	71
0	6	1	86	2	94	3	56	4	74
0	59	1	76	2	70	3	51	4	89
0	80	1	82	2	1	3	84	4	36
0	99	1	55	2	47	3	61	4	58
0	60	1	3	2	31	3	32	4	44
0	74	1	89	2	94	3	16	4	34
0	25	1	64	2	56	3	26	4	74
0	20	1	41	2	80	3	73	4	38
0	34	1	18	2	9	3	59	4	18
0	41	1	89	2	33	3	71	4	93
0	40	1	29	2	91	3	77	4	12
0	3	1	56	2	63	3	13	4	1
0	70	1	81	2	54	3	17	4	64
0	17	1	26	2	75	3	10	4	17
0	59	1	74	2	73	3	24	4	25
0	42	1	94	2	71	3	14	4	3
0	84	1	56	2	23	3	23	4	94
0	95	1	73	2	79	3	14	4	71
0	64	1	78	2	68	3	72	4	67
0	52	1	63	2	91	3	94	4	2
0	16	1	15	2	24	3	55	4	34
0	65	1	56	2	67	3	52	4	70
0	9	1	84	2	49	3	10	4	17
0	15	1	59	2	32	3	23	4	69
0	43	1	47	2	61	3	38	4	53
0	80	1	7	2	1	3	56	4	73
0	78	1	3	2	76	3	12	4	87
0	69	1	33	2	68	3	88	4	29
0	40	1	6	2	27	3	44	4	63
0	79	1	29	2	58	3	56	4	52
0	92	1	32	2	69	3	26	4	59
0	69	1	54	2	85	3	3	4	53
0	59	1	55	2	11	3	79	4	91
0	6	1	8	2	38	3	23	4	47
0	82	1	91	2	44	3	93	4	29
0	37	1	20	2	17	3	75	4	73
0	52	1	48	2	44	3	5	4	80
0	47	1	34	2	50	3	53	4	19
0	16	1	47	2	66	3	35	4	70
0	84	1	94	2	47	3	53	4	57
0	71	1	91	2	36	3	10	4	70
0	2	1	87	2	75	3	97	4	22
0	49	1	37	2	10	3	29	4	2
0	11	1	11	2	7	3	99	4	45
0	72	1	57	2	84	3	5	4	31
0	35	1	26	2	10	3	23	4	44
0	42	1	72	2	64	3	18	4	2
0	61	1	12	2	35	3	34	4	78
0	59	1	58	2	53	3	32	4	69
0	79	1	37	2	37	3	33	4	60
0	74	1	88	2	48	3	9	4	85
0	15	1	7	2	32	3	79	4	36
0	76	1	78	2	53	3	53	4	79
0	76	1	73	2	92	3	27	4	41
0	98	1	76	2	73	3	21	4	85
0	14	1	4	2	53	3	35	4	51
0	97	1	88	2	76	3	63	4	70
0	54	1	25	2	56	3	33	4	87
0	55	1	80	2	55	3	98	4	3
0	81	1	6	2	1	3	52	4	92
0	7	1	45	2	10	3	92	4	61
0	97	1	16	2	28	3	23	4	71
0	11	1	53	2	96	3	28	4	38
0	87	1	2	2	89	3	82	4	25
0	52	1	18	2	59	3	40	4	86
0	19	1	22	2	74	3	18	4	4
0	9	1	4	2	1	3	43	4	45
0	52	1	79	2	84	3	3	4	72
0	39	1	97	2	33	3	61	4	77
0	2	1	83	2	27	3	60	4	16
0	80	1	16	2	18	3	28	4	40
0	89	1	85	2	70	3	7	4	43
0	76	1	41	2	10	3	20	4	63
0	8	1	52	2	54	3	83	4	86
0	9	1	17	2	87	3	10	4	86
0	55	1	85	2	98	3	63	4	84
0	35	1	94	2	15	3	3	4	23
0	92	1	85	2	73	3	3	4	56
0	66	1	10	2	78	3	60	4	96
LBCmax: 3406
RELDUE
-1	3021	7	1
-1	2806	8	1
-1	1277	8	7
-1	3029	1	1
-1	2450	7	7
-1	2032	3	1
-1	1619	4	6
-1	1905	5	2
-1	2536	9	6
-1	1168	9	9
-1	2315	6	9
-1	1619	7	6
-1	1186	6	4
-1	1859	4	7
-1	2763	8	2
-1	1103	6	6
-1	2815	6	5
-1	1162	3	9
-1	1472	8	3
-1	1174	1	1
-1	2679	8	2
-1	1568	8	4
-1	1171	8	7
-1	3006	8	1
-1	2469	6	6
-1	1469	9	1
-1	2631	6	3
-1	2080	9	8
-1	1583	4	3
-1	1426	4	4
-1	3042	4	4
-1	1825	3	5
-1	1573	2	7
-1	1295	4	9
-1	2831	3	6
-1	2408	3	6
-1	2503	6	8
-1	3063	1	4
-1	2922	2	3
-1	1734	7	9
-1	1141	6	4
-1	2078	2	3
-1	1842	2	5
-1	2968	1	4
-1	2238	6	5
-1	2309	6	6
-1	2599	9	6
-1	1686	7	5
-1	1372	9	3
-1	2084	3	2
-1	2628	4	8
-1	1072	7	9
-1	2161	3	3
-1	2094	5	7
-1	1338	2	6
-1	2474	7	1
-1	2656	5	5
-1	1336	8	9
-1	1581	2	9
-1	2002	4	6
-1	2467	7	9
-1	2605	3	8
-1	1344	1	7
-1	2131	7	1
-1	1191	1	5
-1	1511	4	8
-1	1068	1	6
-1	2956	5	7
-1	2094	6	2
-1	1377	9	9
-1	1665	1	3
-1	2817	3	1
-1	1306	7	5
-1	2804	1	4
-1	1055	7	8
-1	1623	4	9
-1	2792	9	6
-1	1269	5	5
-1	1789	6	9
-1	1182	9	6
-1	1936	5	5
-1	1966	7	6
-1	1730	2	8
-1	2565	9	9
-1	1864	9	2
-1	2991	3	9
-1	2730	1	5
-1	2544	6	4
-1	3023	7	3
-1	1379	1	5
-1	2817	6	3
-1	2188	3	3
-1	2504	2	5
-1	1941	9	5
-1	2333	2	1
-1	1601	2	7
-1	1756	3	4
-1	2776	4	5
-1	2798	5	6
-1	1748	9	9
-1	2263	6	2
-1	2708	5	6
-1	2658	5	4
-1	3060	9	4
-1	1440	9	1
-1	2876	7	3
-1	2831	8	5
-1	2423	9	3
-1	2061	2	5
-1	2781	5	7
-1	2747	8	4
-1	2408	7	9
-1	2612	9	6
-1	1421	7	7
-1	1088	1	1
-1	1522	9	1
-1	1896	4	2
-1	1844	8	4
-1	1288	8	7
-1	1266	8	7
-1	1847	5	5
-1	1589	6	2
-1	2999	3	8
-1	1737	8	7
-1	1626	4	1
-1	2542	4	1
-1	1335	2	3
-1	2431	1	2
-1	1493	4	5
-1	2519	6	8
-1	2932	7	3
-1	1037	3	8
-1	1537	2	7
-1	1063	9	7
-1	1984	6	6
-1	2293	4	5
-1	2373	7	7
-1	1736	2	3
-1	2146	8	6
-1	2053	7	1
-1	1182	8	9
-1	1329	3	1
-1	1505	7	8
-1	1264	9	2
-1	1697	1	7
-1	1430	9	3
-1	2642	1	9
-1	2104	1	2
-1	1874	3	7
-1	1832	9	6
-1	2771	9	1
-1	2977	2	8
-1	2510	7	8
-1	2554	4	5
-1	2967	1	8
-1	1695	4	7
-1	2775	8	6
-1	1943	9	7
-1	2456	9	3
-1	1963	2	3
-1	2563	7	7
-1	1422	7	9
-1	1952	6	1
-1	2607	5	7
-1	2914	6	9
-1	2732	1	1
-1	1893	7	1
-1	2571	1	8
-1	2502	8	5
-1	1861	3	8
-1	2215	4	5
-1	1182	1	3
-1	2764	4	3
-1	2301	5	5
-1	1106	9	4
-1	1540	3	9
-1	1105	6	7
-1	2756	8	3
-1	1062	4	2
-1	1217	3	6
-1	2966	4	6
-1	2296	8	1
-1	1579	7	3
-1	2726	1	8
-1	2814	5	2
-1	3020	8	5
-1	1593	1	3
-1	2048	8	3
-1	1161	6	4
-1	1311	6	3
-1	2583	6	9
-1	1452	8	3
-1	2345	7	2
-1	1204	5	9
-1	2556	2	8
-1	2825	5	7
-1	2443	3	7
-1	1964	4	8
-1	1415	6	1
-1	2031	5	1
DDW
2961	3081
2610	3002
1149	1405
2787	3271
2303	2597
1869	2195
1473	1765
1829	1981
2308	2764
1086	1250
2153	2477
1457	1781
1115	1257
1673	2045
2735	2791
1048	1158
2562	3068
1092	1232
1413	1531
1104	1244
2465	2893
1552	1584
1101	1241
2796	3216
2271	2667
1440	1498
2552	2710
1997	2163
1441	1725
1412	1440
2829	3255
1697	1953
1416	1730
1230	1360
2774	2888
2167	2649
2253	2753
3032	3094
2717	3127
1717	1751
1107	1175
2036	2120
1805	1879
2790	3146
2171	2305
2170	2448
2573	2625
1619	1753
1276	1468
1876	2292
2365	2891
1061	1083
2010	2312
1885	2303
1284	1392
2449	2499
2629	2683
1283	1389
1565	1597
1902	2102
2344	2590
2449	2761
1277	1411
1961	2301
1072	1310
1496	1526
961	1175
2926	2986
1926	2262
1363	1391
1582	1748
2563	3071
1175	1437
2692	2916
1013	1097
1509	1737
2513	3071
1142	1396
1700	1878
1147	1217
1917	1955
1769	2163
1609	1851
2334	2796
1827	1901
2812	3170
2457	3003
2290	2798
2963	3083
1351	1407
2563	3071
2035	2341
2479	2529
1883	1999
2193	2473
1473	1729
1633	1879
2637	2915
2602	2994
1696	1800
2127	2399
2681	2735
2499	2817
2876	3244
1354	1526
2847	2905
2774	2888
2326	2520
1917	2205
2586	2976
2692	2802
2384	2432
2351	2873
1293	1549
1044	1132
1446	1598
1725	2067
1733	1955
1211	1365
1203	1329
1829	1865
1430	1748
2699	3299
1615	1859
1577	1675
2339	2745
1215	1455
2261	2601
1374	1612
2368	2670
2639	3225
985	1089
1476	1598
1042	1084
1845	2123
2270	2316
2254	2492
1719	1753
2060	2232
2012	2094
1123	1241
1249	1409
1445	1565
1201	1327
1527	1867
1316	1544
2457	2827
2041	2167
1705	2043
1814	1850
2522	3020
2917	3037
2259	2761
2503	2605
2908	3026
1593	1797
2747	2803
1749	2137
2358	2554
1806	2120
2486	2640
1351	1493
1835	2069
2581	2633
2681	3147
2541	2923
1760	2026
2365	2777
2452	2552
1787	1935
2193	2237
1087	1277
2681	2847
2209	2393
995	1217
1463	1617
1028	1182
2618	2894
988	1136
1156	1278
2936	2996
2135	2457
1437	1721
2535	2917
2589	3039
2748	3292
1497	1689
2007	2089
1149	1173
1298	1324
2325	2841
1379	1525
2157	2533
1132	1276
2326	2786
2542	3108
2419	2467
1905	2023
1302	1528
1950	2112
