HFSDDW
100	30	10
0	86	1	42	2	53	3	52	4	30	5	54	6	79	7	26	8	93	9	63
0	3	1	75	2	53	3	54	4	5	5	77	6	52	7	79	8	62	9	94
0	81	1	27	2	63	3	68	4	65	5	32	6	30	7	69	8	52	9	89
0	87	1	92	2	68	3	24	4	58	5	2	6	53	7	73	8	36	9	40
0	74	1	19	2	82	3	25	4	43	5	5	6	37	7	75	8	2	9	12
0	60	1	43	2	60	3	50	4	53	5	60	6	79	7	85	8	87	9	98
0	25	1	11	2	73	3	4	4	75	5	10	6	7	7	30	8	95	9	3
0	24	1	79	2	43	3	22	4	20	5	62	6	44	7	38	8	25	9	61
0	94	1	54	2	68	3	41	4	29	5	44	6	33	7	19	8	70	9	97
0	23	1	68	2	86	3	38	4	16	5	64	6	46	7	78	8	50	9	33
0	97	1	8	2	79	3	98	4	87	5	81	6	1	7	39	8	30	9	91
0	16	1	42	2	60	3	27	4	4	5	71	6	43	7	32	8	75	9	31
0	77	1	88	2	60	3	98	4	80	5	56	6	93	7	6	8	6	9	56
0	17	1	66	2	87	3	91	4	63	5	87	6	74	7	69	8	54	9	48
0	44	1	94	2	88	3	79	4	82	5	80	6	9	7	59	8	35	9	45
0	21	1	14	2	4	3	19	4	56	5	10	6	48	7	81	8	18	9	32
0	88	1	95	2	33	3	74	4	74	5	50	6	54	7	68	8	63	9	16
0	96	1	74	2	78	3	28	4	87	5	82	6	99	7	80	8	16	9	99
0	48	1	34	2	70	3	61	4	35	5	4	6	62	7	69	8	36	9	54
0	40	1	92	2	51	3	23	4	59	5	49	6	62	7	14	8	5	9	32
0	27	1	40	2	96	3	19	4	48	5	47	6	35	7	76	8	32	9	73
0	10	1	67	2	65	3	19	4	83	5	55	6	25	7	71	8	40	9	71
0	87	1	84	2	33	3	10	4	75	5	4	6	23	7	56	8	68	9	39
0	21	1	86	2	76	3	84	4	73	5	8	6	38	7	52	8	13	9	87
0	68	1	86	2	38	3	62	4	45	5	73	6	28	7	33	8	39	9	5
0	24	1	90	2	74	3	34	4	44	5	42	6	8	7	87	8	43	9	45
0	25	1	79	2	8	3	93	4	52	5	23	6	90	7	81	8	46	9	76
0	18	1	73	2	58	3	53	4	4	5	2	6	47	7	70	8	64	9	3
0	76	1	89	2	17	3	64	4	15	5	31	6	12	7	43	8	40	9	31
0	1	1	50	2	9	3	68	4	63	5	88	6	79	7	44	8	10	9	22
0	82	1	46	2	87	3	63	4	86	5	51	6	32	7	22	8	31	9	43
0	95	1	37	2	23	3	41	4	68	5	35	6	63	7	43	8	79	9	22
0	12	1	48	2	41	3	15	4	75	5	67	6	64	7	90	8	90	9	15
0	22	1	3	2	61	3	43	4	21	5	30	6	3	7	54	8	77	9	63
0	98	1	90	2	13	3	97	4	36	5	64	6	28	7	68	8	99	9	28
0	26	1	36	2	65	3	87	4	11	5	35	6	6	7	72	8	87	9	20
0	86	1	42	2	32	3	16	4	21	5	92	6	76	7	79	8	21	9	38
0	32	1	9	2	66	3	16	4	24	5	21	6	35	7	44	8	79	9	11
0	39	1	96	2	90	3	62	4	88	5	86	6	37	7	73	8	32	9	85
0	25	1	31	2	66	3	57	4	76	5	56	6	59	7	96	8	76	9	43
0	88	1	48	2	47	3	61	4	95	5	18	6	69	7	50	8	63	9	89
0	99	1	61	2	92	3	76	4	81	5	90	6	51	7	69	8	27	9	35
0	55	1	3	2	47	3	35	4	14	5	2	6	42	7	9	8	40	9	68
0	62	1	39	2	68	3	37	4	23	5	90	6	49	7	29	8	66	9	71
0	17	1	87	2	10	3	42	4	86	5	63	6	38	7	89	8	76	9	86
0	5	1	89	2	70	3	41	4	88	5	85	6	1	7	13	8	48	9	94
0	75	1	61	2	10	3	95	4	28	5	61	6	93	7	56	8	54	9	90
0	41	1	23	2	4	3	55	4	18	5	67	6	93	7	6	8	48	9	51
0	63	1	52	2	32	3	54	4	63	5	72	6	69	7	27	8	48	9	38
0	89	1	37	2	81	3	72	4	96	5	56	6	78	7	14	8	15	9	26
0	69	1	82	2	36	3	86	4	46	5	82	6	86	7	15	8	23	9	21
0	91	1	95	2	64	3	97	4	32	5	23	6	30	7	56	8	33	9	56
0	91	1	66	2	8	3	16	4	1	5	4	6	42	7	31	8	59	9	62
0	89	1	80	2	90	3	23	4	81	5	80	6	17	7	45	8	8	9	80
0	86	1	54	2	5	3	28	4	46	5	94	6	72	7	83	8	41	9	74
0	26	1	22	2	80	3	58	4	34	5	4	6	75	7	20	8	86	9	42
0	41	1	55	2	56	3	60	4	32	5	12	6	5	7	41	8	17	9	51
0	6	1	84	2	48	3	52	4	70	5	38	6	62	7	79	8	69	9	7
0	32	1	58	2	90	3	85	4	37	5	67	6	99	7	33	8	89	9	78
0	6	1	96	2	59	3	66	4	40	5	31	6	98	7	44	8	96	9	35
0	89	1	31	2	67	3	89	4	68	5	42	6	73	7	28	8	88	9	96
0	41	1	95	2	51	3	80	4	10	5	83	6	64	7	70	8	24	9	64
0	12	1	72	2	52	3	39	4	46	5	10	6	26	7	81	8	13	9	39
0	39	1	18	2	83	3	35	4	17	5	1	6	90	7	2	8	17	9	94
0	94	1	71	2	44	3	93	4	37	5	10	6	46	7	79	8	57	9	57
0	66	1	28	2	21	3	33	4	24	5	17	6	79	7	29	8	44	9	58
0	17	1	92	2	16	3	50	4	57	5	23	6	12	7	17	8	63	9	10
0	93	1	63	2	53	3	29	4	70	5	40	6	29	7	59	8	2	9	36
0	63	1	46	2	25	3	56	4	72	5	11	6	97	7	51	8	11	9	1
0	22	1	61	2	57	3	58	4	78	5	2	6	56	7	94	8	36	9	14
0	97	1	30	2	16	3	48	4	63	5	4	6	75	7	91	8	62	9	83
0	88	1	20	2	28	3	8	4	95	5	70	6	67	7	59	8	77	9	47
0	26	1	60	2	6	3	63	4	87	5	32	6	6	7	94	8	51	9	68
0	83	1	34	2	23	3	87	4	38	5	33	6	31	7	77	8	92	9	69
0	36	1	7	2	88	3	28	4	12	5	2	6	34	7	49	8	63	9	8
0	35	1	97	2	17	3	89	4	88	5	38	6	25	7	53	8	60	9	32
0	97	1	80	2	40	3	94	4	99	5	54	6	96	7	40	8	70	9	62
0	40	1	90	2	66	3	9	4	11	5	19	6	72	7	77	8	51	9	86
0	98	1	56	2	32	3	43	4	33	5	86	6	17	7	34	8	99	9	1
0	9	1	78	2	18	3	61	4	72	5	56	6	66	7	94	8	29	9	57
0	5	1	93	2	79	3	2	4	68	5	45	6	31	7	9	8	78	9	69
0	66	1	48	2	2	3	74	4	33	5	41	6	49	7	96	8	61	9	13
0	38	1	63	2	40	3	69	4	53	5	62	6	72	7	6	8	36	9	55
0	53	1	77	2	49	3	94	4	81	5	6	6	77	7	31	8	75	9	88
0	56	1	8	2	56	3	30	4	35	5	61	6	76	7	44	8	29	9	31
0	7	1	69	2	33	3	16	4	20	5	42	6	53	7	11	8	48	9	7
0	72	1	25	2	73	3	23	4	17	5	88	6	98	7	8	8	92	9	28
0	64	1	18	2	22	3	72	4	57	5	30	6	8	7	10	8	34	9	92
0	85	1	29	2	77	3	6	4	48	5	83	6	45	7	33	8	74	9	39
0	52	1	66	2	82	3	68	4	17	5	31	6	35	7	33	8	14	9	47
0	62	1	69	2	51	3	1	4	67	5	89	6	48	7	60	8	58	9	90
0	35	1	43	2	76	3	55	4	22	5	43	6	48	7	67	8	74	9	34
0	43	1	65	2	33	3	54	4	76	5	97	6	36	7	53	8	56	9	27
0	94	1	74	2	96	3	87	4	30	5	16	6	78	7	76	8	38	9	59
0	35	1	85	2	75	3	84	4	5	5	9	6	89	7	28	8	47	9	74
0	82	1	67	2	58	3	80	4	4	5	96	6	37	7	96	8	25	9	69
0	53	1	94	2	5	3	31	4	95	5	60	6	47	7	89	8	25	9	6
0	64	1	71	2	30	3	16	4	98	5	58	6	90	7	49	8	49	9	67
0	9	1	9	2	6	3	81	4	45	5	27	6	17	7	17	8	83	9	34
0	79	1	82	2	52	3	69	4	6	5	41	6	81	7	44	8	88	9	45
LBCmax: 2162
RELDUE
-1	1347	6	9
-1	1081	4	5
-1	1090	2	3
-1	1261	1	1
-1	1127	4	3
-1	1127	4	3
-1	1245	5	8
-1	1266	8	6
-1	1433	3	8
-1	1281	2	5
-1	1108	7	8
-1	1463	4	7
-1	1287	4	4
-1	1328	7	1
-1	1344	1	7
-1	1277	3	8
-1	1467	1	9
-1	1180	7	6
-1	1456	8	9
-1	1379	3	8
-1	1267	2	8
-1	1210	1	7
-1	1108	4	9
-1	1478	5	7
-1	1197	6	8
-1	1435	8	5
-1	1168	9	2
-1	1344	9	7
-1	1120	5	7
-1	1331	2	7
-1	1413	5	9
-1	1282	9	7
-1	1341	1	5
-1	1099	2	5
-1	1107	1	3
-1	1117	8	3
-1	1106	6	4
-1	1358	4	8
-1	1385	8	7
-1	1227	4	5
-1	1465	9	1
-1	1400	5	3
-1	1233	8	7
-1	1240	8	8
-1	1197	1	9
-1	1472	1	2
-1	1229	8	5
-1	1489	3	2
-1	1114	9	3
-1	1343	7	8
-1	1303	7	1
-1	1331	6	4
-1	1327	9	6
-1	1165	9	6
-1	1088	8	2
-1	1217	9	8
-1	1486	3	7
-1	1125	8	5
-1	1144	4	6
-1	1206	9	3
-1	1473	6	4
-1	1415	5	1
-1	1227	2	6
-1	1183	5	1
-1	1382	1	2
-1	1340	9	6
-1	1202	1	5
-1	1269	8	9
-1	1302	4	2
-1	1308	4	2
-1	1251	7	3
-1	1189	1	9
-1	1308	1	3
-1	1310	8	2
-1	1427	6	8
-1	1381	7	3
-1	1491	4	4
-1	1381	2	3
-1	1361	5	6
-1	1238	2	3
-1	1286	2	9
-1	1192	5	6
-1	1310	2	3
-1	1291	7	7
-1	1109	9	9
-1	1162	1	3
-1	1468	3	7
-1	1257	5	4
-1	1091	3	6
-1	1404	9	9
-1	1144	8	4
-1	1494	4	2
-1	1294	4	6
-1	1260	2	6
-1	1267	4	5
-1	1131	4	8
-1	1254	9	1
-1	1131	1	8
-1	1372	8	5
-1	1371	7	7
DDW
1199	1495
1049	1113
1036	1144
1072	1450
947	1307
1014	1240
1233	1257
1089	1443
1175	1691
1063	1499
1097	1119
1170	1756
1107	1467
1248	1408
1196	1492
1060	1494
1320	1614
1097	1263
1398	1514
1227	1531
1216	1318
1174	1246
1008	1208
1345	1611
1053	1341
1349	1521
1098	1238
1277	1411
963	1277
1158	1504
1243	1583
1064	1500
1100	1582
1055	1143
1018	1196
961	1273
1073	1139
1168	1548
1260	1510
994	1460
1275	1655
1260	1540
1036	1430
1104	1376
1089	1305
1354	1590
1192	1266
1266	1712
980	1248
1276	1410
1186	1420
1198	1464
1247	1407
1118	1212
957	1219
1107	1327
1263	1709
945	1305
1098	1190
1073	1339
1414	1532
1174	1656
1215	1239
1112	1254
1299	1465
1286	1394
1178	1226
1142	1396
1055	1549
1086	1530
1076	1426
987	1391
1073	1543
1231	1389
1156	1698
1174	1588
1387	1595
1132	1630
1089	1633
1188	1288
1235	1337
1049	1335
1127	1493
1175	1407
1054	1164
1139	1185
1292	1644
1068	1446
960	1222
1137	1671
927	1361
1374	1614
1165	1423
1021	1499
1077	1457
939	1323
1141	1367
1007	1255
1303	1441
1289	1453
