HFSDDW
100	30	10
0	58	1	52	2	38	3	43	4	75	5	56	6	42	7	2	8	76	9	66
0	92	1	92	2	26	3	76	4	97	5	34	6	28	7	90	8	30	9	24
0	58	1	19	2	66	3	73	4	60	5	58	6	82	7	11	8	84	9	90
0	67	1	61	2	56	3	75	4	75	5	98	6	32	7	53	8	44	9	58
0	85	1	60	2	8	3	56	4	50	5	85	6	71	7	42	8	56	9	14
0	36	1	85	2	6	3	88	4	55	5	39	6	86	7	64	8	83	9	18
0	73	1	31	2	17	3	86	4	98	5	31	6	36	7	50	8	2	9	99
0	3	1	74	2	46	3	71	4	39	5	98	6	12	7	10	8	24	9	74
0	86	1	41	2	55	3	70	4	54	5	82	6	56	7	67	8	21	9	36
0	12	1	68	2	70	3	27	4	85	5	54	6	43	7	22	8	57	9	19
0	49	1	22	2	41	3	56	4	12	5	62	6	40	7	35	8	50	9	57
0	27	1	76	2	40	3	9	4	31	5	33	6	76	7	47	8	32	9	17
0	75	1	69	2	30	3	65	4	87	5	34	6	4	7	20	8	85	9	85
0	55	1	90	2	53	3	6	4	26	5	65	6	99	7	98	8	58	9	92
0	42	1	21	2	18	3	63	4	10	5	36	6	28	7	62	8	95	9	53
0	78	1	95	2	89	3	40	4	43	5	80	6	91	7	75	8	69	9	77
0	59	1	20	2	50	3	65	4	2	5	37	6	24	7	35	8	83	9	66
0	33	1	77	2	88	3	40	4	74	5	55	6	51	7	66	8	56	9	52
0	7	1	41	2	24	3	33	4	8	5	59	6	2	7	13	8	62	9	45
0	73	1	24	2	30	3	81	4	33	5	23	6	71	7	53	8	62	9	72
0	13	1	93	2	79	3	30	4	21	5	1	6	8	7	49	8	65	9	88
0	29	1	26	2	20	3	18	4	71	5	18	6	95	7	18	8	58	9	42
0	36	1	11	2	72	3	38	4	92	5	9	6	48	7	8	8	7	9	52
0	83	1	98	2	5	3	83	4	40	5	13	6	62	7	94	8	12	9	7
0	52	1	52	2	47	3	74	4	16	5	48	6	5	7	13	8	10	9	16
0	27	1	54	2	94	3	20	4	37	5	2	6	21	7	41	8	37	9	12
0	53	1	99	2	42	3	14	4	5	5	31	6	21	7	36	8	77	9	58
0	56	1	2	2	6	3	51	4	89	5	83	6	63	7	98	8	22	9	44
0	4	1	35	2	98	3	91	4	26	5	30	6	4	7	84	8	47	9	38
0	92	1	21	2	57	3	1	4	53	5	53	6	11	7	34	8	69	9	85
0	27	1	69	2	35	3	52	4	60	5	25	6	49	7	43	8	30	9	54
0	38	1	23	2	20	3	93	4	8	5	18	6	2	7	51	8	88	9	75
0	27	1	37	2	89	3	40	4	66	5	35	6	44	7	5	8	98	9	37
0	73	1	30	2	29	3	36	4	17	5	35	6	1	7	46	8	31	9	1
0	81	1	60	2	55	3	92	4	1	5	70	6	2	7	64	8	92	9	36
0	51	1	59	2	46	3	94	4	58	5	90	6	80	7	95	8	86	9	25
0	81	1	44	2	45	3	92	4	81	5	8	6	93	7	83	8	76	9	73
0	18	1	55	2	20	3	87	4	94	5	67	6	82	7	96	8	39	9	95
0	34	1	79	2	13	3	62	4	85	5	14	6	84	7	34	8	77	9	27
0	55	1	6	2	60	3	7	4	19	5	37	6	15	7	62	8	12	9	92
0	76	1	18	2	88	3	19	4	19	5	96	6	40	7	58	8	1	9	91
0	9	1	83	2	56	3	90	4	91	5	2	6	32	7	83	8	8	9	68
0	23	1	60	2	6	3	49	4	19	5	12	6	94	7	14	8	69	9	57
0	52	1	20	2	85	3	47	4	20	5	17	6	91	7	93	8	44	9	89
0	73	1	27	2	34	3	86	4	18	5	71	6	50	7	70	8	15	9	18
0	6	1	32	2	55	3	44	4	69	5	17	6	12	7	39	8	1	9	7
0	2	1	27	2	89	3	43	4	40	5	88	6	97	7	10	8	71	9	75
0	10	1	39	2	39	3	18	4	94	5	96	6	26	7	20	8	31	9	47
0	62	1	25	2	98	3	51	4	52	5	20	6	65	7	42	8	77	9	3
0	5	1	52	2	92	3	37	4	88	5	47	6	38	7	90	8	46	9	29
0	73	1	41	2	99	3	40	4	8	5	67	6	93	7	37	8	49	9	73
0	90	1	92	2	8	3	53	4	45	5	76	6	28	7	38	8	91	9	20
0	24	1	56	2	32	3	68	4	70	5	58	6	46	7	2	8	30	9	48
0	58	1	36	2	73	3	2	4	73	5	22	6	26	7	59	8	43	9	85
0	27	1	28	2	92	3	4	4	13	5	12	6	45	7	39	8	92	9	12
0	19	1	1	2	98	3	27	4	6	5	18	6	9	7	31	8	69	9	50
0	21	1	91	2	8	3	2	4	16	5	54	6	19	7	6	8	80	9	24
0	50	1	69	2	94	3	6	4	92	5	95	6	63	7	29	8	56	9	59
0	14	1	7	2	10	3	18	4	29	5	58	6	38	7	46	8	96	9	56
0	14	1	95	2	89	3	93	4	64	5	36	6	21	7	91	8	88	9	58
0	93	1	39	2	59	3	68	4	61	5	49	6	6	7	92	8	35	9	10
0	54	1	79	2	75	3	11	4	37	5	15	6	82	7	89	8	72	9	57
0	17	1	72	2	10	3	24	4	11	5	55	6	80	7	2	8	42	9	56
0	75	1	72	2	41	3	97	4	65	5	74	6	47	7	41	8	57	9	79
0	53	1	45	2	12	3	86	4	2	5	34	6	20	7	79	8	56	9	50
0	54	1	31	2	19	3	31	4	41	5	21	6	29	7	36	8	58	9	6
0	69	1	4	2	51	3	78	4	35	5	82	6	39	7	77	8	45	9	62
0	67	1	41	2	33	3	92	4	5	5	72	6	61	7	23	8	22	9	76
0	36	1	2	2	45	3	91	4	3	5	45	6	53	7	10	8	57	9	45
0	45	1	12	2	82	3	51	4	11	5	49	6	93	7	34	8	52	9	20
0	94	1	43	2	34	3	94	4	82	5	13	6	97	7	26	8	27	9	69
0	60	1	6	2	14	3	81	4	70	5	68	6	58	7	59	8	76	9	89
0	29	1	30	2	21	3	1	4	17	5	56	6	59	7	82	8	82	9	55
0	78	1	27	2	71	3	2	4	82	5	93	6	67	7	51	8	10	9	89
0	48	1	28	2	83	3	88	4	85	5	40	6	97	7	2	8	80	9	43
0	91	1	35	2	58	3	62	4	91	5	65	6	22	7	34	8	77	9	27
0	54	1	15	2	44	3	71	4	90	5	33	6	35	7	13	8	99	9	77
0	1	1	7	2	50	3	86	4	42	5	1	6	47	7	33	8	15	9	77
0	58	1	57	2	2	3	40	4	64	5	44	6	69	7	10	8	10	9	17
0	71	1	34	2	74	3	82	4	36	5	33	6	84	7	12	8	97	9	52
0	5	1	85	2	2	3	4	4	42	5	84	6	84	7	71	8	21	9	90
0	19	1	89	2	19	3	99	4	68	5	96	6	14	7	4	8	7	9	46
0	63	1	26	2	3	3	82	4	6	5	67	6	33	7	68	8	51	9	9
0	17	1	35	2	35	3	63	4	72	5	73	6	56	7	97	8	97	9	79
0	60	1	97	2	88	3	19	4	98	5	81	6	15	7	74	8	15	9	39
0	20	1	80	2	5	3	51	4	88	5	79	6	83	7	20	8	98	9	75
0	52	1	17	2	21	3	12	4	74	5	83	6	55	7	56	8	27	9	95
0	41	1	16	2	7	3	28	4	86	5	66	6	37	7	83	8	83	9	24
0	52	1	58	2	53	3	13	4	89	5	36	6	30	7	83	8	74	9	93
0	90	1	37	2	99	3	22	4	28	5	43	6	77	7	77	8	45	9	15
0	27	1	59	2	47	3	19	4	98	5	4	6	74	7	77	8	64	9	23
0	43	1	99	2	36	3	74	4	24	5	94	6	63	7	9	8	22	9	38
0	54	1	71	2	81	3	34	4	5	5	5	6	16	7	84	8	99	9	43
0	88	1	59	2	38	3	69	4	97	5	92	6	11	7	35	8	15	9	85
0	62	1	52	2	19	3	51	4	51	5	90	6	2	7	26	8	98	9	34
0	80	1	69	2	56	3	7	4	61	5	55	6	77	7	14	8	15	9	93
0	87	1	89	2	77	3	21	4	34	5	83	6	61	7	67	8	76	9	31
0	83	1	29	2	94	3	37	4	75	5	2	6	52	7	30	8	83	9	15
0	3	1	90	2	86	3	66	4	63	5	20	6	4	7	32	8	8	9	42
0	15	1	97	2	21	3	21	4	97	5	73	6	75	7	97	8	18	9	67
LBCmax: 1979
RELDUE
-1	774	3	5
-1	874	1	1
-1	1165	5	8
-1	1525	7	9
-1	1186	4	9
-1	1223	7	6
-1	1679	2	1
-1	576	5	6
-1	817	6	4
-1	1385	9	7
-1	260	4	3
-1	1137	8	3
-1	790	3	3
-1	2175	2	4
-1	1997	8	3
-1	2119	9	6
-1	264	9	1
-1	419	2	6
-1	1349	8	4
-1	481	9	5
-1	1780	9	2
-1	788	7	4
-1	1375	2	3
-1	872	1	7
-1	523	1	2
-1	1902	8	6
-1	361	7	4
-1	1659	6	1
-1	968	7	7
-1	244	8	2
-1	722	7	3
-1	1270	2	1
-1	449	1	2
-1	521	6	2
-1	1884	8	8
-1	1560	7	2
-1	1029	5	5
-1	574	7	2
-1	525	5	5
-1	420	2	9
-1	1088	2	5
-1	1870	4	7
-1	203	4	3
-1	1137	8	5
-1	975	5	1
-1	1532	9	1
-1	1533	6	7
-1	601	7	7
-1	780	1	7
-1	208	4	1
-1	1579	7	9
-1	1458	8	3
-1	986	4	7
-1	260	2	3
-1	1922	6	4
-1	2163	6	3
-1	1677	6	8
-1	491	9	2
-1	1199	9	5
-1	1462	7	7
-1	1060	3	1
-1	217	6	7
-1	1785	8	7
-1	771	6	7
-1	860	7	1
-1	1167	1	8
-1	886	1	1
-1	467	3	3
-1	489	7	1
-1	634	3	7
-1	1288	2	6
-1	1867	8	1
-1	2071	5	7
-1	1126	4	7
-1	1571	8	6
-1	2087	7	6
-1	783	9	6
-1	435	7	6
-1	2075	3	1
-1	1168	4	7
-1	567	1	4
-1	1937	5	6
-1	1077	4	7
-1	958	2	6
-1	842	5	7
-1	1441	5	8
-1	481	2	1
-1	386	6	7
-1	777	2	6
-1	1898	3	2
-1	2061	3	8
-1	735	9	2
-1	1552	4	4
-1	1240	8	5
-1	1537	3	7
-1	1068	1	6
-1	283	6	6
-1	1609	6	7
-1	475	1	3
-1	1985	7	7
DDW
728	820
795	953
1130	1200
1494	1556
1174	1198
1113	1333
1595	1763
518	634
809	825
1371	1399
250	270
1057	1217
719	861
2110	2240
1897	2097
2077	2161
251	277
402	436
1309	1389
433	529
1602	1958
733	843
1334	1416
802	942
486	560
1712	2092
354	368
1559	1759
929	1007
222	266
671	773
1143	1397
404	494
495	547
1771	1997
1482	1638
957	1101
522	626
514	536
399	441
1077	1099
1702	2038
195	211
1103	1171
936	1014
1471	1593
1395	1671
577	625
764	796
198	218
1532	1626
1356	1560
966	1006
239	281
1749	2095
1947	2379
1576	1778
466	516
1139	1259
1433	1491
986	1134
197	237
1660	1910
748	794
826	894
1109	1225
815	957
448	486
450	528
628	640
1211	1365
1736	1998
2009	2133
1036	1216
1414	1728
2066	2108
752	814
431	439
1971	2179
1133	1203
561	573
1763	2111
1023	1131
862	1054
791	893
1427	1455
443	519
378	394
723	831
1765	2031
1876	2246
713	757
1490	1614
1116	1364
1414	1660
1047	1089
275	291
1577	1641
432	518
1786	2184
