HFSDDW
100	15	5
0	21	1	45	2	2	3	46	4	59
0	74	1	95	2	60	3	32	4	64
0	78	1	48	2	78	3	18	4	56
0	61	1	13	2	93	3	77	4	81
0	95	1	57	2	97	3	24	4	28
0	70	1	65	2	83	3	38	4	70
0	71	1	43	2	15	3	40	4	3
0	74	1	54	2	16	3	73	4	6
0	81	1	90	2	79	3	73	4	94
0	79	1	55	2	5	3	38	4	4
0	73	1	55	2	28	3	61	4	4
0	64	1	47	2	78	3	18	4	88
0	9	1	12	2	23	3	61	4	93
0	36	1	34	2	39	3	15	4	81
0	7	1	96	2	21	3	71	4	99
0	5	1	77	2	24	3	30	4	49
0	16	1	61	2	45	3	34	4	97
0	16	1	15	2	53	3	36	4	39
0	27	1	76	2	97	3	85	4	96
0	69	1	68	2	18	3	80	4	58
0	45	1	16	2	89	3	57	4	97
0	76	1	35	2	56	3	62	4	99
0	86	1	24	2	49	3	69	4	72
0	48	1	66	2	88	3	64	4	78
0	21	1	80	2	3	3	76	4	54
0	30	1	99	2	35	3	74	4	30
0	37	1	59	2	44	3	71	4	4
0	99	1	71	2	88	3	37	4	21
0	80	1	59	2	91	3	37	4	52
0	4	1	28	2	29	3	13	4	49
0	3	1	79	2	54	3	3	4	38
0	65	1	14	2	13	3	3	4	67
0	77	1	1	2	81	3	32	4	63
0	27	1	79	2	78	3	65	4	72
0	76	1	78	2	52	3	44	4	97
0	62	1	89	2	66	3	25	4	51
0	3	1	70	2	22	3	26	4	27
0	57	1	6	2	42	3	33	4	39
0	86	1	58	2	85	3	69	4	43
0	80	1	77	2	59	3	73	4	25
0	24	1	50	2	64	3	41	4	73
0	25	1	28	2	10	3	5	4	76
0	76	1	47	2	88	3	52	4	65
0	7	1	78	2	56	3	6	4	6
0	22	1	38	2	45	3	26	4	85
0	18	1	92	2	82	3	1	4	18
0	84	1	30	2	92	3	99	4	27
0	52	1	7	2	81	3	52	4	3
0	30	1	96	2	38	3	57	4	62
0	40	1	69	2	34	3	5	4	37
0	2	1	22	2	54	3	68	4	4
0	86	1	5	2	38	3	55	4	56
0	32	1	45	2	9	3	86	4	91
0	46	1	54	2	89	3	26	4	13
0	99	1	96	2	4	3	3	4	76
0	25	1	1	2	88	3	64	4	46
0	48	1	59	2	78	3	64	4	16
0	63	1	76	2	25	3	95	4	40
0	47	1	69	2	27	3	96	4	70
0	84	1	87	2	51	3	65	4	16
0	85	1	80	2	8	3	91	4	37
0	6	1	18	2	51	3	92	4	78
0	85	1	17	2	74	3	9	4	8
0	73	1	67	2	45	3	71	4	29
0	70	1	30	2	93	3	85	4	65
0	31	1	70	2	8	3	33	4	91
0	38	1	50	2	23	3	48	4	61
0	67	1	51	2	86	3	28	4	11
0	46	1	26	2	33	3	17	4	55
0	31	1	95	2	18	3	88	4	97
0	18	1	43	2	79	3	37	4	46
0	56	1	86	2	23	3	26	4	7
0	35	1	10	2	18	3	1	4	40
0	36	1	94	2	26	3	48	4	40
0	22	1	80	2	17	3	61	4	82
0	44	1	97	2	77	3	31	4	35
0	35	1	52	2	19	3	36	4	74
0	95	1	70	2	85	3	2	4	6
0	81	1	29	2	60	3	22	4	75
0	36	1	8	2	32	3	76	4	19
0	36	1	69	2	70	3	48	4	75
0	37	1	26	2	19	3	54	4	2
0	58	1	10	2	91	3	90	4	71
0	83	1	90	2	82	3	27	4	45
0	66	1	9	2	25	3	43	4	59
0	92	1	20	2	95	3	85	4	47
0	37	1	65	2	1	3	13	4	99
0	66	1	82	2	71	3	60	4	37
0	70	1	52	2	32	3	99	4	47
0	71	1	37	2	69	3	51	4	92
0	45	1	25	2	6	3	32	4	53
0	28	1	45	2	28	3	89	4	82
0	17	1	31	2	33	3	8	4	65
0	93	1	10	2	79	3	91	4	6
0	2	1	20	2	23	3	89	4	74
0	14	1	77	2	25	3	95	4	87
0	56	1	50	2	45	3	93	4	2
0	12	1	59	2	68	3	59	4	71
0	21	1	54	2	81	3	77	4	20
0	39	1	19	2	24	3	35	4	53
LBCmax: 1792
RELDUE
-1	1119	7	3
-1	1102	1	2
-1	1175	6	6
-1	1057	4	8
-1	1222	4	3
-1	986	9	4
-1	903	6	8
-1	954	2	3
-1	1103	6	3
-1	1036	4	3
-1	1077	6	2
-1	965	6	7
-1	1011	7	8
-1	902	5	7
-1	993	4	9
-1	1135	9	4
-1	1205	3	7
-1	1035	1	9
-1	917	5	7
-1	1085	6	2
-1	1020	7	5
-1	1045	7	9
-1	968	2	3
-1	968	6	6
-1	1198	4	6
-1	1064	9	6
-1	1033	5	5
-1	1059	6	5
-1	1146	6	3
-1	1022	5	8
-1	1236	2	6
-1	1085	5	5
-1	1220	3	5
-1	1048	2	8
-1	986	7	3
-1	1248	7	8
-1	1155	7	3
-1	1252	6	2
-1	906	5	7
-1	1169	6	5
-1	931	3	8
-1	1048	4	8
-1	932	9	3
-1	968	9	7
-1	970	2	6
-1	902	3	3
-1	975	2	8
-1	1182	9	1
-1	1076	9	2
-1	1086	7	7
-1	1085	1	7
-1	1183	9	2
-1	961	8	1
-1	1189	9	3
-1	962	8	4
-1	969	1	9
-1	1030	7	1
-1	1103	6	3
-1	1114	3	7
-1	1054	5	9
-1	1208	5	4
-1	1099	6	2
-1	1063	1	5
-1	976	6	9
-1	1054	3	5
-1	1246	2	3
-1	999	1	8
-1	1218	4	5
-1	1170	9	3
-1	1000	9	9
-1	1234	4	7
-1	1208	9	7
-1	1025	5	3
-1	1002	5	2
-1	1050	2	7
-1	1226	7	3
-1	1008	7	7
-1	1254	2	7
-1	1252	1	8
-1	1192	2	4
-1	985	4	9
-1	1106	9	3
-1	1238	3	7
-1	955	9	8
-1	1191	7	1
-1	948	4	1
-1	1020	7	6
-1	927	6	8
-1	982	5	9
-1	912	6	7
-1	1113	9	5
-1	948	7	5
-1	1034	8	9
-1	1106	6	3
-1	1216	6	6
-1	1087	4	2
-1	1240	2	5
-1	1211	5	4
-1	1169	7	6
-1	979	5	8
DDW
1052	1186
959	1245
1069	1281
1025	1089
1124	1320
838	1134
804	1002
925	983
1081	1125
943	1129
1012	1142
936	994
960	1062
830	974
914	1072
931	1339
1133	1277
942	1128
816	1018
1009	1161
989	1051
899	1191
920	1016
939	997
1030	1366
1021	1107
847	1219
1006	1112
1135	1157
971	1073
1211	1261
890	1280
1098	1342
880	1216
887	1085
1148	1348
1120	1190
1102	1402
870	942
1146	1192
857	1005
943	1153
876	988
920	1016
902	1038
848	956
790	1160
993	1371
1044	1108
934	1238
1052	1118
1112	1254
942	980
1153	1225
827	1097
843	1095
948	1112
1037	1169
1003	1225
1012	1096
1003	1413
1033	1165
1042	1084
810	1142
970	1138
1134	1358
859	1139
1096	1340
948	1392
800	1200
1049	1419
1039	1377
974	1076
902	1102
840	1260
1067	1385
917	1099
1003	1505
1052	1452
1085	1299
936	1034
1073	1139
1213	1263
888	1022
1167	1215
796	1100
847	1193
862	992
962	1002
757	1067
1102	1124
787	1109
1013	1055
1095	1117
1155	1277
1065	1109
1128	1352
1102	1320
959	1379
793	1165
