HFSDDW
50	30	10
0	76	1	84	2	52	3	40	4	63	5	49	6	26	7	54	8	76	9	56
0	79	1	74	2	18	3	53	4	4	5	85	6	47	7	31	8	14	9	56
0	23	1	30	2	12	3	23	4	2	5	65	6	34	7	26	8	58	9	47
0	8	1	31	2	22	3	48	4	30	5	16	6	20	7	17	8	18	9	32
0	17	1	13	2	66	3	26	4	98	5	17	6	75	7	62	8	95	9	36
0	17	1	23	2	82	3	67	4	7	5	46	6	73	7	30	8	38	9	98
0	16	1	99	2	96	3	30	4	48	5	48	6	52	7	70	8	24	9	87
0	65	1	30	2	13	3	81	4	39	5	11	6	64	7	86	8	24	9	85
0	89	1	72	2	30	3	23	4	30	5	85	6	49	7	55	8	41	9	83
0	43	1	90	2	78	3	20	4	17	5	17	6	17	7	37	8	78	9	51
0	64	1	6	2	38	3	8	4	70	5	87	6	10	7	1	8	28	9	96
0	82	1	87	2	7	3	53	4	9	5	43	6	70	7	73	8	1	9	63
0	99	1	97	2	29	3	40	4	45	5	75	6	51	7	93	8	65	9	23
0	93	1	28	2	8	3	73	4	21	5	83	6	34	7	23	8	52	9	42
0	76	1	48	2	27	3	45	4	2	5	56	6	83	7	26	8	11	9	73
0	47	1	44	2	36	3	16	4	51	5	66	6	77	7	98	8	62	9	94
0	36	1	17	2	35	3	6	4	4	5	54	6	79	7	34	8	32	9	25
0	9	1	48	2	21	3	58	4	87	5	52	6	71	7	84	8	38	9	89
0	91	1	26	2	82	3	91	4	75	5	50	6	91	7	92	8	22	9	55
0	7	1	36	2	60	3	57	4	7	5	59	6	13	7	21	8	41	9	47
0	76	1	50	2	93	3	85	4	65	5	99	6	23	7	78	8	28	9	99
0	95	1	93	2	60	3	73	4	4	5	11	6	35	7	44	8	30	9	53
0	63	1	86	2	12	3	77	4	19	5	72	6	88	7	63	8	52	9	28
0	39	1	50	2	43	3	90	4	13	5	41	6	32	7	96	8	27	9	76
0	28	1	14	2	64	3	23	4	59	5	14	6	76	7	87	8	54	9	95
0	25	1	69	2	90	3	88	4	84	5	90	6	39	7	17	8	67	9	92
0	12	1	59	2	27	3	1	4	60	5	45	6	50	7	69	8	60	9	62
0	79	1	38	2	18	3	54	4	26	5	50	6	22	7	88	8	18	9	6
0	96	1	2	2	10	3	56	4	4	5	70	6	59	7	54	8	7	9	23
0	3	1	15	2	30	3	34	4	65	5	68	6	87	7	64	8	63	9	15
0	63	1	7	2	27	3	92	4	17	5	86	6	52	7	37	8	63	9	35
0	68	1	50	2	98	3	62	4	96	5	11	6	50	7	70	8	97	9	90
0	85	1	95	2	62	3	37	4	60	5	64	6	9	7	83	8	89	9	57
0	62	1	58	2	26	3	4	4	42	5	89	6	74	7	17	8	39	9	17
0	19	1	23	2	91	3	72	4	55	5	52	6	17	7	68	8	38	9	55
0	19	1	17	2	66	3	72	4	29	5	67	6	45	7	90	8	33	9	53
0	78	1	68	2	48	3	6	4	72	5	11	6	25	7	95	8	20	9	7
0	36	1	33	2	31	3	81	4	71	5	63	6	5	7	90	8	82	9	8
0	48	1	41	2	45	3	34	4	38	5	46	6	91	7	53	8	74	9	74
0	45	1	83	2	84	3	86	4	39	5	50	6	75	7	85	8	1	9	44
0	27	1	21	2	48	3	31	4	19	5	86	6	85	7	85	8	2	9	66
0	63	1	54	2	8	3	25	4	6	5	37	6	24	7	14	8	68	9	26
0	19	1	71	2	22	3	46	4	62	5	52	6	48	7	45	8	42	9	22
0	87	1	19	2	90	3	38	4	81	5	27	6	93	7	14	8	16	9	52
0	60	1	6	2	52	3	8	4	11	5	90	6	75	7	60	8	81	9	2
0	27	1	62	2	18	3	74	4	26	5	56	6	98	7	3	8	69	9	66
0	38	1	41	2	44	3	79	4	79	5	45	6	64	7	70	8	44	9	78
0	44	1	10	2	98	3	16	4	65	5	14	6	20	7	15	8	35	9	72
0	77	1	88	2	63	3	41	4	94	5	26	6	2	7	16	8	13	9	25
0	28	1	90	2	45	3	49	4	15	5	20	6	62	7	72	8	28	9	66
LBCmax: 1185
RELDUE
-1	305	4	6
-1	158	8	7
-1	235	3	8
-1	141	5	9
-1	530	5	1
-1	242	5	2
-1	571	1	6
-1	131	6	9
-1	180	9	9
-1	203	5	2
-1	377	8	2
-1	718	2	1
-1	599	9	4
-1	810	4	6
-1	754	3	1
-1	470	3	2
-1	670	8	4
-1	137	1	9
-1	721	6	2
-1	497	5	7
-1	427	3	7
-1	460	1	7
-1	527	3	5
-1	249	9	4
-1	473	4	9
-1	494	5	3
-1	575	9	4
-1	464	8	3
-1	125	4	8
-1	443	8	8
-1	483	4	9
-1	450	7	5
-1	731	7	4
-1	605	3	6
-1	441	6	7
-1	624	3	8
-1	628	5	8
-1	544	9	1
-1	707	2	4
-1	668	8	4
-1	560	5	9
-1	824	2	3
-1	169	6	1
-1	121	2	5
-1	749	5	8
-1	429	5	8
-1	282	3	7
-1	457	3	3
-1	544	1	6
-1	580	1	8
DDW
290	320
147	169
195	275
120	162
456	604
213	271
485	657
127	135
162	198
168	238
366	388
574	862
479	719
737	883
701	807
428	512
570	770
126	148
591	851
427	567
410	444
386	534
506	548
207	291
454	492
440	548
506	644
380	548
110	140
385	501
386	580
400	500
673	789
484	726
419	463
605	643
609	647
490	598
615	799
661	675
515	605
808	840
167	171
104	138
644	854
378	480
234	330
375	539
506	582
476	684
