HFSDDW
200	25	5
0	17	1	30	2	66	3	85	4	31
0	71	1	59	2	55	3	62	4	24
0	48	1	1	2	7	3	58	4	89
0	91	1	96	2	65	3	15	4	62
0	94	1	51	2	83	3	6	4	43
0	25	1	66	2	36	3	81	4	90
0	12	1	23	2	53	3	29	4	10
0	76	1	52	2	65	3	87	4	23
0	3	1	65	2	57	3	14	4	69
0	62	1	7	2	78	3	65	4	33
0	68	1	59	2	77	3	36	4	7
0	65	1	46	2	60	3	43	4	6
0	5	1	24	2	74	3	72	4	13
0	25	1	48	2	77	3	48	4	13
0	39	1	31	2	78	3	91	4	60
0	30	1	93	2	70	3	37	4	80
0	19	1	88	2	71	3	48	4	23
0	53	1	45	2	17	3	23	4	44
0	31	1	91	2	23	3	81	4	18
0	78	1	90	2	85	3	1	4	44
0	15	1	30	2	31	3	52	4	94
0	37	1	80	2	86	3	75	4	76
0	72	1	76	2	24	3	62	4	87
0	17	1	53	2	26	3	50	4	59
0	80	1	31	2	54	3	4	4	82
0	47	1	9	2	96	3	73	4	81
0	39	1	9	2	69	3	93	4	65
0	88	1	58	2	19	3	54	4	85
0	72	1	58	2	41	3	46	4	72
0	55	1	68	2	60	3	94	4	2
0	26	1	65	2	36	3	42	4	63
0	84	1	75	2	27	3	70	4	47
0	29	1	83	2	13	3	93	4	38
0	63	1	7	2	30	3	96	4	98
0	59	1	34	2	72	3	64	4	87
0	22	1	89	2	8	3	31	4	27
0	78	1	48	2	3	3	72	4	56
0	73	1	73	2	28	3	30	4	81
0	14	1	31	2	49	3	8	4	57
0	88	1	46	2	47	3	8	4	10
0	48	1	39	2	64	3	95	4	43
0	92	1	93	2	71	3	54	4	42
0	94	1	67	2	95	3	43	4	68
0	80	1	81	2	41	3	38	4	64
0	89	1	78	2	99	3	16	4	85
0	28	1	85	2	64	3	8	4	99
0	76	1	42	2	99	3	22	4	78
0	40	1	84	2	8	3	29	4	63
0	80	1	3	2	74	3	88	4	86
0	46	1	35	2	6	3	39	4	77
0	8	1	5	2	10	3	44	4	21
0	69	1	39	2	48	3	11	4	15
0	8	1	29	2	64	3	55	4	65
0	52	1	68	2	74	3	64	4	28
0	96	1	73	2	12	3	75	4	84
0	87	1	5	2	12	3	29	4	40
0	92	1	79	2	25	3	31	4	91
0	71	1	33	2	56	3	1	4	10
0	2	1	36	2	96	3	14	4	56
0	52	1	38	2	19	3	23	4	34
0	78	1	60	2	41	3	12	4	80
0	34	1	93	2	35	3	59	4	34
0	64	1	27	2	20	3	71	4	23
0	28	1	4	2	34	3	63	4	94
0	20	1	12	2	74	3	55	4	27
0	60	1	77	2	97	3	19	4	33
0	49	1	86	2	88	3	94	4	61
0	33	1	39	2	14	3	50	4	58
0	77	1	98	2	96	3	67	4	45
0	74	1	17	2	26	3	91	4	29
0	48	1	5	2	55	3	29	4	15
0	66	1	86	2	85	3	85	4	21
0	57	1	95	2	16	3	27	4	85
0	78	1	39	2	25	3	10	4	89
0	89	1	90	2	84	3	6	4	17
0	21	1	15	2	7	3	11	4	52
0	44	1	51	2	7	3	90	4	84
0	44	1	31	2	60	3	80	4	94
0	46	1	53	2	29	3	30	4	1
0	82	1	82	2	70	3	82	4	66
0	36	1	91	2	17	3	2	4	40
0	58	1	21	2	49	3	12	4	93
0	52	1	80	2	75	3	33	4	76
0	7	1	89	2	26	3	43	4	41
0	47	1	78	2	44	3	15	4	44
0	36	1	61	2	55	3	6	4	35
0	39	1	45	2	24	3	44	4	16
0	53	1	34	2	5	3	50	4	27
0	24	1	81	2	49	3	86	4	43
0	66	1	77	2	95	3	53	4	94
0	92	1	57	2	27	3	42	4	20
0	58	1	47	2	3	3	58	4	4
0	96	1	66	2	44	3	77	4	55
0	8	1	56	2	31	3	18	4	24
0	72	1	85	2	75	3	16	4	18
0	65	1	30	2	58	3	71	4	77
0	58	1	66	2	2	3	11	4	42
0	82	1	18	2	82	3	25	4	58
0	6	1	32	2	46	3	47	4	30
0	58	1	38	2	72	3	32	4	36
0	11	1	47	2	78	3	30	4	23
0	8	1	81	2	11	3	24	4	54
0	29	1	89	2	31	3	80	4	45
0	31	1	64	2	34	3	35	4	73
0	89	1	73	2	7	3	59	4	18
0	40	1	39	2	29	3	86	4	60
0	28	1	57	2	26	3	36	4	67
0	12	1	87	2	71	3	87	4	34
0	2	1	7	2	58	3	71	4	30
0	16	1	2	2	65	3	2	4	98
0	93	1	4	2	37	3	58	4	46
0	37	1	40	2	19	3	12	4	83
0	69	1	52	2	25	3	64	4	26
0	71	1	63	2	94	3	14	4	33
0	43	1	92	2	46	3	2	4	72
0	82	1	15	2	35	3	30	4	3
0	38	1	73	2	28	3	87	4	66
0	25	1	21	2	68	3	89	4	30
0	71	1	68	2	60	3	5	4	65
0	49	1	82	2	94	3	45	4	59
0	53	1	7	2	52	3	68	4	55
0	1	1	57	2	36	3	86	4	63
0	23	1	6	2	89	3	10	4	45
0	95	1	24	2	37	3	98	4	2
0	50	1	95	2	6	3	83	4	62
0	74	1	33	2	42	3	36	4	23
0	1	1	21	2	90	3	70	4	49
0	31	1	22	2	60	3	32	4	66
0	67	1	85	2	82	3	26	4	8
0	66	1	78	2	50	3	59	4	69
0	26	1	45	2	95	3	44	4	9
0	58	1	2	2	68	3	7	4	81
0	67	1	16	2	99	3	63	4	63
0	3	1	15	2	20	3	60	4	15
0	74	1	64	2	5	3	32	4	35
0	65	1	14	2	79	3	76	4	95
0	96	1	82	2	83	3	66	4	97
0	55	1	25	2	46	3	62	4	91
0	30	1	53	2	54	3	51	4	98
0	52	1	85	2	19	3	63	4	5
0	51	1	59	2	90	3	45	4	95
0	62	1	40	2	63	3	9	4	43
0	45	1	23	2	92	3	12	4	84
0	85	1	32	2	33	3	66	4	8
0	77	1	69	2	57	3	69	4	84
0	22	1	10	2	54	3	34	4	82
0	80	1	94	2	17	3	71	4	44
0	37	1	92	2	39	3	71	4	35
0	16	1	61	2	37	3	19	4	47
0	8	1	61	2	43	3	66	4	13
0	20	1	52	2	52	3	55	4	28
0	82	1	3	2	21	3	60	4	74
0	52	1	86	2	30	3	27	4	63
0	50	1	6	2	21	3	68	4	48
0	93	1	93	2	62	3	31	4	92
0	17	1	32	2	38	3	23	4	77
0	61	1	67	2	87	3	21	4	63
0	28	1	42	2	61	3	44	4	61
0	35	1	72	2	78	3	97	4	82
0	29	1	32	2	11	3	56	4	96
0	2	1	40	2	74	3	19	4	20
0	26	1	90	2	22	3	63	4	11
0	51	1	64	2	97	3	82	4	13
0	84	1	99	2	9	3	63	4	35
0	9	1	45	2	76	3	7	4	14
0	21	1	15	2	64	3	48	4	63
0	85	1	21	2	81	3	27	4	76
0	21	1	92	2	69	3	2	4	37
0	38	1	21	2	97	3	33	4	10
0	70	1	74	2	96	3	84	4	98
0	29	1	23	2	48	3	22	4	88
0	56	1	63	2	68	3	5	4	98
0	12	1	26	2	73	3	99	4	26
0	31	1	82	2	71	3	6	4	92
0	91	1	31	2	8	3	27	4	96
0	87	1	47	2	43	3	97	4	44
0	47	1	19	2	79	3	50	4	35
0	62	1	73	2	60	3	38	4	21
0	57	1	25	2	64	3	3	4	26
0	12	1	48	2	97	3	8	4	78
0	88	1	3	2	91	3	92	4	7
0	98	1	16	2	21	3	26	4	1
0	9	1	21	2	70	3	61	4	52
0	92	1	46	2	23	3	65	4	64
0	58	1	23	2	33	3	85	4	36
0	67	1	66	2	5	3	1	4	84
0	40	1	49	2	36	3	20	4	55
0	45	1	28	2	87	3	44	4	36
0	46	1	52	2	35	3	37	4	12
0	37	1	55	2	4	3	51	4	33
0	65	1	25	2	33	3	43	4	21
0	65	1	69	2	6	3	56	4	40
0	32	1	12	2	21	3	41	4	61
0	59	1	84	2	51	3	6	4	7
0	65	1	58	2	79	3	29	4	19
0	7	1	87	2	95	3	73	4	98
0	12	1	63	2	54	3	68	4	19
0	15	1	17	2	92	3	98	4	89
0	75	1	22	2	31	3	5	4	5
0	34	1	32	2	93	3	76	4	52
LBCmax: 2103
RELDUE
-1	892	1	1
-1	0	2	2
-1	1843	7	9
-1	715	9	4
-1	1209	3	6
-1	0	5	2
-1	757	6	1
-1	0	1	4
-1	306	8	2
-1	82	2	2
-1	1426	4	5
-1	1342	9	9
-1	470	9	8
-1	1007	8	1
-1	368	5	6
-1	1223	3	6
-1	1008	1	7
-1	888	8	1
-1	242	2	5
-1	763	9	7
-1	696	6	5
-1	1715	9	5
-1	884	5	8
-1	119	9	4
-1	464	4	6
-1	716	3	6
-1	362	5	4
-1	1356	6	6
-1	294	1	3
-1	1564	2	9
-1	1364	1	9
-1	1767	9	6
-1	200	3	9
-1	246	1	8
-1	764	2	9
-1	0	3	4
-1	1175	2	5
-1	0	6	8
-1	0	5	5
-1	46	5	2
-1	1239	8	4
-1	49	7	9
-1	1226	3	7
-1	1578	2	7
-1	44	1	3
-1	0	1	9
-1	1663	3	1
-1	1335	6	6
-1	1409	6	3
-1	561	2	6
-1	1394	7	2
-1	1458	3	4
-1	1311	3	9
-1	421	4	1
-1	0	7	7
-1	1070	1	6
-1	883	8	1
-1	1514	2	6
-1	40	3	1
-1	283	4	6
-1	1469	7	4
-1	1295	7	9
-1	1476	9	4
-1	635	1	2
-1	612	8	9
-1	1552	3	3
-1	932	4	9
-1	13	5	6
-1	33	2	3
-1	199	6	4
-1	0	3	2
-1	806	9	4
-1	877	2	4
-1	0	2	3
-1	1418	9	1
-1	437	4	5
-1	279	9	6
-1	1200	8	3
-1	0	4	4
-1	441	5	9
-1	946	8	3
-1	921	2	8
-1	1840	5	8
-1	1627	3	8
-1	0	5	5
-1	1800	4	9
-1	245	5	9
-1	1673	3	6
-1	61	4	4
-1	1587	8	5
-1	969	3	8
-1	1555	3	7
-1	1844	6	7
-1	1411	4	8
-1	471	1	2
-1	1837	3	8
-1	466	7	7
-1	380	6	1
-1	756	9	2
-1	386	9	3
-1	775	2	3
-1	1440	7	4
-1	1091	7	4
-1	999	1	1
-1	513	3	2
-1	378	8	1
-1	370	5	1
-1	1115	6	9
-1	897	1	5
-1	1431	2	7
-1	580	5	5
-1	1576	8	3
-1	1440	3	6
-1	1493	2	7
-1	1231	3	2
-1	337	6	3
-1	1348	5	5
-1	1743	3	1
-1	465	1	8
-1	705	1	3
-1	1096	6	4
-1	1152	5	8
-1	1845	4	3
-1	339	3	7
-1	1124	1	6
-1	175	1	5
-1	855	1	2
-1	1359	8	7
-1	1409	4	5
-1	1474	2	1
-1	1864	2	4
-1	1792	7	2
-1	233	6	6
-1	1371	5	1
-1	1559	7	5
-1	1400	9	2
-1	1723	4	9
-1	631	2	1
-1	903	1	9
-1	1475	9	9
-1	1220	3	5
-1	1024	7	7
-1	566	2	2
-1	524	3	4
-1	796	6	6
-1	1286	6	6
-1	0	7	9
-1	141	1	3
-1	0	6	4
-1	0	3	7
-1	279	7	2
-1	617	9	5
-1	1808	7	8
-1	0	1	1
-1	1183	1	8
-1	1516	7	5
-1	1488	5	2
-1	542	8	7
-1	1768	6	9
-1	128	9	4
-1	1416	4	2
-1	905	5	2
-1	1600	9	3
-1	1317	5	5
-1	1460	9	8
-1	682	4	6
-1	1132	6	3
-1	0	3	1
-1	1828	5	2
-1	1724	1	4
-1	508	1	2
-1	506	4	8
-1	629	9	2
-1	884	1	5
-1	1379	2	4
-1	0	6	7
-1	376	4	8
-1	1111	3	5
-1	1436	7	8
-1	1732	6	4
-1	60	3	6
-1	504	2	2
-1	1178	4	1
-1	1276	8	3
-1	984	9	7
-1	1037	2	5
-1	1878	9	6
-1	183	4	3
-1	0	8	7
-1	0	3	7
-1	1805	3	1
-1	971	4	5
-1	756	3	7
-1	565	3	7
-1	0	9	7
-1	104	4	6
-1	1318	5	7
-1	1142	1	5
-1	957	1	2
-1	0	4	8
DDW
856	928
0	0
1714	1972
679	751
1173	1245
0	0
696	818
0	0
288	324
81	83
1312	1540
1329	1355
437	503
916	1098
361	375
1186	1260
978	1038
826	950
218	266
710	816
633	759
1698	1732
849	919
117	121
445	483
673	759
326	398
1302	1410
279	309
1423	1705
1337	1391
1643	1891
194	206
236	256
726	802
0	0
1116	1234
0	0
0	0
45	47
1227	1251
47	51
1189	1263
1436	1720
44	44
0	0
1646	1680
1242	1428
1324	1494
511	611
1352	1436
1385	1531
1272	1350
383	459
0	0
1038	1102
839	927
1438	1590
40	40
260	306
1440	1498
1230	1360
1417	1535
591	679
557	667
1521	1583
857	1007
13	13
31	35
185	213
0	0
782	830
842	912
0	0
1333	1503
415	459
254	304
1128	1272
0	0
397	485
899	993
884	958
1693	1987
1513	1741
0	0
1656	1944
235	255
1589	1757
59	63
1539	1635
959	979
1400	1710
1660	2028
1312	1510
424	518
1708	1966
461	471
353	407
680	832
351	421
721	829
1310	1570
1058	1124
899	1099
508	518
374	382
366	374
1059	1171
870	924
1331	1531
551	609
1434	1718
1382	1498
1478	1508
1194	1268
307	367
1254	1442
1621	1865
460	470
698	712
1008	1184
1117	1187
1660	2030
332	346
1057	1191
159	191
821	889
1250	1468
1282	1536
1327	1621
1789	1939
1756	1828
219	247
1330	1412
1497	1621
1302	1498
1706	1740
574	688
840	966
1386	1564
1122	1318
922	1126
549	583
482	566
724	868
1260	1312
0	0
128	154
0	0
0	0
251	307
592	642
1681	1935
0	0
1159	1207
1440	1592
1354	1622
537	547
1697	1839
125	131
1303	1529
869	941
1504	1696
1264	1370
1416	1504
662	702
1087	1177
0	0
1682	1974
1621	1827
462	554
460	552
623	635
840	928
1324	1434
0	0
338	414
1078	1144
1379	1493
1645	1819
58	62
479	529
1131	1225
1174	1378
886	1082
1027	1047
1765	1991
170	196
0	0
0	0
1661	1949
874	1068
711	801
531	599
0	0
100	108
1265	1371
1028	1256
909	1005
0	0
