HFSDDW
50	15	5
0	20	1	50	2	85	3	95	4	72
0	52	1	14	2	4	3	57	4	92
0	29	1	94	2	43	3	22	4	23
0	3	1	59	2	21	3	50	4	29
0	14	1	99	2	47	3	97	4	74
0	68	1	20	2	94	3	53	4	45
0	85	1	94	2	66	3	47	4	89
0	75	1	23	2	23	3	46	4	46
0	13	1	4	2	50	3	2	4	24
0	70	1	61	2	72	3	41	4	66
0	95	1	90	2	38	3	81	4	71
0	20	1	4	2	87	3	21	4	5
0	32	1	20	2	50	3	13	4	7
0	34	1	29	2	95	3	33	4	47
0	80	1	36	2	75	3	5	4	16
0	10	1	50	2	45	3	73	4	5
0	7	1	48	2	53	3	87	4	50
0	94	1	57	2	84	3	76	4	70
0	72	1	35	2	2	3	42	4	14
0	93	1	54	2	38	3	94	4	90
0	42	1	65	2	40	3	93	4	86
0	59	1	16	2	34	3	65	4	61
0	69	1	58	2	14	3	17	4	97
0	84	1	66	2	63	3	62	4	13
0	77	1	44	2	20	3	63	4	75
0	45	1	34	2	34	3	90	4	23
0	56	1	13	2	51	3	83	4	62
0	41	1	8	2	60	3	1	4	91
0	79	1	23	2	20	3	15	4	1
0	14	1	22	2	85	3	44	4	29
0	27	1	90	2	75	3	82	4	13
0	97	1	46	2	77	3	18	4	41
0	25	1	82	2	43	3	43	4	5
0	57	1	8	2	31	3	54	4	56
0	76	1	7	2	63	3	70	4	33
0	54	1	25	2	5	3	62	4	61
0	24	1	49	2	89	3	62	4	95
0	66	1	37	2	68	3	71	4	65
0	94	1	31	2	42	3	59	4	66
0	96	1	80	2	76	3	10	4	43
0	7	1	90	2	31	3	88	4	52
0	21	1	27	2	5	3	50	4	58
0	73	1	42	2	15	3	56	4	18
0	76	1	93	2	81	3	48	4	39
0	20	1	39	2	60	3	89	4	61
0	45	1	65	2	4	3	5	4	36
0	74	1	48	2	94	3	20	4	54
0	33	1	18	2	1	3	10	4	74
0	39	1	32	2	19	3	13	4	91
0	53	1	17	2	85	3	42	4	89
LBCmax: 943
RELDUE
-1	492	1	2
-1	1031	8	6
-1	633	3	2
-1	874	3	6
-1	603	7	4
-1	855	5	8
-1	646	4	2
-1	709	8	7
-1	624	6	8
-1	510	8	1
-1	786	1	3
-1	605	9	2
-1	473	8	8
-1	547	2	7
-1	944	5	8
-1	612	6	2
-1	741	2	3
-1	1009	1	1
-1	482	9	1
-1	947	8	2
-1	806	5	6
-1	994	5	6
-1	878	4	2
-1	884	3	5
-1	1035	3	4
-1	968	5	5
-1	588	3	2
-1	736	6	8
-1	1024	3	7
-1	519	7	5
-1	632	9	6
-1	921	1	8
-1	818	8	3
-1	557	6	2
-1	653	2	7
-1	900	8	6
-1	581	1	6
-1	602	6	4
-1	1014	7	4
-1	961	7	6
-1	483	5	6
-1	898	5	2
-1	888	3	1
-1	485	9	9
-1	578	7	3
-1	557	8	3
-1	651	3	4
-1	498	3	9
-1	637	6	6
-1	849	8	1
DDW
462	522
1010	1052
601	665
822	926
561	645
770	940
614	678
659	759
580	668
500	520
778	794
551	659
426	520
536	558
850	1038
594	630
726	756
908	1110
453	511
871	1023
774	838
914	1074
834	922
796	972
942	1128
910	1026
564	612
684	788
983	1065
483	555
581	683
912	930
769	867
518	596
640	666
864	936
564	598
542	662
963	1065
923	999
449	517
871	925
852	924
461	509
566	590
501	613
625	677
488	508
605	669
764	934
