HFSDDW
200	50	10
0	93	1	22	2	29	3	79	4	32	5	7	6	64	7	32	8	99	9	68
0	32	1	46	2	1	3	57	4	23	5	88	6	19	7	86	8	95	9	76
0	1	1	9	2	30	3	53	4	5	5	92	6	25	7	54	8	81	9	9
0	42	1	4	2	29	3	28	4	87	5	13	6	89	7	77	8	65	9	88
0	81	1	29	2	89	3	16	4	5	5	21	6	75	7	25	8	26	9	22
0	67	1	67	2	52	3	81	4	59	5	85	6	91	7	75	8	74	9	40
0	81	1	11	2	50	3	90	4	26	5	29	6	18	7	72	8	69	9	11
0	99	1	42	2	21	3	7	4	95	5	71	6	19	7	15	8	49	9	84
0	17	1	1	2	28	3	60	4	41	5	75	6	52	7	47	8	69	9	2
0	21	1	15	2	4	3	26	4	8	5	71	6	79	7	99	8	89	9	76
0	3	1	3	2	55	3	16	4	23	5	26	6	46	7	45	8	86	9	87
0	67	1	76	2	27	3	89	4	24	5	80	6	82	7	89	8	50	9	51
0	77	1	70	2	4	3	68	4	89	5	85	6	39	7	95	8	99	9	25
0	92	1	20	2	26	3	73	4	81	5	14	6	46	7	12	8	37	9	16
0	29	1	7	2	61	3	82	4	35	5	44	6	87	7	14	8	3	9	27
0	88	1	89	2	49	3	38	4	98	5	33	6	99	7	87	8	27	9	38
0	87	1	51	2	45	3	61	4	94	5	48	6	51	7	54	8	8	9	10
0	35	1	71	2	53	3	35	4	22	5	70	6	9	7	21	8	33	9	45
0	97	1	25	2	93	3	73	4	37	5	3	6	70	7	87	8	74	9	49
0	15	1	58	2	85	3	99	4	28	5	78	6	62	7	1	8	87	9	86
0	93	1	34	2	6	3	92	4	92	5	18	6	37	7	15	8	17	9	29
0	24	1	78	2	54	3	82	4	41	5	62	6	57	7	72	8	25	9	92
0	78	1	64	2	79	3	59	4	95	5	76	6	85	7	53	8	7	9	44
0	9	1	9	2	34	3	47	4	52	5	63	6	19	7	1	8	80	9	19
0	65	1	55	2	71	3	45	4	26	5	36	6	5	7	3	8	58	9	65
0	21	1	89	2	76	3	95	4	9	5	30	6	54	7	47	8	97	9	16
0	32	1	83	2	9	3	72	4	21	5	15	6	45	7	8	8	30	9	77
0	43	1	57	2	91	3	6	4	27	5	23	6	92	7	35	8	33	9	60
0	72	1	83	2	94	3	41	4	23	5	20	6	33	7	39	8	39	9	22
0	9	1	72	2	4	3	65	4	87	5	81	6	47	7	98	8	25	9	11
0	90	1	97	2	73	3	80	4	22	5	64	6	97	7	71	8	68	9	85
0	37	1	20	2	14	3	37	4	44	5	49	6	88	7	67	8	50	9	2
0	82	1	7	2	69	3	9	4	69	5	71	6	53	7	27	8	18	9	45
0	76	1	93	2	11	3	23	4	69	5	74	6	10	7	14	8	19	9	59
0	22	1	61	2	70	3	53	4	85	5	89	6	58	7	66	8	21	9	39
0	92	1	79	2	49	3	24	4	28	5	84	6	29	7	65	8	12	9	51
0	11	1	70	2	53	3	23	4	9	5	44	6	10	7	91	8	68	9	69
0	39	1	74	2	48	3	90	4	79	5	21	6	36	7	16	8	23	9	80
0	13	1	86	2	6	3	79	4	53	5	97	6	45	7	87	8	94	9	84
0	46	1	45	2	3	3	68	4	48	5	52	6	8	7	48	8	45	9	41
0	79	1	67	2	97	3	51	4	99	5	18	6	31	7	58	8	44	9	7
0	49	1	13	2	42	3	32	4	38	5	24	6	64	7	74	8	70	9	12
0	99	1	23	2	96	3	84	4	24	5	93	6	72	7	80	8	43	9	28
0	13	1	88	2	71	3	82	4	1	5	46	6	89	7	54	8	79	9	35
0	66	1	86	2	43	3	88	4	36	5	33	6	4	7	71	8	30	9	24
0	87	1	34	2	77	3	33	4	42	5	57	6	70	7	14	8	28	9	7
0	46	1	51	2	16	3	17	4	93	5	61	6	42	7	60	8	31	9	92
0	35	1	10	2	95	3	36	4	46	5	13	6	79	7	9	8	49	9	90
0	89	1	2	2	50	3	19	4	40	5	79	6	11	7	38	8	40	9	44
0	75	1	75	2	26	3	73	4	88	5	15	6	71	7	27	8	94	9	74
0	91	1	44	2	40	3	38	4	89	5	77	6	39	7	42	8	87	9	30
0	77	1	62	2	64	3	38	4	17	5	44	6	2	7	96	8	76	9	15
0	51	1	4	2	20	3	86	4	17	5	59	6	83	7	22	8	47	9	31
0	42	1	53	2	14	3	74	4	98	5	46	6	61	7	12	8	30	9	63
0	41	1	68	2	50	3	10	4	67	5	14	6	12	7	88	8	56	9	45
0	14	1	74	2	50	3	80	4	24	5	87	6	24	7	54	8	22	9	30
0	93	1	17	2	95	3	56	4	87	5	24	6	48	7	90	8	40	9	71
0	82	1	89	2	67	3	14	4	73	5	82	6	53	7	11	8	19	9	4
0	48	1	95	2	66	3	3	4	18	5	68	6	4	7	34	8	50	9	11
0	22	1	8	2	90	3	99	4	69	5	25	6	73	7	94	8	22	9	44
0	65	1	21	2	48	3	85	4	62	5	25	6	7	7	37	8	7	9	42
0	34	1	14	2	35	3	18	4	82	5	98	6	51	7	92	8	39	9	20
0	21	1	15	2	40	3	29	4	49	5	74	6	98	7	67	8	45	9	49
0	10	1	59	2	88	3	75	4	39	5	27	6	47	7	80	8	41	9	93
0	61	1	66	2	27	3	9	4	76	5	8	6	73	7	72	8	18	9	70
0	74	1	80	2	55	3	3	4	24	5	50	6	81	7	20	8	37	9	87
0	26	1	40	2	91	3	58	4	33	5	74	6	26	7	59	8	79	9	55
0	51	1	70	2	52	3	46	4	59	5	54	6	88	7	32	8	52	9	41
0	2	1	26	2	50	3	74	4	75	5	29	6	5	7	85	8	51	9	88
0	46	1	28	2	44	3	53	4	67	5	22	6	75	7	68	8	76	9	2
0	82	1	14	2	93	3	62	4	20	5	4	6	29	7	10	8	43	9	70
0	61	1	49	2	67	3	95	4	86	5	1	6	89	7	17	8	83	9	4
0	70	1	40	2	9	3	90	4	10	5	23	6	27	7	98	8	79	9	38
0	78	1	21	2	56	3	50	4	59	5	87	6	33	7	87	8	55	9	71
0	1	1	94	2	43	3	81	4	28	5	96	6	61	7	49	8	67	9	66
0	32	1	58	2	84	3	72	4	32	5	42	6	6	7	3	8	53	9	96
0	76	1	30	2	31	3	6	4	91	5	41	6	93	7	17	8	36	9	99
0	68	1	2	2	62	3	12	4	3	5	76	6	97	7	27	8	63	9	13
0	62	1	78	2	32	3	13	4	6	5	21	6	36	7	83	8	19	9	17
0	81	1	30	2	35	3	59	4	95	5	71	6	64	7	38	8	89	9	86
0	3	1	44	2	13	3	67	4	98	5	31	6	96	7	72	8	69	9	56
0	45	1	79	2	40	3	40	4	35	5	97	6	97	7	19	8	99	9	71
0	5	1	11	2	98	3	19	4	19	5	38	6	67	7	3	8	17	9	32
0	12	1	59	2	37	3	76	4	10	5	18	6	66	7	65	8	14	9	75
0	24	1	63	2	14	3	63	4	72	5	2	6	90	7	94	8	24	9	97
0	74	1	46	2	39	3	19	4	81	5	92	6	46	7	93	8	49	9	61
0	64	1	93	2	56	3	38	4	44	5	85	6	42	7	63	8	30	9	17
0	32	1	33	2	6	3	24	4	47	5	42	6	96	7	35	8	47	9	17
0	47	1	72	2	78	3	20	4	57	5	66	6	21	7	18	8	94	9	18
0	72	1	72	2	16	3	52	4	12	5	31	6	8	7	76	8	19	9	86
0	59	1	28	2	64	3	8	4	65	5	42	6	40	7	15	8	71	9	40
0	96	1	11	2	47	3	32	4	15	5	91	6	15	7	37	8	80	9	77
0	64	1	25	2	68	3	13	4	44	5	60	6	17	7	53	8	13	9	17
0	35	1	20	2	16	3	60	4	57	5	20	6	8	7	71	8	54	9	16
0	26	1	7	2	46	3	55	4	21	5	62	6	25	7	83	8	38	9	20
0	16	1	71	2	96	3	42	4	23	5	35	6	59	7	52	8	63	9	6
0	25	1	87	2	3	3	55	4	6	5	76	6	94	7	87	8	75	9	94
0	84	1	44	2	82	3	64	4	52	5	58	6	78	7	14	8	92	9	82
0	36	1	33	2	16	3	92	4	2	5	63	6	24	7	74	8	37	9	22
0	60	1	56	2	8	3	49	4	90	5	39	6	5	7	91	8	49	9	44
0	67	1	37	2	9	3	43	4	36	5	72	6	88	7	32	8	89	9	65
0	57	1	45	2	59	3	80	4	69	5	92	6	72	7	10	8	54	9	42
0	53	1	20	2	50	3	53	4	34	5	29	6	36	7	34	8	73	9	14
0	53	1	86	2	65	3	48	4	16	5	98	6	25	7	72	8	57	9	30
0	75	1	92	2	85	3	72	4	65	5	16	6	96	7	28	8	79	9	98
0	67	1	94	2	38	3	7	4	91	5	47	6	86	7	55	8	9	9	7
0	36	1	54	2	58	3	76	4	12	5	71	6	80	7	11	8	65	9	70
0	67	1	99	2	53	3	24	4	66	5	60	6	35	7	78	8	88	9	19
0	33	1	9	2	54	3	75	4	47	5	59	6	48	7	58	8	57	9	68
0	13	1	69	2	64	3	50	4	93	5	21	6	35	7	9	8	61	9	94
0	35	1	85	2	62	3	10	4	31	5	67	6	41	7	14	8	41	9	31
0	13	1	9	2	67	3	89	4	74	5	28	6	1	7	82	8	30	9	52
0	23	1	23	2	54	3	96	4	58	5	98	6	36	7	4	8	31	9	45
0	26	1	26	2	18	3	93	4	84	5	47	6	46	7	45	8	44	9	79
0	19	1	35	2	18	3	26	4	56	5	5	6	2	7	74	8	75	9	66
0	21	1	52	2	79	3	9	4	72	5	12	6	31	7	66	8	51	9	33
0	32	1	38	2	83	3	95	4	6	5	86	6	90	7	73	8	6	9	27
0	81	1	55	2	39	3	51	4	34	5	88	6	6	7	28	8	41	9	53
0	96	1	62	2	28	3	65	4	24	5	73	6	47	7	9	8	22	9	72
0	16	1	80	2	93	3	11	4	47	5	80	6	51	7	23	8	21	9	69
0	14	1	28	2	69	3	48	4	84	5	66	6	13	7	29	8	74	9	84
0	7	1	3	2	25	3	98	4	37	5	70	6	10	7	19	8	71	9	32
0	40	1	81	2	51	3	33	4	12	5	2	6	61	7	28	8	4	9	53
0	37	1	83	2	8	3	71	4	39	5	68	6	92	7	79	8	80	9	58
0	61	1	18	2	35	3	38	4	65	5	13	6	55	7	95	8	74	9	77
0	71	1	33	2	51	3	88	4	30	5	32	6	76	7	36	8	37	9	82
0	5	1	84	2	25	3	21	4	47	5	24	6	95	7	54	8	59	9	68
0	77	1	30	2	38	3	13	4	71	5	22	6	47	7	14	8	67	9	98
0	46	1	66	2	54	3	27	4	82	5	4	6	32	7	20	8	42	9	8
0	91	1	57	2	43	3	98	4	53	5	76	6	92	7	14	8	91	9	42
0	18	1	2	2	36	3	6	4	99	5	42	6	95	7	39	8	17	9	8
0	85	1	63	2	68	3	39	4	37	5	39	6	31	7	98	8	39	9	44
0	92	1	75	2	12	3	52	4	76	5	21	6	87	7	40	8	59	9	95
0	30	1	33	2	23	3	26	4	80	5	44	6	30	7	48	8	27	9	40
0	9	1	93	2	3	3	35	4	22	5	28	6	88	7	4	8	61	9	15
0	45	1	94	2	75	3	47	4	49	5	43	6	90	7	84	8	29	9	79
0	55	1	56	2	79	3	22	4	77	5	52	6	41	7	43	8	59	9	92
0	9	1	83	2	71	3	98	4	35	5	99	6	72	7	76	8	30	9	49
0	32	1	83	2	78	3	45	4	50	5	35	6	58	7	75	8	77	9	38
0	54	1	46	2	19	3	48	4	85	5	52	6	15	7	81	8	57	9	70
0	87	1	46	2	45	3	69	4	7	5	62	6	23	7	76	8	12	9	50
0	70	1	14	2	54	3	80	4	47	5	72	6	78	7	34	8	71	9	43
0	94	1	66	2	66	3	22	4	38	5	62	6	64	7	23	8	13	9	83
0	85	1	91	2	20	3	60	4	62	5	86	6	38	7	9	8	39	9	88
0	13	1	81	2	63	3	27	4	67	5	41	6	91	7	39	8	2	9	14
0	74	1	80	2	10	3	15	4	76	5	21	6	80	7	24	8	31	9	44
0	98	1	99	2	64	3	29	4	65	5	78	6	93	7	94	8	19	9	60
0	35	1	69	2	95	3	83	4	30	5	13	6	4	7	39	8	54	9	97
0	70	1	26	2	22	3	99	4	9	5	5	6	82	7	5	8	84	9	41
0	7	1	14	2	77	3	94	4	90	5	13	6	18	7	34	8	62	9	89
0	47	1	97	2	20	3	42	4	79	5	5	6	84	7	27	8	84	9	63
0	18	1	41	2	70	3	34	4	73	5	72	6	78	7	64	8	20	9	60
0	96	1	89	2	11	3	78	4	53	5	21	6	91	7	1	8	92	9	18
0	95	1	69	2	76	3	65	4	50	5	73	6	6	7	80	8	20	9	4
0	21	1	55	2	21	3	21	4	23	5	66	6	43	7	44	8	22	9	18
0	34	1	53	2	14	3	3	4	92	5	58	6	87	7	42	8	88	9	58
0	13	1	83	2	34	3	67	4	67	5	49	6	64	7	6	8	83	9	1
0	66	1	98	2	45	3	17	4	39	5	41	6	68	7	89	8	55	9	87
0	78	1	48	2	79	3	75	4	83	5	43	6	55	7	74	8	72	9	92
0	85	1	64	2	91	3	62	4	91	5	37	6	21	7	53	8	54	9	74
0	2	1	38	2	60	3	21	4	51	5	36	6	9	7	97	8	63	9	51
0	89	1	97	2	86	3	2	4	80	5	65	6	5	7	59	8	83	9	25
0	93	1	90	2	33	3	91	4	15	5	3	6	7	7	82	8	26	9	3
0	21	1	15	2	36	3	81	4	85	5	41	6	88	7	59	8	24	9	47
0	34	1	58	2	12	3	21	4	3	5	88	6	78	7	90	8	81	9	26
0	33	1	61	2	70	3	29	4	80	5	12	6	5	7	68	8	7	9	49
0	30	1	26	2	72	3	60	4	31	5	74	6	62	7	5	8	16	9	40
0	76	1	45	2	36	3	37	4	90	5	36	6	79	7	12	8	88	9	27
0	24	1	16	2	2	3	99	4	70	5	59	6	45	7	7	8	2	9	74
0	36	1	20	2	52	3	75	4	18	5	9	6	85	7	51	8	90	9	28
0	26	1	73	2	75	3	42	4	50	5	87	6	26	7	34	8	38	9	44
0	33	1	92	2	79	3	79	4	25	5	14	6	25	7	73	8	90	9	71
0	30	1	55	2	4	3	41	4	4	5	57	6	93	7	60	8	19	9	82
0	51	1	28	2	22	3	61	4	1	5	50	6	41	7	59	8	50	9	83
0	33	1	12	2	69	3	57	4	42	5	44	6	40	7	73	8	50	9	4
0	83	1	13	2	60	3	19	4	98	5	70	6	70	7	34	8	38	9	93
0	94	1	66	2	15	3	55	4	93	5	5	6	70	7	19	8	78	9	74
0	73	1	65	2	24	3	8	4	38	5	18	6	86	7	46	8	99	9	60
0	17	1	20	2	10	3	16	4	98	5	39	6	68	7	3	8	62	9	31
0	80	1	8	2	22	3	56	4	88	5	67	6	97	7	14	8	64	9	37
0	73	1	21	2	94	3	76	4	31	5	19	6	88	7	53	8	80	9	80
0	83	1	24	2	34	3	77	4	76	5	74	6	56	7	98	8	57	9	55
0	37	1	68	2	57	3	48	4	94	5	66	6	44	7	67	8	19	9	71
0	21	1	73	2	82	3	62	4	87	5	95	6	26	7	34	8	85	9	80
0	50	1	16	2	22	3	81	4	47	5	57	6	73	7	44	8	80	9	15
0	12	1	98	2	57	3	10	4	1	5	5	6	64	7	46	8	81	9	65
0	74	1	22	2	34	3	10	4	60	5	11	6	41	7	71	8	90	9	80
0	48	1	22	2	14	3	76	4	5	5	22	6	46	7	76	8	1	9	38
0	92	1	1	2	87	3	4	4	59	5	23	6	17	7	73	8	62	9	82
0	32	1	79	2	52	3	20	4	7	5	28	6	81	7	12	8	22	9	37
0	16	1	2	2	54	3	99	4	67	5	89	6	84	7	80	8	5	9	79
0	59	1	88	2	46	3	44	4	72	5	74	6	35	7	30	8	51	9	38
0	93	1	68	2	10	3	8	4	49	5	68	6	69	7	93	8	70	9	76
0	40	1	34	2	55	3	63	4	23	5	90	6	46	7	87	8	37	9	69
0	38	1	36	2	69	3	82	4	24	5	44	6	34	7	9	8	48	9	32
0	93	1	51	2	61	3	83	4	43	5	47	6	92	7	46	8	50	9	98
0	21	1	90	2	11	3	28	4	40	5	25	6	34	7	82	8	22	9	81
0	28	1	47	2	93	3	81	4	99	5	58	6	99	7	27	8	83	9	6
0	35	1	61	2	46	3	38	4	83	5	89	6	72	7	71	8	20	9	75
0	98	1	1	2	38	3	39	4	49	5	47	6	25	7	42	8	43	9	98
LBCmax: 2337
RELDUE
-1	1306	2	8
-1	1883	3	2
-1	2378	3	6
-1	2099	7	1
-1	1223	1	5
-1	1825	9	4
-1	1983	2	6
-1	2297	3	6
-1	2346	3	5
-1	2364	9	8
-1	1842	1	8
-1	2079	6	1
-1	2045	5	3
-1	1792	7	8
-1	2058	3	7
-1	2002	7	3
-1	1798	1	9
-1	2187	3	5
-1	1789	8	9
-1	1875	1	3
-1	1905	2	4
-1	2047	3	3
-1	2045	4	7
-1	1824	1	1
-1	2331	6	8
-1	1558	1	4
-1	1297	5	9
-1	1928	2	4
-1	1615	2	2
-1	1904	7	1
-1	1633	8	8
-1	1972	8	4
-1	2352	7	6
-1	2362	4	3
-1	2512	3	7
-1	2346	7	3
-1	2219	4	6
-1	2283	7	6
-1	1647	6	3
-1	1677	7	7
-1	1602	2	6
-1	2459	3	4
-1	2389	6	3
-1	1657	8	1
-1	1549	7	9
-1	1641	4	7
-1	1695	3	1
-1	2476	4	4
-1	2226	6	9
-1	2427	6	7
-1	1200	4	8
-1	1902	7	9
-1	2535	2	7
-1	2466	1	9
-1	1816	2	5
-1	1830	8	9
-1	2409	5	9
-1	1721	8	3
-1	2340	5	5
-1	2237	7	5
-1	1696	8	3
-1	1222	5	4
-1	1850	3	1
-1	1610	1	4
-1	1899	2	4
-1	2441	1	7
-1	2298	7	9
-1	2255	4	4
-1	1851	8	4
-1	2283	3	8
-1	2355	3	9
-1	2086	8	3
-1	1708	2	4
-1	1280	2	3
-1	1441	2	2
-1	2017	8	1
-1	2229	2	1
-1	1556	9	1
-1	1443	4	4
-1	1858	6	1
-1	2434	7	6
-1	1392	7	8
-1	2274	5	2
-1	1759	2	5
-1	1871	5	5
-1	2302	4	1
-1	2008	3	8
-1	2457	2	8
-1	1714	5	3
-1	1850	3	9
-1	2509	8	8
-1	1665	3	9
-1	2515	6	1
-1	1982	5	6
-1	2553	1	4
-1	1547	9	5
-1	1777	8	2
-1	1947	2	7
-1	2330	2	1
-1	1680	8	1
-1	1914	2	7
-1	2012	7	6
-1	1792	8	7
-1	2514	8	3
-1	1240	8	1
-1	1685	6	2
-1	1362	2	6
-1	2423	2	8
-1	2192	3	7
-1	2370	3	4
-1	2172	6	6
-1	2021	5	2
-1	1446	5	8
-1	1650	3	1
-1	2374	7	5
-1	1471	6	4
-1	1520	5	3
-1	1258	7	2
-1	2310	1	6
-1	2168	2	8
-1	1600	2	3
-1	2413	7	9
-1	1708	7	8
-1	1169	4	2
-1	2346	9	3
-1	1857	4	5
-1	2143	8	4
-1	2298	4	6
-1	1299	3	5
-1	2466	1	9
-1	1408	5	8
-1	1450	6	4
-1	1797	4	2
-1	2335	7	9
-1	2515	9	1
-1	1590	8	6
-1	2172	5	4
-1	2331	3	4
-1	1687	8	5
-1	1354	4	7
-1	2108	5	1
-1	2157	1	4
-1	1432	2	2
-1	1915	6	1
-1	2249	8	2
-1	1656	8	5
-1	1387	6	3
-1	2033	3	4
-1	2179	7	4
-1	2249	5	6
-1	1195	2	5
-1	1686	3	9
-1	2209	5	7
-1	1329	9	4
-1	1247	1	1
-1	2073	7	7
-1	1471	1	4
-1	1791	4	4
-1	1336	7	2
-1	1954	2	3
-1	2114	5	6
-1	1635	1	8
-1	2292	3	3
-1	2298	1	3
-1	2130	2	9
-1	1890	6	5
-1	1391	9	8
-1	1682	5	1
-1	1706	8	2
-1	1951	8	4
-1	1870	2	3
-1	1760	1	8
-1	2143	4	1
-1	2124	4	2
-1	1228	8	8
-1	2014	6	5
-1	2148	2	3
-1	2365	2	6
-1	1492	4	4
-1	1858	7	2
-1	1637	6	7
-1	1278	3	2
-1	1286	4	3
-1	1621	8	3
-1	2439	9	4
-1	2294	5	6
-1	1812	3	8
-1	1636	1	3
-1	2255	6	3
-1	1609	5	2
-1	1287	8	9
-1	1549	4	3
-1	2163	3	2
-1	2304	3	6
-1	1812	6	9
-1	1640	6	5
-1	2436	5	6
-1	1706	8	5
-1	2357	9	8
-1	1526	4	2
DDW
1228	1384
1827	1939
2259	2497
1889	2309
1137	1309
1460	2190
1904	2062
2113	2481
2205	2487
1938	2790
1824	1860
2017	2141
1656	2434
1595	1989
1893	2223
1722	2282
1690	1906
2165	2209
1467	2111
1781	1969
1543	2267
1965	2129
1759	2331
1806	1842
1958	2704
1527	1589
1245	1349
1658	2198
1292	1938
1714	2094
1535	1731
1676	2268
1929	2775
2220	2504
2035	2989
1994	2698
1864	2574
1826	2740
1351	1943
1543	1811
1282	1922
1967	2951
2198	2580
1408	1906
1270	1828
1477	1805
1509	1881
1981	2971
2092	2360
2330	2524
1140	1260
1522	2282
2028	3042
2367	2565
1725	1907
1793	1867
2192	2626
1652	1790
2012	2668
2103	2371
1425	1967
1088	1356
1684	2016
1352	1868
1652	2146
2295	2587
2183	2413
1939	2571
1629	2073
1986	2580
1908	2802
1940	2232
1657	1759
1152	1408
1369	1513
1634	2400
1872	2586
1260	1852
1400	1486
1747	1969
2166	2702
1322	1462
2092	2456
1460	2058
1759	1983
2141	2463
1687	2329
2113	2801
1680	1748
1536	2164
2358	2660
1465	1865
2364	2666
1724	2240
2247	2859
1392	1702
1564	1990
1694	2200
2260	2400
1462	1898
1818	2010
1650	2374
1649	1935
2162	2866
1166	1314
1365	2005
1130	1594
2156	2690
1776	2608
2204	2536
2020	2324
1799	2243
1432	1460
1502	1798
2018	2730
1294	1648
1474	1566
1094	1422
2056	2564
2038	2298
1424	1776
2123	2703
1486	1930
982	1356
2182	2510
1727	1987
2100	2186
2045	2551
1052	1546
2071	2861
1295	1521
1392	1508
1492	2102
2102	2568
2490	2540
1367	1813
1803	2541
2005	2657
1501	1873
1259	1449
1876	2340
2028	2286
1217	1647
1609	2221
2002	2496
1391	1921
1234	1540
1667	2399
1787	2571
1799	2699
1111	1279
1349	2023
2143	2275
1103	1555
1210	1284
1783	2363
1383	1559
1576	2006
1229	1443
1583	2325
1733	2495
1521	1749
2017	2567
2206	2390
1725	2535
1833	1947
1182	1600
1497	1867
1570	1842
1912	1990
1590	2150
1584	1936
2100	2186
2039	2209
1032	1424
1913	2115
1783	2513
1939	2791
1417	1567
1654	2062
1375	1899
1227	1329
1119	1453
1313	1929
2195	2683
2088	2500
1794	1830
1309	1963
2075	2435
1496	1722
1184	1390
1472	1626
2012	2314
2004	2604
1631	1993
1574	1706
2095	2777
1501	1911
1956	2758
1404	1648
