HFSDDW
50	25	5
0	23	1	59	2	53	3	3	4	59
0	18	1	66	2	38	3	8	4	73
0	8	1	64	2	49	3	62	4	82
0	33	1	87	2	20	3	63	4	67
0	86	1	13	2	49	3	21	4	99
0	45	1	39	2	15	3	9	4	29
0	89	1	7	2	20	3	14	4	40
0	35	1	33	2	7	3	9	4	9
0	74	1	47	2	97	3	46	4	43
0	4	1	47	2	94	3	11	4	20
0	68	1	17	2	68	3	31	4	39
0	11	1	11	2	32	3	4	4	15
0	79	1	52	2	29	3	79	4	83
0	2	1	45	2	35	3	23	4	47
0	1	1	80	2	12	3	54	4	92
0	40	1	16	2	3	3	77	4	95
0	98	1	44	2	5	3	89	4	60
0	72	1	38	2	89	3	74	4	30
0	25	1	1	2	4	3	94	4	30
0	23	1	18	2	18	3	63	4	42
0	59	1	12	2	72	3	63	4	19
0	87	1	6	2	14	3	39	4	99
0	94	1	9	2	54	3	8	4	16
0	36	1	48	2	39	3	19	4	11
0	63	1	56	2	61	3	92	4	23
0	99	1	77	2	17	3	25	4	69
0	23	1	97	2	39	3	36	4	37
0	87	1	71	2	41	3	70	4	73
0	67	1	24	2	50	3	75	4	36
0	17	1	46	2	95	3	78	4	94
0	74	1	78	2	99	3	52	4	78
0	4	1	50	2	80	3	40	4	20
0	10	1	88	2	89	3	69	4	77
0	96	1	69	2	19	3	71	4	28
0	64	1	7	2	68	3	46	4	44
0	39	1	6	2	86	3	57	4	7
0	53	1	81	2	38	3	31	4	95
0	44	1	98	2	86	3	58	4	33
0	37	1	91	2	1	3	51	4	63
0	78	1	35	2	81	3	98	4	39
0	47	1	28	2	25	3	50	4	30
0	67	1	10	2	54	3	9	4	40
0	98	1	64	2	23	3	34	4	66
0	28	1	50	2	59	3	73	4	33
0	97	1	82	2	61	3	38	4	91
0	73	1	7	2	18	3	82	4	65
0	5	1	24	2	88	3	18	4	59
0	26	1	57	2	88	3	1	4	28
0	34	1	45	2	78	3	18	4	35
0	73	1	69	2	67	3	85	4	35
LBCmax: 613
RELDUE
-1	219	9	6
-1	276	9	5
-1	193	6	6
-1	264	2	6
-1	234	6	8
-1	264	6	3
-1	266	8	4
-1	291	5	2
-1	257	6	3
-1	253	1	1
-1	259	6	5
-1	297	3	8
-1	271	8	1
-1	238	4	2
-1	227	8	6
-1	275	8	7
-1	277	6	4
-1	189	2	4
-1	276	5	8
-1	234	8	7
-1	271	2	5
-1	260	6	8
-1	255	3	4
-1	240	8	8
-1	305	9	5
-1	248	8	5
-1	189	3	7
-1	236	1	4
-1	187	4	1
-1	206	6	6
-1	189	3	1
-1	232	8	1
-1	223	1	9
-1	242	6	4
-1	228	2	2
-1	219	7	7
-1	204	4	4
-1	212	9	1
-1	278	9	4
-1	299	5	5
-1	255	2	5
-1	269	2	4
-1	219	7	3
-1	238	5	8
-1	265	4	8
-1	235	1	4
-1	275	3	3
-1	225	4	1
-1	286	7	5
-1	258	8	4
DDW
188	250
251	301
166	220
222	306
199	269
259	269
258	274
239	343
213	301
250	256
233	285
238	356
236	306
231	245
207	247
226	324
230	324
170	208
257	295
194	274
244	298
216	304
252	258
218	262
299	311
228	268
170	208
227	245
185	189
171	241
176	202
209	255
194	252
237	247
189	267
184	254
171	237
193	231
242	314
257	341
245	265
237	301
175	263
219	257
246	284
230	240
231	319
218	232
237	335
230	286
