HFSDDW
50	15	5
0	23	1	95	2	19	3	32	4	93
0	97	1	25	2	81	3	21	4	45
0	39	1	76	2	36	3	5	4	8
0	70	1	66	2	51	3	75	4	6
0	94	1	26	2	35	3	33	4	32
0	44	1	83	2	8	3	61	4	73
0	71	1	69	2	24	3	25	4	76
0	90	1	38	2	71	3	40	4	81
0	56	1	4	2	34	3	56	4	90
0	62	1	8	2	72	3	14	4	76
0	29	1	88	2	37	3	83	4	67
0	96	1	61	2	85	3	1	4	50
0	15	1	18	2	20	3	48	4	73
0	69	1	52	2	11	3	28	4	18
0	32	1	94	2	12	3	93	4	50
0	90	1	92	2	79	3	42	4	70
0	36	1	11	2	93	3	85	4	44
0	83	1	33	2	40	3	57	4	79
0	30	1	52	2	71	3	90	4	67
0	39	1	84	2	85	3	82	4	22
0	10	1	96	2	45	3	96	4	44
0	34	1	77	2	44	3	34	4	76
0	4	1	81	2	44	3	30	4	14
0	4	1	25	2	35	3	4	4	90
0	37	1	12	2	54	3	48	4	88
0	80	1	24	2	21	3	26	4	11
0	7	1	7	2	96	3	21	4	61
0	39	1	66	2	97	3	41	4	10
0	7	1	89	2	6	3	81	4	75
0	48	1	9	2	41	3	76	4	64
0	15	1	50	2	82	3	92	4	84
0	97	1	43	2	96	3	9	4	64
0	11	1	56	2	18	3	24	4	70
0	97	1	84	2	23	3	69	4	74
0	37	1	27	2	93	3	93	4	83
0	48	1	6	2	72	3	72	4	40
0	71	1	83	2	45	3	62	4	96
0	56	1	25	2	5	3	37	4	63
0	96	1	70	2	88	3	77	4	99
0	51	1	71	2	82	3	11	4	78
0	63	1	86	2	71	3	2	4	27
0	87	1	57	2	88	3	9	4	37
0	91	1	70	2	24	3	68	4	93
0	28	1	11	2	55	3	28	4	14
0	72	1	80	2	85	3	7	4	78
0	66	1	39	2	16	3	94	4	33
0	76	1	24	2	62	3	94	4	77
0	84	1	12	2	43	3	35	4	9
0	99	1	37	2	95	3	99	4	71
0	26	1	47	2	21	3	84	4	72
LBCmax: 1065
RELDUE
-1	744	2	2
-1	491	3	7
-1	906	6	7
-1	1354	9	4
-1	383	8	7
-1	1201	9	2
-1	329	3	7
-1	1009	4	3
-1	566	1	7
-1	968	8	1
-1	840	9	4
-1	750	4	9
-1	1320	3	7
-1	1129	5	5
-1	967	6	5
-1	1044	9	6
-1	408	5	3
-1	631	4	1
-1	1290	8	6
-1	413	7	2
-1	488	6	3
-1	1040	8	2
-1	540	9	7
-1	516	2	5
-1	465	3	3
-1	701	5	7
-1	1219	4	4
-1	1232	1	7
-1	689	7	3
-1	881	5	8
-1	526	3	5
-1	508	8	3
-1	661	7	4
-1	559	7	9
-1	1307	4	4
-1	956	4	5
-1	1047	1	6
-1	1009	4	7
-1	1258	6	3
-1	1323	1	6
-1	1207	5	9
-1	818	2	3
-1	531	1	2
-1	1106	3	1
-1	958	3	6
-1	952	3	6
-1	772	1	8
-1	529	9	2
-1	736	5	5
-1	357	4	6
DDW
595	893
471	511
879	933
1097	1611
314	452
961	1441
283	375
858	1160
560	572
891	1045
815	865
668	832
1228	1412
914	1344
899	1035
981	1107
379	437
568	694
1213	1367
368	458
478	498
905	1175
459	621
439	593
451	479
575	827
1109	1329
1170	1294
593	785
837	925
510	542
493	523
549	773
514	604
1150	1464
889	1023
869	1225
959	1059
1145	1371
1310	1336
1062	1352
728	908
520	542
896	1316
853	1063
809	1095
733	811
508	550
662	810
307	407
