HFSDDW
50	30	10
0	66	1	51	2	74	3	60	4	38	5	73	6	61	7	64	8	45	9	8
0	78	1	39	2	99	3	9	4	99	5	67	6	98	7	22	8	23	9	99
0	25	1	51	2	61	3	43	4	80	5	56	6	4	7	69	8	48	9	99
0	25	1	96	2	66	3	61	4	19	5	80	6	72	7	6	8	44	9	29
0	36	1	55	2	27	3	71	4	61	5	72	6	84	7	92	8	67	9	10
0	91	1	84	2	99	3	79	4	37	5	16	6	89	7	31	8	80	9	82
0	70	1	91	2	17	3	45	4	83	5	82	6	73	7	39	8	90	9	20
0	94	1	93	2	78	3	93	4	64	5	69	6	24	7	89	8	81	9	8
0	71	1	12	2	3	3	39	4	8	5	40	6	96	7	86	8	24	9	3
0	90	1	41	2	25	3	61	4	59	5	45	6	39	7	81	8	88	9	79
0	98	1	45	2	3	3	48	4	15	5	98	6	6	7	6	8	16	9	67
0	91	1	99	2	50	3	72	4	11	5	59	6	88	7	77	8	37	9	43
0	85	1	86	2	15	3	87	4	29	5	53	6	68	7	18	8	35	9	19
0	31	1	43	2	2	3	2	4	10	5	27	6	9	7	55	8	25	9	10
0	35	1	91	2	71	3	56	4	12	5	91	6	91	7	53	8	50	9	1
0	56	1	62	2	45	3	46	4	94	5	12	6	30	7	16	8	19	9	61
0	31	1	88	2	71	3	96	4	37	5	49	6	97	7	48	8	63	9	84
0	50	1	33	2	53	3	28	4	9	5	94	6	15	7	59	8	75	9	37
0	62	1	16	2	67	3	34	4	63	5	69	6	98	7	56	8	7	9	97
0	96	1	93	2	36	3	63	4	78	5	46	6	20	7	75	8	20	9	63
0	93	1	43	2	89	3	66	4	51	5	23	6	9	7	17	8	37	9	1
0	96	1	71	2	40	3	82	4	99	5	16	6	22	7	37	8	33	9	68
0	51	1	42	2	41	3	66	4	88	5	57	6	97	7	89	8	49	9	63
0	74	1	40	2	39	3	13	4	44	5	19	6	27	7	2	8	83	9	41
0	60	1	81	2	19	3	7	4	1	5	25	6	53	7	54	8	63	9	63
0	24	1	82	2	43	3	51	4	13	5	51	6	3	7	23	8	77	9	94
0	26	1	19	2	68	3	74	4	26	5	57	6	32	7	28	8	39	9	80
0	89	1	21	2	54	3	92	4	9	5	69	6	24	7	35	8	66	9	64
0	4	1	43	2	26	3	85	4	39	5	92	6	96	7	88	8	1	9	92
0	17	1	4	2	24	3	89	4	15	5	41	6	14	7	45	8	80	9	43
0	92	1	26	2	16	3	83	4	74	5	4	6	29	7	50	8	43	9	43
0	28	1	67	2	57	3	14	4	90	5	83	6	92	7	82	8	36	9	34
0	60	1	44	2	27	3	47	4	64	5	85	6	96	7	64	8	77	9	67
0	56	1	79	2	55	3	23	4	71	5	77	6	27	7	43	8	12	9	36
0	64	1	47	2	46	3	57	4	64	5	49	6	46	7	10	8	98	9	32
0	48	1	32	2	9	3	46	4	82	5	48	6	99	7	69	8	19	9	88
0	7	1	64	2	72	3	75	4	87	5	49	6	13	7	35	8	42	9	14
0	56	1	49	2	70	3	1	4	70	5	14	6	98	7	70	8	83	9	15
0	40	1	87	2	66	3	46	4	19	5	25	6	70	7	9	8	40	9	24
0	78	1	58	2	25	3	23	4	29	5	1	6	74	7	70	8	70	9	15
0	37	1	12	2	67	3	84	4	76	5	98	6	61	7	9	8	76	9	69
0	50	1	29	2	86	3	4	4	49	5	20	6	97	7	27	8	57	9	63
0	79	1	5	2	94	3	19	4	36	5	97	6	25	7	47	8	71	9	70
0	40	1	29	2	1	3	68	4	78	5	28	6	20	7	81	8	70	9	20
0	63	1	61	2	33	3	71	4	73	5	49	6	72	7	21	8	74	9	10
0	3	1	47	2	13	3	7	4	35	5	33	6	18	7	48	8	49	9	78
0	74	1	14	2	38	3	6	4	29	5	21	6	29	7	18	8	26	9	22
0	99	1	17	2	57	3	37	4	99	5	19	6	71	7	24	8	46	9	86
0	26	1	4	2	73	3	62	4	68	5	92	6	16	7	93	8	33	9	46
0	11	1	72	2	32	3	91	4	46	5	50	6	23	7	27	8	42	9	52
LBCmax: 1215
RELDUE
-1	899	1	5
-1	982	9	1
-1	1082	5	8
-1	978	7	2
-1	875	4	8
-1	1059	1	3
-1	1070	8	6
-1	1035	2	2
-1	866	2	1
-1	890	9	8
-1	998	6	2
-1	1078	3	5
-1	856	4	6
-1	1003	5	7
-1	978	9	9
-1	1021	6	2
-1	948	3	2
-1	1035	4	5
-1	941	5	7
-1	939	5	8
-1	863	1	9
-1	935	8	7
-1	1056	8	7
-1	1044	5	3
-1	876	9	7
-1	915	1	6
-1	1056	7	6
-1	1009	2	9
-1	1073	3	4
-1	972	7	8
-1	1083	4	1
-1	958	2	5
-1	1048	3	8
-1	1077	9	7
-1	1011	2	7
-1	1024	6	4
-1	870	6	2
-1	901	8	7
-1	975	4	6
-1	1050	7	6
-1	854	2	2
-1	946	7	3
-1	1061	9	9
-1	890	4	7
-1	1057	1	5
-1	890	3	2
-1	1019	1	6
-1	1018	4	1
-1	944	7	3
-1	1033	4	9
DDW
755	1043
805	1159
1050	1114
929	1027
858	892
911	1207
856	1284
911	1159
727	1005
810	970
888	1108
927	1229
753	959
973	1033
841	1115
980	1062
891	1005
828	1242
828	1054
883	995
785	941
879	991
908	1204
898	1190
788	964
833	997
982	1130
807	1211
912	1234
816	1128
866	1300
939	977
1006	1090
905	1249
849	1173
973	1075
861	879
811	991
936	1014
998	1102
845	863
776	1116
859	1263
783	997
1046	1068
774	1006
887	1151
825	1211
755	1133
981	1085
