HFSDDW
150	15	5
0	3	1	70	2	62	3	89	4	76
0	97	1	99	2	19	3	17	4	95
0	73	1	55	2	29	3	20	4	83
0	33	1	86	2	94	3	83	4	82
0	64	1	24	2	60	3	22	4	73
0	15	1	56	2	61	3	24	4	58
0	26	1	42	2	52	3	61	4	49
0	76	1	19	2	66	3	48	4	2
0	46	1	47	2	27	3	82	4	86
0	10	1	88	2	54	3	86	4	17
0	19	1	14	2	98	3	80	4	71
0	78	1	10	2	40	3	17	4	61
0	42	1	39	2	94	3	58	4	69
0	32	1	4	2	68	3	70	4	8
0	14	1	20	2	47	3	82	4	37
0	18	1	96	2	78	3	36	4	63
0	26	1	2	2	74	3	8	4	40
0	13	1	43	2	71	3	89	4	71
0	66	1	79	2	50	3	86	4	60
0	7	1	52	2	68	3	13	4	54
0	7	1	21	2	83	3	79	4	4
0	98	1	66	2	16	3	43	4	54
0	82	1	32	2	4	3	53	4	35
0	40	1	65	2	87	3	19	4	56
0	88	1	32	2	78	3	99	4	41
0	35	1	69	2	60	3	23	4	31
0	66	1	29	2	65	3	81	4	57
0	6	1	18	2	94	3	4	4	42
0	47	1	28	2	29	3	36	4	88
0	35	1	75	2	97	3	52	4	20
0	41	1	64	2	50	3	56	4	66
0	74	1	42	2	83	3	39	4	68
0	29	1	6	2	93	3	12	4	88
0	54	1	66	2	22	3	95	4	30
0	23	1	70	2	83	3	77	4	10
0	61	1	4	2	43	3	11	4	7
0	60	1	72	2	8	3	4	4	89
0	2	1	78	2	10	3	16	4	83
0	63	1	34	2	56	3	36	4	13
0	41	1	34	2	17	3	47	4	35
0	68	1	53	2	2	3	23	4	97
0	71	1	80	2	73	3	46	4	5
0	71	1	98	2	73	3	33	4	9
0	56	1	97	2	90	3	23	4	86
0	75	1	57	2	7	3	13	4	66
0	88	1	15	2	48	3	64	4	69
0	27	1	86	2	95	3	76	4	38
0	8	1	71	2	85	3	7	4	19
0	21	1	6	2	63	3	11	4	12
0	64	1	61	2	24	3	27	4	56
0	43	1	44	2	94	3	61	4	60
0	12	1	46	2	88	3	56	4	9
0	56	1	33	2	9	3	77	4	77
0	84	1	3	2	96	3	94	4	2
0	85	1	13	2	84	3	4	4	66
0	69	1	93	2	95	3	1	4	3
0	28	1	91	2	21	3	8	4	27
0	83	1	92	2	35	3	16	4	27
0	61	1	82	2	29	3	97	4	63
0	88	1	97	2	86	3	33	4	28
0	61	1	64	2	29	3	26	4	71
0	30	1	59	2	90	3	95	4	91
0	19	1	51	2	87	3	54	4	81
0	64	1	12	2	2	3	51	4	94
0	92	1	68	2	81	3	68	4	41
0	3	1	83	2	86	3	41	4	77
0	71	1	7	2	62	3	73	4	41
0	63	1	62	2	95	3	37	4	96
0	24	1	2	2	40	3	24	4	8
0	10	1	95	2	75	3	17	4	98
0	76	1	96	2	36	3	39	4	35
0	93	1	82	2	61	3	84	4	68
0	47	1	73	2	50	3	18	4	20
0	12	1	88	2	14	3	13	4	19
0	3	1	17	2	64	3	55	4	70
0	91	1	29	2	58	3	60	4	31
0	8	1	9	2	70	3	43	4	2
0	75	1	71	2	23	3	39	4	48
0	80	1	2	2	11	3	68	4	50
0	51	1	52	2	22	3	4	4	96
0	21	1	81	2	63	3	97	4	96
0	60	1	32	2	81	3	69	4	44
0	64	1	25	2	2	3	54	4	61
0	38	1	3	2	8	3	16	4	45
0	40	1	66	2	75	3	64	4	38
0	1	1	6	2	96	3	5	4	19
0	39	1	7	2	54	3	63	4	10
0	27	1	46	2	72	3	46	4	42
0	44	1	90	2	54	3	94	4	83
0	55	1	1	2	57	3	7	4	12
0	49	1	45	2	6	3	59	4	56
0	55	1	6	2	98	3	60	4	95
0	54	1	35	2	76	3	50	4	5
0	58	1	71	2	38	3	44	4	35
0	92	1	30	2	61	3	74	4	1
0	50	1	12	2	81	3	80	4	83
0	1	1	48	2	89	3	93	4	70
0	94	1	2	2	94	3	8	4	55
0	21	1	47	2	13	3	51	4	87
0	9	1	14	2	4	3	90	4	26
0	83	1	62	2	13	3	72	4	19
0	20	1	83	2	31	3	59	4	6
0	44	1	25	2	18	3	77	4	94
0	7	1	46	2	82	3	80	4	10
0	57	1	77	2	31	3	89	4	14
0	45	1	17	2	11	3	87	4	92
0	37	1	8	2	91	3	54	4	99
0	39	1	36	2	18	3	74	4	50
0	11	1	70	2	36	3	2	4	11
0	96	1	29	2	36	3	56	4	81
0	63	1	31	2	23	3	80	4	69
0	6	1	32	2	24	3	58	4	73
0	3	1	73	2	44	3	66	4	69
0	36	1	34	2	64	3	77	4	56
0	70	1	28	2	8	3	30	4	98
0	86	1	42	2	30	3	78	4	18
0	17	1	81	2	54	3	7	4	30
0	6	1	84	2	11	3	84	4	93
0	8	1	12	2	59	3	1	4	48
0	38	1	26	2	69	3	32	4	75
0	63	1	65	2	58	3	1	4	11
0	35	1	23	2	93	3	81	4	82
0	64	1	3	2	46	3	41	4	57
0	21	1	20	2	38	3	37	4	64
0	51	1	23	2	79	3	84	4	49
0	59	1	69	2	8	3	81	4	61
0	61	1	73	2	97	3	3	4	54
0	51	1	24	2	54	3	96	4	95
0	82	1	91	2	29	3	3	4	30
0	6	1	66	2	19	3	44	4	28
0	18	1	88	2	32	3	68	4	25
0	41	1	86	2	74	3	51	4	51
0	66	1	16	2	12	3	20	4	22
0	90	1	5	2	43	3	87	4	6
0	97	1	66	2	42	3	42	4	81
0	59	1	93	2	77	3	54	4	44
0	93	1	50	2	63	3	54	4	44
0	72	1	41	2	29	3	78	4	14
0	65	1	49	2	3	3	45	4	29
0	66	1	80	2	9	3	80	4	39
0	1	1	24	2	32	3	38	4	31
0	52	1	47	2	90	3	86	4	65
0	47	1	9	2	20	3	8	4	58
0	16	1	53	2	58	3	76	4	49
0	50	1	75	2	64	3	73	4	41
0	48	1	64	2	96	3	13	4	16
0	79	1	84	2	96	3	16	4	43
0	69	1	19	2	26	3	24	4	91
0	26	1	51	2	42	3	14	4	67
0	56	1	29	2	94	3	86	4	14
LBCmax: 2672
RELDUE
-1	1019	2	6
-1	1164	4	1
-1	1318	1	1
-1	1304	1	5
-1	2229	4	9
-1	1201	1	1
-1	1753	6	4
-1	1734	5	1
-1	2364	8	7
-1	2124	5	4
-1	2217	7	6
-1	1608	4	3
-1	2041	3	3
-1	1947	4	9
-1	2179	3	8
-1	1795	6	9
-1	1001	7	3
-1	868	6	7
-1	1836	4	1
-1	2222	9	1
-1	2356	3	2
-1	1239	8	2
-1	1351	4	4
-1	2165	9	5
-1	1176	5	3
-1	2387	9	7
-1	1333	5	4
-1	1615	3	5
-1	907	2	2
-1	2151	8	8
-1	1104	7	1
-1	1909	2	5
-1	960	3	2
-1	2397	4	4
-1	829	8	8
-1	1710	6	7
-1	1645	7	4
-1	1848	1	5
-1	1230	7	3
-1	1096	9	8
-1	967	4	8
-1	1773	4	1
-1	1251	9	9
-1	1457	4	4
-1	856	9	1
-1	2013	5	3
-1	1983	3	2
-1	1940	4	2
-1	1244	9	4
-1	880	8	3
-1	1505	1	5
-1	1204	6	6
-1	1284	6	3
-1	2376	9	1
-1	1066	3	7
-1	2186	8	8
-1	2218	2	9
-1	1558	5	8
-1	930	7	2
-1	2248	6	4
-1	2273	7	1
-1	939	5	8
-1	1629	3	3
-1	1015	5	6
-1	1821	1	8
-1	1109	6	4
-1	1449	4	7
-1	2050	8	8
-1	1920	3	7
-1	1270	4	7
-1	951	9	4
-1	1559	1	2
-1	2044	3	7
-1	1541	1	3
-1	2057	7	5
-1	1384	5	7
-1	2394	8	5
-1	2300	5	9
-1	2111	1	8
-1	1569	4	4
-1	1205	8	4
-1	1799	1	4
-1	1172	2	5
-1	828	4	5
-1	1447	2	6
-1	2306	6	9
-1	1427	8	9
-1	990	4	4
-1	2132	9	3
-1	1048	5	6
-1	1897	2	2
-1	889	9	5
-1	1720	4	8
-1	1388	6	9
-1	1229	2	8
-1	829	8	4
-1	946	4	9
-1	1037	9	6
-1	2042	3	6
-1	2153	1	7
-1	1365	3	6
-1	2339	1	2
-1	821	9	6
-1	2379	8	9
-1	2335	2	2
-1	2352	9	7
-1	1565	3	7
-1	2148	2	6
-1	1121	5	5
-1	2088	1	3
-1	2198	9	5
-1	2323	4	4
-1	1853	7	3
-1	1767	5	9
-1	1844	9	8
-1	1276	1	4
-1	2173	2	8
-1	1603	4	6
-1	1973	2	8
-1	1921	5	7
-1	2087	1	6
-1	1261	8	9
-1	2323	8	2
-1	1674	1	7
-1	1779	8	3
-1	864	2	8
-1	2245	6	8
-1	1458	8	7
-1	1114	3	7
-1	2029	4	7
-1	1240	2	9
-1	2158	9	3
-1	1060	2	6
-1	2363	5	5
-1	1005	3	6
-1	1272	5	6
-1	1779	1	3
-1	1199	3	3
-1	898	7	4
-1	1501	5	6
-1	1542	2	7
-1	1684	1	7
-1	2274	6	3
-1	846	7	4
-1	1255	9	6
-1	1980	3	4
-1	1441	4	8
-1	2359	6	1
-1	1949	7	5
-1	2358	8	2
DDW
948	1090
1094	1234
1252	1384
1278	1330
2028	2430
1129	1273
1613	1893
1682	1786
2199	2529
1975	2273
2195	2239
1447	1769
1980	2102
1791	2103
2048	2310
1705	1885
911	1091
842	894
1707	1965
2022	2422
2120	2592
1214	1264
1256	1446
2013	2317
1141	1211
2363	2411
1293	1373
1567	1663
834	980
2108	2194
1038	1170
1852	1966
902	1018
2301	2493
746	912
1590	1830
1579	1711
1663	2033
1119	1341
1074	1118
919	1015
1684	1862
1151	1351
1399	1515
796	916
1912	2114
1943	2023
1804	2076
1207	1281
862	898
1475	1535
1144	1264
1181	1387
2138	2614
1034	1098
2077	2295
1996	2440
1433	1683
846	1014
2046	2450
2205	2341
883	995
1531	1727
964	1066
1803	1839
1020	1198
1391	1507
1845	2255
1766	2074
1156	1384
941	961
1403	1715
1942	2146
1449	1633
1975	2139
1315	1453
2298	2490
2231	2369
2090	2132
1428	1710
1097	1313
1691	1907
1160	1184
778	878
1433	1461
2283	2329
1356	1498
931	1049
2111	2153
985	1111
1745	2049
836	942
1703	1737
1249	1527
1118	1340
746	912
851	1041
996	1078
1981	2103
1959	2347
1351	1379
2269	2409
747	895
2284	2474
2312	2358
2281	2423
1549	1581
2084	2212
1054	1188
1900	2276
2176	2220
2160	2486
1705	2001
1749	1785
1660	2028
1187	1365
2043	2303
1443	1763
1894	2052
1902	1940
2004	2170
1148	1374
2114	2532
1624	1724
1743	1815
812	916
2043	2447
1385	1531
1036	1192
1928	2130
1166	1314
2136	2180
1049	1071
2316	2410
915	1095
1196	1348
1637	1921
1115	1283
844	952
1381	1621
1388	1696
1633	1735
2047	2501
821	871
1192	1318
1940	2020
1326	1556
2335	2383
1930	1968
2311	2405
