HFSDDW
50	25	5
0	81	1	45	2	41	3	95	4	15
0	81	1	1	2	28	3	75	4	63
0	65	1	45	2	53	3	80	4	79
0	39	1	56	2	90	3	20	4	31
0	5	1	26	2	56	3	68	4	89
0	48	1	11	2	80	3	66	4	96
0	16	1	8	2	19	3	79	4	29
0	39	1	78	2	33	3	52	4	29
0	14	1	2	2	8	3	47	4	13
0	48	1	32	2	23	3	91	4	18
0	30	1	14	2	78	3	2	4	25
0	56	1	88	2	72	3	6	4	66
0	70	1	20	2	61	3	78	4	47
0	57	1	27	2	74	3	52	4	41
0	60	1	23	2	38	3	91	4	18
0	4	1	19	2	10	3	55	4	41
0	16	1	88	2	89	3	49	4	67
0	2	1	30	2	17	3	55	4	72
0	50	1	6	2	28	3	86	4	59
0	93	1	40	2	29	3	99	4	55
0	22	1	58	2	71	3	50	4	57
0	7	1	76	2	87	3	83	4	21
0	37	1	78	2	18	3	64	4	51
0	82	1	30	2	12	3	11	4	45
0	27	1	10	2	19	3	79	4	90
0	55	1	95	2	52	3	32	4	25
0	63	1	89	2	11	3	1	4	19
0	57	1	17	2	40	3	91	4	60
0	26	1	43	2	34	3	34	4	35
0	72	1	88	2	63	3	35	4	76
0	63	1	28	2	19	3	54	4	28
0	13	1	40	2	91	3	59	4	3
0	12	1	25	2	55	3	59	4	57
0	48	1	68	2	17	3	46	4	93
0	66	1	90	2	20	3	51	4	20
0	84	1	76	2	84	3	44	4	19
0	66	1	33	2	17	3	55	4	62
0	36	1	71	2	57	3	72	4	6
0	18	1	25	2	80	3	89	4	49
0	2	1	88	2	74	3	76	4	87
0	4	1	71	2	18	3	42	4	11
0	72	1	8	2	67	3	35	4	44
0	37	1	55	2	48	3	40	4	37
0	79	1	8	2	99	3	96	4	22
0	77	1	12	2	44	3	40	4	76
0	41	1	10	2	31	3	2	4	18
0	95	1	2	2	8	3	57	4	16
0	94	1	15	2	74	3	44	4	89
0	28	1	4	2	23	3	29	4	69
0	62	1	77	2	41	3	53	4	69
LBCmax: 605
RELDUE
-1	523	2	8
-1	505	2	1
-1	464	1	6
-1	381	4	7
-1	217	6	4
-1	518	1	2
-1	281	1	5
-1	465	1	9
-1	422	9	4
-1	436	9	4
-1	410	2	9
-1	461	4	1
-1	420	7	3
-1	240	3	8
-1	356	8	4
-1	311	4	8
-1	353	4	4
-1	512	9	7
-1	270	5	7
-1	333	3	6
-1	414	7	5
-1	302	9	1
-1	382	2	5
-1	208	3	6
-1	525	7	3
-1	450	5	1
-1	505	2	4
-1	237	2	2
-1	438	4	2
-1	230	4	8
-1	414	4	5
-1	432	9	2
-1	467	9	2
-1	298	7	7
-1	269	5	3
-1	206	4	3
-1	266	1	3
-1	374	7	6
-1	352	1	3
-1	264	8	2
-1	426	9	7
-1	316	2	5
-1	211	9	3
-1	452	7	9
-1	277	2	8
-1	366	4	4
-1	318	3	5
-1	202	3	2
-1	474	6	7
-1	301	2	9
DDW
481	565
470	540
459	469
366	396
195	239
502	534
253	309
423	507
388	456
405	467
402	418
456	466
403	437
235	245
324	388
289	333
335	371
486	538
262	278
310	356
389	439
275	329
359	405
191	225
472	578
446	454
454	556
223	251
394	482
218	242
373	455
419	445
453	481
271	325
256	282
198	214
247	285
344	404
331	373
246	282
409	443
288	344
205	217
425	479
260	294
355	377
315	321
198	206
441	507
280	322
