HFSDDW
150	15	5
0	16	1	57	2	67	3	53	4	9
0	57	1	61	2	75	3	76	4	77
0	52	1	84	2	76	3	17	4	26
0	33	1	88	2	7	3	18	4	66
0	70	1	10	2	17	3	37	4	54
0	25	1	33	2	53	3	9	4	71
0	30	1	83	2	13	3	21	4	79
0	75	1	92	2	20	3	79	4	70
0	86	1	94	2	68	3	10	4	84
0	84	1	54	2	27	3	70	4	66
0	12	1	49	2	81	3	81	4	1
0	6	1	41	2	31	3	99	4	84
0	25	1	8	2	66	3	5	4	47
0	68	1	72	2	55	3	37	4	51
0	41	1	69	2	28	3	48	4	80
0	76	1	41	2	7	3	53	4	69
0	70	1	7	2	83	3	43	4	60
0	81	1	3	2	31	3	21	4	73
0	35	1	62	2	20	3	94	4	46
0	79	1	28	2	63	3	63	4	16
0	13	1	98	2	89	3	20	4	25
0	43	1	22	2	34	3	2	4	25
0	65	1	34	2	77	3	30	4	14
0	19	1	25	2	24	3	45	4	66
0	65	1	41	2	35	3	64	4	16
0	79	1	49	2	33	3	2	4	2
0	48	1	77	2	44	3	38	4	57
0	72	1	17	2	64	3	18	4	18
0	59	1	69	2	29	3	96	4	9
0	1	1	84	2	90	3	81	4	28
0	54	1	5	2	19	3	96	4	50
0	71	1	64	2	26	3	4	4	46
0	93	1	88	2	33	3	1	4	76
0	87	1	90	2	39	3	72	4	42
0	2	1	60	2	6	3	27	4	7
0	96	1	13	2	38	3	55	4	16
0	94	1	58	2	52	3	73	4	47
0	44	1	59	2	47	3	87	4	85
0	8	1	91	2	61	3	72	4	24
0	71	1	37	2	28	3	20	4	22
0	11	1	45	2	18	3	40	4	27
0	94	1	99	2	91	3	89	4	53
0	59	1	26	2	70	3	88	4	52
0	35	1	36	2	59	3	54	4	33
0	29	1	43	2	52	3	86	4	34
0	11	1	99	2	33	3	4	4	36
0	60	1	84	2	19	3	34	4	5
0	49	1	41	2	13	3	47	4	52
0	45	1	67	2	57	3	35	4	27
0	82	1	21	2	73	3	20	4	89
0	35	1	77	2	73	3	87	4	93
0	67	1	93	2	31	3	6	4	16
0	95	1	66	2	88	3	54	4	93
0	74	1	8	2	36	3	83	4	4
0	94	1	24	2	13	3	3	4	87
0	61	1	86	2	17	3	60	4	51
0	90	1	26	2	14	3	14	4	1
0	82	1	11	2	31	3	41	4	38
0	55	1	10	2	7	3	31	4	56
0	78	1	78	2	4	3	41	4	52
0	75	1	84	2	90	3	17	4	95
0	12	1	65	2	71	3	99	4	32
0	81	1	77	2	71	3	54	4	26
0	69	1	53	2	74	3	53	4	11
0	64	1	76	2	95	3	45	4	48
0	84	1	17	2	81	3	46	4	10
0	83	1	83	2	75	3	8	4	76
0	6	1	36	2	96	3	19	4	89
0	18	1	40	2	31	3	10	4	57
0	78	1	39	2	52	3	6	4	87
0	26	1	4	2	50	3	31	4	88
0	98	1	89	2	45	3	69	4	11
0	94	1	84	2	25	3	90	4	48
0	97	1	2	2	63	3	78	4	21
0	33	1	56	2	56	3	63	4	93
0	24	1	46	2	86	3	88	4	70
0	45	1	64	2	75	3	59	4	83
0	79	1	33	2	45	3	20	4	78
0	16	1	91	2	28	3	9	4	94
0	33	1	15	2	40	3	61	4	59
0	77	1	76	2	74	3	85	4	54
0	69	1	48	2	86	3	37	4	64
0	52	1	4	2	57	3	99	4	66
0	31	1	9	2	66	3	8	4	69
0	65	1	56	2	43	3	99	4	5
0	42	1	29	2	48	3	68	4	60
0	9	1	6	2	25	3	29	4	92
0	68	1	89	2	90	3	5	4	14
0	32	1	46	2	8	3	55	4	26
0	13	1	34	2	29	3	42	4	64
0	24	1	48	2	33	3	92	4	94
0	21	1	33	2	75	3	81	4	12
0	41	1	1	2	18	3	77	4	55
0	47	1	78	2	28	3	7	4	98
0	41	1	19	2	62	3	93	4	37
0	19	1	49	2	88	3	73	4	91
0	8	1	99	2	6	3	5	4	36
0	61	1	73	2	33	3	35	4	72
0	35	1	15	2	10	3	92	4	73
0	32	1	29	2	31	3	99	4	79
0	35	1	6	2	23	3	44	4	24
0	6	1	86	2	39	3	55	4	75
0	72	1	45	2	2	3	89	4	5
0	41	1	94	2	14	3	41	4	94
0	74	1	45	2	93	3	34	4	63
0	26	1	9	2	69	3	21	4	5
0	90	1	18	2	88	3	94	4	57
0	2	1	77	2	62	3	81	4	30
0	74	1	34	2	78	3	59	4	99
0	89	1	14	2	21	3	88	4	32
0	37	1	15	2	90	3	5	4	6
0	89	1	13	2	88	3	80	4	97
0	97	1	18	2	19	3	50	4	85
0	54	1	57	2	8	3	33	4	3
0	63	1	33	2	33	3	11	4	21
0	41	1	67	2	35	3	35	4	73
0	13	1	88	2	81	3	88	4	68
0	75	1	28	2	83	3	89	4	67
0	89	1	89	2	81	3	83	4	33
0	57	1	15	2	28	3	73	4	46
0	33	1	7	2	87	3	85	4	68
0	5	1	82	2	79	3	84	4	65
0	23	1	77	2	54	3	8	4	85
0	9	1	36	2	30	3	82	4	10
0	27	1	73	2	18	3	65	4	14
0	74	1	51	2	49	3	77	4	63
0	26	1	39	2	61	3	89	4	41
0	7	1	1	2	95	3	21	4	63
0	93	1	48	2	99	3	25	4	44
0	12	1	36	2	74	3	98	4	25
0	21	1	85	2	45	3	64	4	19
0	60	1	88	2	22	3	72	4	94
0	53	1	33	2	3	3	21	4	39
0	83	1	17	2	65	3	67	4	79
0	8	1	41	2	10	3	20	4	16
0	79	1	73	2	93	3	21	4	2
0	39	1	77	2	50	3	53	4	43
0	40	1	94	2	96	3	70	4	80
0	18	1	78	2	24	3	26	4	10
0	60	1	45	2	79	3	85	4	61
0	95	1	71	2	8	3	20	4	17
0	80	1	76	2	26	3	48	4	40
0	86	1	94	2	2	3	70	4	56
0	75	1	83	2	50	3	78	4	99
0	89	1	20	2	94	3	86	4	61
0	29	1	17	2	83	3	10	4	56
0	34	1	94	2	9	3	60	4	7
0	68	1	70	2	30	3	36	4	62
0	64	1	68	2	49	3	31	4	93
0	24	1	77	2	53	3	69	4	34
LBCmax: 2659
RELDUE
-1	2845	1	8
-1	3332	3	9
-1	832	7	5
-1	3075	2	8
-1	2701	5	1
-1	2809	8	7
-1	2821	5	7
-1	1352	4	1
-1	2369	6	5
-1	3134	2	2
-1	2493	2	8
-1	3251	5	1
-1	1238	9	1
-1	3253	9	2
-1	961	5	7
-1	3261	5	1
-1	3069	5	7
-1	1889	1	5
-1	2491	1	6
-1	3148	5	2
-1	938	5	8
-1	2213	4	8
-1	1178	4	6
-1	1211	6	8
-1	1735	4	1
-1	1369	8	8
-1	2679	7	4
-1	2505	2	2
-1	3263	4	3
-1	1788	1	6
-1	2169	5	9
-1	2479	4	8
-1	1170	5	8
-1	2798	2	8
-1	2894	6	9
-1	1817	1	9
-1	3268	1	9
-1	1417	7	3
-1	3153	5	6
-1	1621	6	3
-1	3235	5	2
-1	2115	8	4
-1	2685	8	6
-1	2070	4	2
-1	3418	5	9
-1	2709	1	8
-1	2165	6	8
-1	2301	7	5
-1	1443	5	6
-1	825	3	5
-1	1815	5	8
-1	1768	2	5
-1	3187	1	8
-1	2961	8	7
-1	1568	6	8
-1	1430	7	7
-1	2952	6	7
-1	3079	2	4
-1	2138	1	9
-1	2129	9	9
-1	927	5	9
-1	1114	3	7
-1	1547	8	2
-1	1379	3	2
-1	1763	3	3
-1	812	8	9
-1	2878	4	2
-1	1898	8	6
-1	1157	9	4
-1	2602	4	9
-1	3450	8	6
-1	2449	5	7
-1	2193	2	4
-1	1668	2	9
-1	3370	7	4
-1	2280	5	5
-1	2985	6	4
-1	2565	1	5
-1	1250	6	5
-1	2483	6	8
-1	2662	6	7
-1	1175	5	4
-1	1859	9	7
-1	3235	4	5
-1	3431	8	6
-1	1198	4	6
-1	2749	6	9
-1	1667	1	8
-1	2028	5	5
-1	2262	5	4
-1	2322	1	4
-1	987	4	8
-1	2737	7	4
-1	1821	3	9
-1	1491	1	4
-1	2919	9	4
-1	1366	7	5
-1	2104	4	1
-1	1105	2	2
-1	3404	7	5
-1	3288	1	7
-1	1064	1	2
-1	1942	9	8
-1	2299	8	7
-1	832	3	2
-1	2824	1	2
-1	3032	1	3
-1	2317	8	2
-1	3048	4	6
-1	2745	6	6
-1	1902	5	4
-1	1185	4	5
-1	2626	6	9
-1	3112	8	1
-1	2925	6	1
-1	3210	7	3
-1	2712	7	1
-1	1770	4	4
-1	1405	3	2
-1	1362	8	9
-1	1520	6	6
-1	2009	7	9
-1	3328	3	8
-1	2352	4	5
-1	1077	7	2
-1	3261	7	5
-1	3169	5	2
-1	1170	9	6
-1	974	3	5
-1	1249	6	1
-1	1711	1	7
-1	1678	2	2
-1	2257	4	7
-1	1304	4	1
-1	2653	8	5
-1	2395	8	2
-1	2690	7	7
-1	3018	1	9
-1	3200	6	5
-1	1405	3	7
-1	1623	6	3
-1	1229	4	4
-1	2076	4	3
-1	2740	8	6
-1	1157	1	8
-1	1935	1	8
-1	1819	6	8
-1	3083	8	8
-1	2354	4	5
-1	1739	5	6
DDW
2560	3130
3099	3565
716	948
2890	3260
2512	2890
2472	3146
2370	3272
1163	1541
2274	2464
2507	3761
1994	2992
2698	3804
1164	1312
2700	3806
875	1047
2804	3718
2823	3315
1587	2191
2043	2939
3022	3274
779	1097
1859	2567
954	1402
1187	1235
1579	1891
1355	1383
2411	2947
2054	2956
2676	3850
1716	1860
1930	2408
2380	2578
948	1392
2406	3190
2720	3068
1708	1926
2843	3693
1389	1445
3121	3185
1362	1880
2912	3558
2030	2200
2443	2927
2008	2132
2837	3999
2546	2872
1905	2425
1910	2692
1313	1573
784	866
1634	1996
1520	2016
2773	3601
2724	3198
1333	1803
1216	1644
2716	3188
2679	3479
1753	2523
2001	2257
899	955
902	1326
1299	1795
1103	1655
1587	1939
674	950
2360	3396
1670	2126
1018	1296
2524	2680
3416	3484
2302	2596
1864	2522
1635	1701
2864	3876
1961	2599
2746	3224
2129	3001
1188	1312
2384	2582
2396	2928
1010	1340
1692	2026
2782	3688
2916	3946
994	1402
2447	3051
1467	1867
1643	2413
1991	2533
1881	2763
977	997
2600	2874
1530	2112
1282	1700
2598	3240
1257	1475
1894	2314
961	1249
3370	3438
3025	3551
851	1277
1825	2059
2138	2460
799	865
2711	2937
2426	3638
2039	2595
2652	3444
2690	2800
1750	2054
1055	1315
2416	2836
2645	3579
2428	3422
2921	3499
2441	2983
1717	1823
1335	1475
1171	1553
1429	1611
1888	2130
2895	3761
2328	2376
1023	1131
3228	3294
3106	3232
936	1404
886	1062
1199	1299
1608	1814
1376	1980
2144	2370
1239	1369
2229	3077
2156	2634
2475	2905
2927	3109
2880	3520
1236	1574
1331	1915
983	1475
1682	2470
2274	3206
1111	1203
1780	2090
1583	2055
2744	3422
1907	2801
1652	1826
