HFSDDW
50	15	5
0	46	1	14	2	91	3	19	4	67
0	41	1	57	2	24	3	34	4	82
0	69	1	91	2	64	3	84	4	22
0	68	1	33	2	81	3	65	4	57
0	19	1	99	2	49	3	38	4	4
0	12	1	50	2	75	3	67	4	24
0	10	1	85	2	59	3	94	4	73
0	61	1	21	2	85	3	40	4	5
0	60	1	68	2	94	3	48	4	28
0	14	1	78	2	15	3	77	4	18
0	9	1	46	2	31	3	24	4	3
0	47	1	64	2	53	3	15	4	56
0	91	1	81	2	57	3	10	4	72
0	83	1	33	2	70	3	11	4	60
0	47	1	47	2	41	3	60	4	96
0	50	1	5	2	2	3	10	4	90
0	33	1	35	2	98	3	49	4	15
0	64	1	54	2	35	3	91	4	27
0	97	1	67	2	71	3	84	4	14
0	78	1	12	2	84	3	75	4	45
0	81	1	8	2	4	3	17	4	71
0	61	1	5	2	70	3	27	4	53
0	42	1	63	2	44	3	25	4	23
0	56	1	83	2	8	3	94	4	9
0	29	1	97	2	78	3	84	4	63
0	79	1	76	2	57	3	47	4	19
0	38	1	21	2	26	3	65	4	10
0	26	1	31	2	82	3	78	4	53
0	59	1	83	2	8	3	39	4	84
0	34	1	24	2	47	3	61	4	57
0	95	1	5	2	89	3	66	4	16
0	83	1	29	2	20	3	53	4	91
0	85	1	48	2	24	3	9	4	15
0	22	1	37	2	78	3	16	4	97
0	25	1	1	2	29	3	42	4	50
0	46	1	89	2	40	3	99	4	29
0	55	1	30	2	96	3	90	4	23
0	34	1	31	2	60	3	50	4	26
0	96	1	12	2	30	3	86	4	68
0	12	1	60	2	98	3	25	4	63
0	97	1	46	2	31	3	64	4	33
0	94	1	75	2	48	3	17	4	70
0	94	1	89	2	21	3	24	4	37
0	55	1	52	2	33	3	86	4	80
0	91	1	76	2	28	3	89	4	1
0	14	1	71	2	42	3	73	4	38
0	85	1	90	2	15	3	36	4	32
0	10	1	98	2	32	3	57	4	28
0	59	1	82	2	44	3	80	4	31
0	7	1	90	2	6	3	50	4	13
LBCmax: 988
RELDUE
-1	414	3	1
-1	349	2	3
-1	321	6	4
-1	385	5	5
-1	439	3	6
-1	337	8	7
-1	331	8	7
-1	378	9	6
-1	422	4	2
-1	333	9	3
-1	342	3	1
-1	361	2	8
-1	445	4	9
-1	451	5	4
-1	464	5	9
-1	303	1	7
-1	446	5	3
-1	464	6	2
-1	479	5	7
-1	350	1	4
-1	409	1	3
-1	335	5	1
-1	446	3	2
-1	412	7	9
-1	337	4	5
-1	314	8	9
-1	361	6	7
-1	391	1	3
-1	412	8	3
-1	483	8	6
-1	341	8	2
-1	426	1	3
-1	479	6	2
-1	417	2	5
-1	452	1	8
-1	411	1	7
-1	450	1	6
-1	434	2	1
-1	423	6	2
-1	316	6	2
-1	477	3	5
-1	410	9	1
-1	431	1	1
-1	372	1	8
-1	305	3	4
-1	348	3	2
-1	310	8	5
-1	425	5	9
-1	486	3	2
-1	350	4	1
DDW
410	418
339	359
289	353
358	412
417	461
330	344
301	361
374	382
401	443
300	366
318	366
336	386
409	481
415	487
445	483
291	315
437	455
418	510
465	493
329	371
401	417
322	348
433	459
383	441
320	354
286	342
329	393
368	414
404	420
469	497
314	368
405	447
441	517
392	442
443	461
407	415
418	482
417	451
393	453
284	348
463	491
369	451
414	448
357	387
281	329
324	372
294	326
416	434
476	496
343	357
