HFSDDW
150	30	10
0	49	1	93	2	83	3	82	4	76	5	21	6	79	7	65	8	67	9	39
0	32	1	9	2	41	3	15	4	50	5	75	6	92	7	1	8	89	9	95
0	16	1	25	2	66	3	28	4	96	5	99	6	76	7	18	8	39	9	87
0	8	1	54	2	56	3	19	4	20	5	87	6	26	7	44	8	88	9	58
0	52	1	90	2	5	3	22	4	93	5	50	6	60	7	87	8	19	9	24
0	83	1	58	2	11	3	56	4	1	5	25	6	27	7	56	8	85	9	77
0	44	1	62	2	27	3	80	4	32	5	78	6	53	7	22	8	94	9	62
0	49	1	48	2	13	3	32	4	43	5	25	6	20	7	45	8	34	9	46
0	40	1	89	2	98	3	16	4	4	5	50	6	43	7	1	8	19	9	95
0	60	1	70	2	58	3	11	4	14	5	90	6	64	7	24	8	90	9	16
0	97	1	38	2	92	3	57	4	74	5	35	6	45	7	79	8	13	9	76
0	5	1	82	2	22	3	39	4	37	5	55	6	63	7	12	8	77	9	81
0	35	1	53	2	4	3	99	4	3	5	78	6	90	7	2	8	18	9	53
0	61	1	96	2	54	3	19	4	49	5	3	6	96	7	42	8	41	9	68
0	5	1	63	2	87	3	43	4	91	5	77	6	49	7	19	8	74	9	59
0	27	1	52	2	47	3	9	4	80	5	45	6	34	7	93	8	54	9	96
0	44	1	44	2	62	3	60	4	15	5	9	6	28	7	4	8	90	9	35
0	58	1	22	2	70	3	9	4	77	5	72	6	65	7	61	8	9	9	25
0	30	1	72	2	28	3	59	4	26	5	9	6	49	7	46	8	38	9	4
0	68	1	4	2	87	3	45	4	24	5	61	6	2	7	27	8	28	9	83
0	50	1	45	2	28	3	39	4	1	5	5	6	81	7	39	8	31	9	9
0	79	1	73	2	84	3	30	4	66	5	72	6	16	7	3	8	34	9	6
0	59	1	82	2	65	3	87	4	67	5	55	6	35	7	26	8	84	9	17
0	70	1	38	2	34	3	26	4	75	5	84	6	44	7	88	8	59	9	22
0	27	1	11	2	15	3	30	4	24	5	94	6	19	7	57	8	78	9	51
0	45	1	99	2	93	3	22	4	24	5	67	6	80	7	41	8	72	9	45
0	69	1	56	2	54	3	15	4	38	5	42	6	40	7	59	8	55	9	82
0	29	1	28	2	44	3	13	4	79	5	49	6	68	7	36	8	63	9	72
0	36	1	78	2	48	3	33	4	72	5	71	6	45	7	12	8	2	9	8
0	4	1	3	2	17	3	14	4	52	5	71	6	56	7	99	8	91	9	82
0	55	1	60	2	3	3	95	4	23	5	18	6	56	7	81	8	43	9	75
0	98	1	45	2	78	3	1	4	10	5	91	6	9	7	22	8	43	9	67
0	96	1	28	2	57	3	47	4	78	5	26	6	12	7	30	8	60	9	8
0	93	1	68	2	44	3	81	4	17	5	76	6	75	7	52	8	10	9	54
0	16	1	64	2	69	3	27	4	9	5	59	6	25	7	17	8	5	9	60
0	63	1	34	2	57	3	25	4	85	5	28	6	3	7	56	8	17	9	97
0	7	1	26	2	21	3	35	4	81	5	31	6	2	7	96	8	83	9	34
0	17	1	56	2	12	3	88	4	51	5	33	6	59	7	31	8	38	9	20
0	1	1	95	2	26	3	1	4	45	5	59	6	12	7	19	8	95	9	89
0	73	1	20	2	35	3	13	4	48	5	89	6	44	7	34	8	45	9	78
0	58	1	28	2	33	3	70	4	44	5	7	6	23	7	69	8	73	9	53
0	69	1	72	2	19	3	97	4	96	5	12	6	1	7	20	8	90	9	23
0	20	1	82	2	2	3	93	4	61	5	97	6	22	7	98	8	40	9	62
0	89	1	25	2	85	3	59	4	61	5	73	6	62	7	55	8	57	9	38
0	37	1	42	2	46	3	43	4	21	5	1	6	1	7	37	8	17	9	37
0	89	1	24	2	43	3	23	4	59	5	76	6	27	7	39	8	10	9	46
0	85	1	24	2	29	3	12	4	64	5	44	6	87	7	59	8	37	9	24
0	49	1	45	2	63	3	53	4	86	5	77	6	36	7	59	8	73	9	60
0	96	1	84	2	82	3	3	4	72	5	65	6	81	7	62	8	1	9	85
0	46	1	23	2	45	3	11	4	53	5	13	6	14	7	35	8	78	9	77
0	14	1	42	2	99	3	92	4	87	5	44	6	61	7	90	8	37	9	81
0	40	1	67	2	66	3	50	4	50	5	1	6	41	7	26	8	39	9	98
0	62	1	25	2	59	3	52	4	77	5	27	6	99	7	52	8	99	9	73
0	64	1	2	2	80	3	96	4	46	5	55	6	85	7	89	8	16	9	28
0	5	1	90	2	26	3	19	4	45	5	79	6	56	7	95	8	61	9	53
0	72	1	87	2	95	3	80	4	15	5	88	6	82	7	48	8	16	9	61
0	45	1	9	2	91	3	64	4	18	5	38	6	87	7	70	8	4	9	94
0	16	1	51	2	11	3	11	4	94	5	71	6	99	7	40	8	7	9	98
0	70	1	4	2	90	3	47	4	1	5	76	6	7	7	1	8	81	9	58
0	72	1	37	2	74	3	54	4	83	5	95	6	99	7	62	8	2	9	7
0	91	1	86	2	92	3	67	4	38	5	21	6	77	7	85	8	85	9	43
0	89	1	43	2	41	3	18	4	90	5	41	6	18	7	45	8	63	9	42
0	32	1	87	2	88	3	46	4	22	5	78	6	76	7	56	8	28	9	98
0	71	1	38	2	39	3	99	4	7	5	84	6	12	7	24	8	9	9	79
0	98	1	22	2	15	3	39	4	68	5	30	6	96	7	57	8	63	9	42
0	77	1	55	2	98	3	59	4	75	5	5	6	97	7	46	8	45	9	60
0	44	1	21	2	57	3	86	4	71	5	52	6	4	7	41	8	11	9	7
0	29	1	94	2	36	3	83	4	43	5	11	6	73	7	50	8	77	9	91
0	82	1	20	2	93	3	85	4	22	5	17	6	39	7	80	8	25	9	3
0	86	1	66	2	78	3	49	4	35	5	78	6	64	7	28	8	67	9	17
0	27	1	55	2	47	3	56	4	14	5	83	6	20	7	16	8	16	9	65
0	32	1	47	2	69	3	54	4	77	5	25	6	28	7	72	8	65	9	55
0	14	1	24	2	17	3	9	4	20	5	63	6	16	7	86	8	48	9	65
0	47	1	45	2	82	3	61	4	65	5	27	6	73	7	37	8	72	9	38
0	96	1	23	2	64	3	60	4	71	5	39	6	96	7	25	8	71	9	11
0	51	1	91	2	62	3	13	4	4	5	3	6	39	7	38	8	36	9	50
0	67	1	33	2	67	3	51	4	19	5	86	6	65	7	8	8	88	9	51
0	51	1	90	2	1	3	27	4	58	5	90	6	60	7	56	8	37	9	81
0	66	1	90	2	15	3	38	4	14	5	55	6	82	7	70	8	58	9	63
0	87	1	35	2	1	3	22	4	70	5	63	6	56	7	13	8	41	9	84
0	74	1	88	2	37	3	21	4	59	5	60	6	91	7	35	8	54	9	14
0	42	1	82	2	2	3	55	4	83	5	77	6	18	7	30	8	38	9	63
0	4	1	94	2	50	3	26	4	63	5	17	6	89	7	78	8	57	9	94
0	34	1	48	2	16	3	53	4	7	5	77	6	54	7	94	8	78	9	53
0	63	1	48	2	17	3	44	4	21	5	6	6	34	7	45	8	39	9	93
0	46	1	26	2	75	3	78	4	81	5	80	6	39	7	12	8	58	9	43
0	70	1	14	2	78	3	59	4	79	5	94	6	67	7	49	8	49	9	6
0	23	1	24	2	51	3	84	4	99	5	56	6	78	7	6	8	5	9	57
0	83	1	45	2	40	3	63	4	49	5	9	6	72	7	37	8	71	9	26
0	39	1	43	2	36	3	36	4	83	5	50	6	69	7	57	8	65	9	26
0	38	1	85	2	96	3	33	4	71	5	22	6	74	7	91	8	78	9	25
0	3	1	33	2	7	3	1	4	59	5	26	6	73	7	16	8	11	9	71
0	23	1	30	2	77	3	23	4	67	5	80	6	87	7	16	8	2	9	49
0	86	1	22	2	41	3	79	4	19	5	98	6	48	7	8	8	92	9	28
0	34	1	81	2	59	3	46	4	24	5	7	6	36	7	36	8	76	9	57
0	77	1	54	2	46	3	94	4	4	5	9	6	8	7	74	8	66	9	90
0	34	1	59	2	90	3	29	4	39	5	81	6	91	7	28	8	81	9	61
0	78	1	66	2	23	3	83	4	38	5	41	6	71	7	31	8	98	9	60
0	44	1	52	2	39	3	44	4	72	5	33	6	75	7	47	8	75	9	11
0	90	1	74	2	42	3	2	4	93	5	74	6	91	7	30	8	8	9	43
0	15	1	9	2	54	3	16	4	78	5	11	6	31	7	63	8	56	9	62
0	37	1	77	2	75	3	6	4	47	5	82	6	21	7	46	8	57	9	7
0	6	1	45	2	52	3	70	4	71	5	4	6	25	7	22	8	89	9	64
0	50	1	41	2	23	3	56	4	46	5	36	6	97	7	24	8	65	9	61
0	2	1	12	2	90	3	14	4	74	5	14	6	99	7	36	8	55	9	12
0	53	1	46	2	73	3	2	4	37	5	69	6	56	7	84	8	44	9	75
0	86	1	10	2	74	3	92	4	12	5	95	6	54	7	20	8	59	9	11
0	84	1	97	2	80	3	95	4	6	5	94	6	55	7	39	8	96	9	57
0	5	1	88	2	67	3	77	4	11	5	5	6	68	7	22	8	19	9	76
0	80	1	14	2	79	3	90	4	74	5	91	6	38	7	97	8	2	9	78
0	59	1	79	2	77	3	44	4	28	5	56	6	65	7	78	8	96	9	43
0	14	1	18	2	88	3	86	4	70	5	98	6	43	7	96	8	82	9	8
0	28	1	33	2	1	3	82	4	31	5	70	6	19	7	89	8	21	9	14
0	57	1	58	2	37	3	18	4	98	5	25	6	12	7	23	8	50	9	55
0	39	1	89	2	25	3	76	4	63	5	62	6	26	7	92	8	21	9	76
0	48	1	41	2	15	3	94	4	51	5	27	6	79	7	94	8	13	9	57
0	37	1	76	2	57	3	82	4	85	5	56	6	80	7	70	8	88	9	45
0	87	1	21	2	46	3	27	4	68	5	38	6	8	7	25	8	20	9	68
0	45	1	27	2	68	3	44	4	66	5	17	6	43	7	43	8	67	9	71
0	46	1	18	2	10	3	93	4	18	5	63	6	32	7	43	8	90	9	7
0	82	1	55	2	4	3	76	4	89	5	28	6	94	7	88	8	26	9	13
0	20	1	54	2	74	3	45	4	12	5	11	6	8	7	14	8	17	9	69
0	13	1	38	2	4	3	18	4	99	5	70	6	11	7	53	8	9	9	6
0	6	1	64	2	35	3	14	4	86	5	90	6	24	7	92	8	55	9	38
0	22	1	55	2	18	3	54	4	51	5	91	6	43	7	65	8	81	9	8
0	55	1	19	2	26	3	21	4	93	5	45	6	51	7	85	8	77	9	20
0	18	1	41	2	79	3	20	4	7	5	55	6	20	7	60	8	58	9	22
0	87	1	16	2	58	3	78	4	48	5	58	6	21	7	50	8	66	9	8
0	27	1	45	2	71	3	2	4	50	5	87	6	39	7	14	8	20	9	42
0	39	1	38	2	16	3	36	4	21	5	80	6	76	7	97	8	48	9	96
0	71	1	83	2	7	3	60	4	21	5	40	6	61	7	48	8	73	9	35
0	25	1	2	2	20	3	69	4	92	5	72	6	70	7	78	8	69	9	20
0	17	1	7	2	41	3	17	4	82	5	49	6	99	7	23	8	58	9	67
0	82	1	23	2	2	3	70	4	36	5	44	6	39	7	11	8	80	9	11
0	26	1	90	2	41	3	84	4	18	5	38	6	19	7	46	8	43	9	49
0	11	1	98	2	28	3	29	4	80	5	65	6	43	7	90	8	78	9	71
0	40	1	39	2	89	3	6	4	53	5	2	6	99	7	50	8	34	9	49
0	33	1	59	2	97	3	59	4	93	5	26	6	65	7	56	8	99	9	45
0	31	1	54	2	79	3	9	4	56	5	84	6	95	7	73	8	89	9	70
0	2	1	49	2	33	3	10	4	70	5	87	6	2	7	35	8	32	9	17
0	38	1	68	2	13	3	93	4	16	5	52	6	1	7	68	8	35	9	54
0	1	1	86	2	91	3	34	4	40	5	86	6	59	7	81	8	49	9	68
0	6	1	27	2	60	3	63	4	48	5	84	6	27	7	88	8	88	9	6
0	25	1	31	2	24	3	83	4	7	5	63	6	42	7	86	8	92	9	5
0	83	1	27	2	38	3	36	4	70	5	15	6	58	7	99	8	69	9	84
0	29	1	20	2	85	3	63	4	11	5	12	6	9	7	49	8	46	9	32
0	26	1	13	2	80	3	30	4	30	5	70	6	62	7	8	8	27	9	77
0	45	1	72	2	88	3	45	4	85	5	79	6	88	7	25	8	93	9	34
0	27	1	27	2	19	3	5	4	76	5	5	6	45	7	61	8	73	9	95
0	54	1	92	2	40	3	61	4	79	5	70	6	47	7	9	8	6	9	1
LBCmax: 2841
RELDUE
-1	1147	4	4
-1	1134	9	1
-1	1263	1	7
-1	1375	3	9
-1	1077	6	1
-1	1172	9	3
-1	1031	8	5
-1	1084	6	4
-1	1294	7	5
-1	1028	7	3
-1	982	2	9
-1	1330	5	9
-1	1169	4	2
-1	921	2	8
-1	879	1	3
-1	1410	9	7
-1	1387	3	6
-1	1282	5	6
-1	1151	1	5
-1	993	2	7
-1	992	2	1
-1	860	8	4
-1	1052	3	7
-1	1029	2	6
-1	983	1	6
-1	1149	7	8
-1	1035	7	7
-1	1005	6	4
-1	1221	8	9
-1	935	7	8
-1	1034	6	5
-1	1303	9	4
-1	957	1	3
-1	1380	9	3
-1	1315	9	1
-1	1290	3	3
-1	1163	3	9
-1	1004	2	1
-1	1219	2	1
-1	967	6	6
-1	1268	1	6
-1	875	8	4
-1	1325	5	2
-1	1089	9	5
-1	1264	9	1
-1	1251	7	1
-1	1061	8	4
-1	1011	2	7
-1	1172	2	4
-1	1315	3	9
-1	1286	7	8
-1	1258	6	9
-1	1171	3	5
-1	1313	5	8
-1	1282	6	6
-1	1139	3	7
-1	933	3	1
-1	1086	8	9
-1	1244	6	6
-1	1349	9	9
-1	989	4	4
-1	877	3	9
-1	1284	4	3
-1	1211	5	9
-1	1414	8	5
-1	1100	9	7
-1	1225	8	7
-1	1209	8	3
-1	1027	9	8
-1	1010	1	1
-1	1098	7	2
-1	1235	9	4
-1	914	7	9
-1	1036	7	7
-1	1146	5	2
-1	969	1	5
-1	955	5	4
-1	1384	6	3
-1	1185	6	7
-1	1152	6	1
-1	939	1	5
-1	875	9	1
-1	1254	7	5
-1	1326	9	6
-1	1069	2	5
-1	1197	1	7
-1	984	5	8
-1	1064	2	2
-1	950	5	9
-1	1027	2	5
-1	1209	6	7
-1	929	4	6
-1	1180	4	4
-1	1291	3	5
-1	1398	1	6
-1	1242	7	2
-1	1011	3	9
-1	965	1	3
-1	1095	2	8
-1	1016	7	2
-1	878	9	1
-1	1272	6	9
-1	1405	2	3
-1	1014	1	6
-1	1069	2	4
-1	903	8	6
-1	1196	5	2
-1	986	5	4
-1	1018	1	4
-1	1164	6	4
-1	1036	3	5
-1	970	6	6
-1	1321	8	8
-1	943	5	6
-1	1261	8	9
-1	966	1	6
-1	1044	2	9
-1	1378	5	5
-1	994	1	4
-1	1068	5	2
-1	968	4	6
-1	1012	3	7
-1	1110	7	1
-1	1420	7	2
-1	1222	5	7
-1	1020	2	8
-1	906	3	4
-1	1044	9	5
-1	1059	5	1
-1	1325	1	3
-1	1379	8	5
-1	1410	8	3
-1	1140	4	3
-1	1021	4	6
-1	1126	7	9
-1	1088	3	6
-1	890	8	5
-1	1091	1	6
-1	1109	2	9
-1	1018	8	8
-1	853	2	3
-1	1418	1	2
-1	898	7	2
-1	1207	4	8
-1	1412	1	9
-1	1090	1	9
-1	1029	3	2
-1	1089	3	8
-1	881	8	9
-1	1284	3	5
DDW
1009	1285
1111	1157
1137	1389
1238	1512
991	1163
1031	1313
825	1237
921	1247
1203	1385
966	1090
903	1061
1184	1476
1099	1239
875	967
844	914
1255	1565
1276	1498
1128	1436
1024	1278
953	1033
813	1171
757	963
936	1168
864	1194
786	1180
1080	1218
973	1097
874	1136
1160	1282
907	963
858	1210
1251	1355
833	1081
1297	1463
1236	1394
1264	1316
965	1361
884	1124
1024	1414
928	1006
1217	1319
761	989
1179	1471
904	1274
1112	1416
1126	1376
902	1220
991	1031
1160	1184
1118	1512
1145	1427
1183	1333
1054	1288
1274	1352
1103	1461
1128	1150
821	1045
923	1249
1107	1381
1309	1389
930	1048
816	938
1143	1425
1150	1272
1287	1541
1056	1144
992	1458
967	1451
822	1232
990	1030
944	1252
1037	1433
759	1069
953	1119
917	1375
921	1017
945	965
1176	1592
1138	1232
1037	1267
836	1042
831	919
1091	1417
1193	1459
930	1208
1053	1341
836	1132
958	1170
826	1074
965	1089
1076	1342
901	957
1156	1204
1110	1472
1146	1650
1031	1453
981	1041
897	1033
1007	1183
935	1097
781	975
1068	1476
1363	1447
821	1207
1048	1090
759	1047
1088	1304
966	1006
977	1059
1059	1269
829	1243
805	1135
1176	1466
924	962
1110	1412
947	985
887	1201
1364	1392
865	1123
876	1260
871	1065
911	1113
1021	1199
1221	1619
1075	1369
898	1142
779	1033
1013	1075
953	1165
1285	1365
1351	1407
1198	1622
1049	1231
858	1184
912	1340
914	1262
872	908
938	1244
1009	1209
845	1191
827	879
1234	1602
844	952
1159	1255
1313	1511
937	1243
895	1163
871	1307
855	907
1066	1502
