HFSDDW
50	15	5
0	76	1	83	2	94	3	55	4	95
0	31	1	48	2	56	3	3	4	82
0	33	1	19	2	50	3	86	4	29
0	27	1	45	2	43	3	32	4	29
0	89	1	26	2	84	3	95	4	42
0	82	1	72	2	83	3	73	4	5
0	75	1	24	2	62	3	27	4	95
0	2	1	19	2	65	3	97	4	41
0	85	1	65	2	56	3	52	4	62
0	8	1	91	2	46	3	28	4	64
0	60	1	23	2	36	3	69	4	94
0	50	1	99	2	99	3	13	4	14
0	58	1	64	2	83	3	97	4	8
0	10	1	56	2	24	3	91	4	27
0	9	1	79	2	45	3	91	4	44
0	24	1	70	2	32	3	33	4	35
0	91	1	27	2	56	3	10	4	45
0	52	1	87	2	92	3	32	4	45
0	3	1	19	2	52	3	84	4	82
0	21	1	82	2	59	3	45	4	53
0	51	1	67	2	55	3	1	4	55
0	80	1	77	2	45	3	26	4	71
0	80	1	67	2	67	3	78	4	22
0	32	1	9	2	73	3	52	4	55
0	22	1	63	2	92	3	47	4	25
0	89	1	28	2	61	3	9	4	23
0	41	1	12	2	87	3	79	4	83
0	24	1	71	2	55	3	54	4	65
0	75	1	43	2	67	3	60	4	65
0	35	1	52	2	74	3	62	4	51
0	13	1	10	2	7	3	89	4	32
0	87	1	75	2	9	3	76	4	66
0	53	1	17	2	36	3	4	4	31
0	69	1	80	2	87	3	94	4	98
0	60	1	53	2	19	3	87	4	80
0	79	1	96	2	32	3	81	4	89
0	37	1	53	2	98	3	58	4	10
0	32	1	6	2	97	3	48	4	95
0	48	1	63	2	79	3	88	4	13
0	58	1	7	2	63	3	30	4	96
0	55	1	64	2	79	3	64	4	90
0	59	1	90	2	19	3	10	4	52
0	90	1	44	2	27	3	86	4	29
0	99	1	19	2	77	3	93	4	98
0	63	1	82	2	40	3	98	4	50
0	97	1	74	2	31	3	75	4	22
0	72	1	33	2	2	3	85	4	34
0	73	1	73	2	34	3	68	4	51
0	41	1	86	2	88	3	95	4	5
0	5	1	37	2	92	3	59	4	13
LBCmax: 1060
RELDUE
-1	781	6	9
-1	714	4	1
-1	975	8	5
-1	727	2	3
-1	737	7	5
-1	992	8	8
-1	687	8	7
-1	1045	3	1
-1	625	8	8
-1	1123	1	4
-1	1071	9	7
-1	908	8	9
-1	808	1	4
-1	1085	7	4
-1	1036	7	7
-1	897	4	9
-1	795	3	5
-1	789	8	6
-1	864	4	7
-1	886	7	3
-1	699	3	4
-1	1073	9	9
-1	592	8	7
-1	803	1	5
-1	896	4	6
-1	1021	9	6
-1	1129	9	8
-1	809	5	9
-1	1127	1	5
-1	816	9	5
-1	916	8	8
-1	1052	5	9
-1	986	2	8
-1	928	5	4
-1	1056	8	7
-1	808	6	2
-1	933	1	7
-1	981	2	6
-1	868	7	9
-1	922	1	4
-1	836	3	2
-1	1117	9	2
-1	647	8	7
-1	1006	9	5
-1	948	9	9
-1	1051	6	9
-1	801	7	3
-1	537	4	4
-1	634	8	9
-1	830	7	9
DDW
758	804
621	807
848	1102
618	836
730	744
843	1141
605	769
993	1097
538	712
910	1336
1028	1114
872	944
735	881
966	1204
984	1088
771	1023
644	946
726	852
829	899
797	975
573	825
1052	1094
533	651
642	964
869	923
878	1164
1016	1242
680	938
1048	1206
694	938
779	1053
894	1210
956	1016
900	956
993	1119
703	913
821	1045
942	1020
842	894
904	940
803	869
938	1296
543	751
805	1207
806	1090
967	1135
713	889
516	558
628	640
706	954
