HFSDDW
50	25	5
0	18	1	31	2	79	3	91	4	3
0	35	1	43	2	21	3	52	4	88
0	83	1	15	2	1	3	42	4	97
0	15	1	32	2	99	3	13	4	77
0	27	1	74	2	96	3	8	4	21
0	33	1	82	2	16	3	19	4	7
0	49	1	98	2	7	3	46	4	60
0	24	1	38	2	48	3	16	4	55
0	25	1	4	2	59	3	33	4	89
0	46	1	42	2	23	3	97	4	15
0	99	1	94	2	94	3	44	4	71
0	43	1	34	2	72	3	71	4	70
0	52	1	28	2	2	3	46	4	40
0	85	1	8	2	54	3	81	4	74
0	77	1	84	2	83	3	57	4	53
0	23	1	16	2	64	3	18	4	74
0	90	1	59	2	18	3	5	4	7
0	54	1	4	2	63	3	75	4	17
0	89	1	65	2	76	3	46	4	3
0	96	1	3	2	14	3	93	4	5
0	38	1	87	2	41	3	24	4	38
0	15	1	11	2	38	3	90	4	48
0	28	1	70	2	55	3	97	4	79
0	93	1	11	2	96	3	39	4	85
0	82	1	45	2	79	3	65	4	84
0	12	1	8	2	38	3	54	4	56
0	20	1	3	2	71	3	14	4	36
0	4	1	19	2	93	3	67	4	92
0	44	1	66	2	72	3	27	4	89
0	20	1	11	2	79	3	66	4	10
0	86	1	7	2	74	3	9	4	22
0	93	1	9	2	76	3	39	4	27
0	8	1	73	2	83	3	35	4	29
0	26	1	98	2	42	3	61	4	76
0	74	1	17	2	30	3	47	4	41
0	17	1	73	2	53	3	76	4	65
0	2	1	28	2	71	3	44	4	69
0	14	1	28	2	63	3	91	4	43
0	94	1	42	2	54	3	41	4	84
0	71	1	82	2	37	3	98	4	63
0	21	1	69	2	18	3	90	4	35
0	70	1	76	2	28	3	67	4	6
0	20	1	56	2	1	3	74	4	26
0	79	1	2	2	39	3	65	4	15
0	97	1	36	2	51	3	19	4	81
0	33	1	63	2	89	3	62	4	70
0	34	1	36	2	55	3	13	4	45
0	32	1	11	2	80	3	9	4	99
0	37	1	1	2	96	3	85	4	23
0	39	1	42	2	80	3	16	4	6
LBCmax: 613
RELDUE
-1	314	4	5
-1	219	5	3
-1	328	4	5
-1	369	2	1
-1	302	1	7
-1	372	4	5
-1	128	1	6
-1	426	2	3
-1	94	2	1
-1	70	9	8
-1	87	2	3
-1	385	4	7
-1	303	8	6
-1	415	5	3
-1	325	7	3
-1	370	6	4
-1	65	5	6
-1	385	1	4
-1	170	3	5
-1	403	2	5
-1	314	8	6
-1	140	6	8
-1	173	2	6
-1	301	1	1
-1	346	9	7
-1	421	4	3
-1	208	1	4
-1	301	2	1
-1	416	2	8
-1	219	4	8
-1	396	9	8
-1	366	4	8
-1	332	1	1
-1	268	1	5
-1	67	6	7
-1	397	9	6
-1	295	9	4
-1	322	1	6
-1	235	6	6
-1	283	5	2
-1	113	5	5
-1	102	3	1
-1	324	9	4
-1	84	4	2
-1	402	4	9
-1	242	3	5
-1	187	1	4
-1	429	6	9
-1	112	2	8
-1	203	7	2
DDW
276	352
191	247
298	358
351	387
254	350
316	428
119	137
366	486
87	101
62	78
79	95
343	427
285	321
390	440
302	348
329	411
57	73
358	412
141	199
347	459
270	358
116	164
170	176
262	340
311	381
387	455
183	233
271	331
345	487
212	226
360	432
307	425
272	392
244	292
59	75
326	468
236	354
316	328
221	249
269	297
112	114
88	116
266	382
70	98
354	450
206	278
178	196
356	502
110	114
201	205
