HFSDDW
100	25	5
0	21	1	62	2	82	3	66	4	85
0	51	1	11	2	97	3	32	4	49
0	57	1	22	2	52	3	70	4	42
0	80	1	16	2	50	3	41	4	35
0	8	1	5	2	48	3	38	4	51
0	93	1	22	2	63	3	19	4	18
0	67	1	24	2	53	3	30	4	72
0	87	1	31	2	43	3	67	4	29
0	71	1	79	2	48	3	82	4	40
0	14	1	52	2	69	3	35	4	79
0	79	1	92	2	16	3	82	4	51
0	16	1	15	2	44	3	15	4	91
0	30	1	47	2	78	3	15	4	82
0	34	1	69	2	22	3	98	4	55
0	49	1	73	2	83	3	12	4	63
0	28	1	57	2	65	3	98	4	38
0	42	1	53	2	29	3	40	4	38
0	75	1	8	2	70	3	79	4	57
0	72	1	87	2	28	3	75	4	98
0	25	1	1	2	34	3	1	4	7
0	45	1	30	2	70	3	79	4	30
0	6	1	10	2	4	3	20	4	23
0	58	1	49	2	46	3	77	4	50
0	77	1	18	2	38	3	76	4	7
0	26	1	98	2	43	3	41	4	82
0	62	1	46	2	8	3	13	4	38
0	27	1	24	2	64	3	92	4	92
0	13	1	82	2	50	3	11	4	33
0	66	1	5	2	51	3	56	4	98
0	23	1	41	2	50	3	25	4	22
0	8	1	63	2	57	3	93	4	80
0	46	1	86	2	30	3	96	4	67
0	60	1	2	2	90	3	81	4	96
0	35	1	85	2	54	3	85	4	38
0	95	1	68	2	28	3	44	4	41
0	22	1	48	2	86	3	43	4	59
0	21	1	96	2	83	3	91	4	31
0	64	1	66	2	70	3	12	4	47
0	26	1	53	2	53	3	43	4	73
0	64	1	14	2	69	3	60	4	63
0	38	1	87	2	64	3	87	4	27
0	39	1	35	2	14	3	53	4	59
0	98	1	1	2	86	3	37	4	46
0	63	1	18	2	98	3	51	4	32
0	68	1	15	2	42	3	39	4	13
0	43	1	15	2	84	3	70	4	76
0	8	1	78	2	27	3	79	4	22
0	34	1	32	2	96	3	65	4	91
0	29	1	53	2	18	3	53	4	48
0	26	1	66	2	16	3	96	4	10
0	47	1	15	2	19	3	28	4	95
0	24	1	46	2	26	3	74	4	84
0	24	1	51	2	43	3	76	4	51
0	20	1	73	2	8	3	16	4	13
0	32	1	22	2	34	3	59	4	3
0	16	1	96	2	88	3	90	4	87
0	76	1	99	2	87	3	60	4	30
0	93	1	60	2	98	3	84	4	97
0	87	1	6	2	22	3	80	4	67
0	78	1	10	2	42	3	2	4	28
0	52	1	58	2	99	3	84	4	78
0	25	1	80	2	59	3	26	4	79
0	28	1	57	2	36	3	87	4	8
0	25	1	63	2	82	3	46	4	58
0	60	1	75	2	24	3	19	4	25
0	26	1	1	2	53	3	91	4	25
0	7	1	54	2	87	3	62	4	35
0	18	1	99	2	4	3	82	4	6
0	13	1	2	2	73	3	6	4	69
0	31	1	70	2	34	3	73	4	43
0	15	1	27	2	96	3	44	4	68
0	77	1	35	2	80	3	59	4	53
0	24	1	28	2	67	3	2	4	72
0	74	1	70	2	73	3	53	4	89
0	25	1	60	2	1	3	40	4	46
0	59	1	3	2	19	3	50	4	94
0	56	1	67	2	80	3	48	4	10
0	80	1	57	2	43	3	94	4	58
0	83	1	19	2	45	3	30	4	81
0	84	1	34	2	71	3	33	4	95
0	61	1	97	2	80	3	83	4	19
0	55	1	26	2	56	3	97	4	10
0	74	1	17	2	31	3	65	4	97
0	57	1	47	2	20	3	91	4	92
0	17	1	27	2	79	3	94	4	7
0	6	1	15	2	71	3	59	4	61
0	26	1	31	2	85	3	55	4	33
0	59	1	86	2	96	3	30	4	54
0	54	1	1	2	45	3	84	4	83
0	66	1	88	2	80	3	33	4	25
0	37	1	14	2	80	3	40	4	78
0	35	1	18	2	85	3	77	4	14
0	40	1	55	2	97	3	37	4	84
0	44	1	31	2	76	3	32	4	39
0	71	1	51	2	89	3	37	4	39
0	17	1	81	2	94	3	12	4	40
0	18	1	35	2	39	3	35	4	24
0	12	1	51	2	45	3	76	4	98
0	41	1	1	2	20	3	17	4	15
0	98	1	3	2	9	3	99	4	40
LBCmax: 1178
RELDUE
-1	537	9	3
-1	252	5	3
-1	684	9	1
-1	1227	6	2
-1	748	4	6
-1	1137	1	3
-1	407	3	2
-1	621	4	1
-1	139	9	1
-1	839	1	7
-1	743	1	6
-1	392	8	8
-1	997	9	5
-1	557	3	8
-1	1248	9	5
-1	175	9	6
-1	312	2	3
-1	864	9	2
-1	269	1	2
-1	982	2	5
-1	1211	2	6
-1	1126	3	6
-1	1295	5	7
-1	509	5	3
-1	1270	6	7
-1	945	4	8
-1	490	7	9
-1	977	6	3
-1	388	4	7
-1	586	4	5
-1	282	8	7
-1	973	3	8
-1	1237	6	5
-1	957	1	1
-1	169	3	2
-1	187	1	8
-1	1145	8	6
-1	643	5	5
-1	1073	3	2
-1	558	3	3
-1	1139	1	9
-1	214	3	2
-1	631	2	2
-1	300	8	2
-1	655	6	6
-1	322	8	3
-1	424	8	7
-1	1085	6	5
-1	362	3	4
-1	228	9	9
-1	1088	6	4
-1	582	1	4
-1	1248	7	6
-1	429	9	2
-1	675	4	2
-1	708	9	3
-1	253	4	1
-1	293	5	9
-1	1253	5	2
-1	1100	7	5
-1	765	6	9
-1	727	4	6
-1	351	4	7
-1	849	9	1
-1	675	9	1
-1	1067	2	9
-1	451	3	4
-1	158	7	6
-1	506	8	8
-1	1178	4	6
-1	327	2	6
-1	966	8	5
-1	1088	6	5
-1	1007	9	8
-1	1140	3	6
-1	1115	9	2
-1	613	7	4
-1	1113	4	6
-1	1151	9	5
-1	1065	1	9
-1	638	6	9
-1	702	3	3
-1	732	9	1
-1	277	1	1
-1	795	4	8
-1	996	2	6
-1	1021	7	2
-1	926	4	1
-1	400	1	9
-1	757	9	8
-1	1231	8	2
-1	969	8	3
-1	686	2	1
-1	1269	2	8
-1	1090	9	1
-1	529	6	4
-1	1159	8	5
-1	1079	9	3
-1	922	4	5
-1	884	5	5
DDW
505	569
229	275
650	718
1166	1288
703	793
1092	1182
387	427
584	658
138	140
805	873
698	788
388	396
947	1047
546	568
1223	1273
164	186
306	318
778	950
264	274
884	1080
1102	1320
1092	1160
1282	1308
489	529
1232	1308
869	1021
451	529
948	1006
380	396
580	592
265	299
915	1031
1175	1299
909	1005
162	176
168	206
1053	1237
617	669
987	1159
513	603
1071	1207
199	229
581	681
279	321
622	688
299	345
382	466
1009	1161
348	376
217	239
1066	1110
547	617
1198	1298
399	459
628	722
680	736
230	276
287	299
1215	1291
1001	1199
711	819
705	749
337	365
764	934
621	729
960	1174
424	478
156	160
460	552
1154	1202
298	356
889	1043
1066	1110
957	1057
1094	1186
1082	1148
582	644
1057	1169
1047	1255
990	1140
587	689
695	709
666	798
255	299
716	874
986	1006
990	1052
843	1009
368	432
749	765
1206	1256
911	1027
672	700
1142	1396
1068	1112
513	545
1124	1194
993	1165
839	1005
840	928
