HFSDDW
50	15	5
0	25	1	95	2	42	3	41	4	83
0	39	1	34	2	66	3	31	4	41
0	42	1	60	2	20	3	31	4	28
0	95	1	78	2	15	3	62	4	6
0	37	1	69	2	85	3	36	4	54
0	99	1	24	2	31	3	35	4	9
0	1	1	4	2	81	3	33	4	83
0	93	1	40	2	27	3	11	4	10
0	74	1	20	2	11	3	23	4	23
0	92	1	55	2	49	3	32	4	39
0	15	1	79	2	4	3	56	4	56
0	56	1	11	2	6	3	87	4	84
0	15	1	4	2	32	3	22	4	41
0	39	1	79	2	87	3	48	4	35
0	55	1	51	2	4	3	53	4	31
0	17	1	58	2	63	3	13	4	61
0	44	1	74	2	98	3	95	4	93
0	22	1	1	2	25	3	77	4	27
0	83	1	35	2	40	3	27	4	94
0	71	1	88	2	88	3	82	4	83
0	14	1	68	2	2	3	97	4	83
0	64	1	75	2	51	3	26	4	39
0	98	1	47	2	92	3	26	4	40
0	41	1	6	2	36	3	29	4	20
0	39	1	55	2	11	3	21	4	51
0	21	1	12	2	77	3	58	4	60
0	29	1	69	2	81	3	29	4	48
0	76	1	73	2	2	3	13	4	30
0	46	1	50	2	99	3	38	4	29
0	36	1	42	2	14	3	87	4	54
0	66	1	52	2	60	3	62	4	45
0	58	1	57	2	80	3	46	4	62
0	53	1	97	2	92	3	65	4	10
0	30	1	66	2	63	3	78	4	63
0	68	1	4	2	24	3	98	4	73
0	89	1	56	2	73	3	92	4	15
0	79	1	97	2	90	3	5	4	94
0	76	1	9	2	19	3	84	4	89
0	20	1	92	2	55	3	50	4	77
0	48	1	57	2	34	3	29	4	99
0	70	1	78	2	35	3	25	4	85
0	62	1	29	2	62	3	89	4	55
0	3	1	84	2	88	3	31	4	83
0	55	1	8	2	88	3	70	4	33
0	22	1	48	2	79	3	89	4	43
0	76	1	49	2	73	3	22	4	25
0	33	1	22	2	45	3	92	4	45
0	1	1	63	2	66	3	19	4	33
0	48	1	46	2	29	3	29	4	86
0	36	1	4	2	24	3	66	4	22
LBCmax: 963
RELDUE
-1	680	9	1
-1	953	4	8
-1	899	3	9
-1	1207	9	3
-1	1039	1	1
-1	502	1	5
-1	1245	4	7
-1	726	4	8
-1	1070	5	4
-1	382	8	6
-1	410	3	9
-1	826	8	6
-1	682	8	7
-1	913	6	6
-1	508	2	9
-1	1070	7	5
-1	670	4	9
-1	1212	2	6
-1	1120	8	3
-1	1086	7	8
-1	1180	6	3
-1	694	4	2
-1	956	2	5
-1	652	7	2
-1	1110	7	3
-1	1012	4	6
-1	471	8	5
-1	772	8	1
-1	321	3	7
-1	361	1	5
-1	989	4	4
-1	533	1	2
-1	352	3	5
-1	1247	1	4
-1	1099	6	7
-1	901	9	3
-1	852	7	9
-1	763	9	9
-1	433	5	7
-1	509	4	3
-1	303	9	5
-1	456	8	8
-1	1105	5	1
-1	377	7	9
-1	484	2	1
-1	1177	4	2
-1	341	2	2
-1	907	4	3
-1	349	3	2
-1	338	8	7
DDW
646	714
915	991
854	944
1195	1219
997	1081
492	512
1120	1370
661	791
1006	1134
344	420
385	435
776	876
655	709
840	986
478	538
963	1177
630	710
1176	1248
1042	1198
1053	1119
1086	1274
687	701
927	985
613	691
1066	1154
921	1103
466	476
726	818
302	340
332	390
920	1058
517	549
320	384
1147	1347
1000	1198
838	964
767	937
694	832
407	459
489	529
297	309
415	497
1050	1160
366	388
455	513
1071	1283
310	372
862	952
325	373
321	355
