HFSDDW
100	15	5
0	96	1	24	2	31	3	67	4	94
0	48	1	99	2	71	3	98	4	9
0	92	1	16	2	37	3	90	4	31
0	28	1	57	2	24	3	46	4	50
0	40	1	1	2	62	3	68	4	55
0	3	1	76	2	15	3	96	4	2
0	51	1	87	2	4	3	95	4	63
0	44	1	11	2	63	3	51	4	13
0	2	1	14	2	10	3	67	4	72
0	51	1	93	2	54	3	41	4	29
0	60	1	77	2	45	3	72	4	89
0	95	1	61	2	62	3	12	4	91
0	72	1	85	2	75	3	97	4	58
0	6	1	13	2	42	3	27	4	87
0	17	1	93	2	73	3	34	4	49
0	27	1	90	2	94	3	96	4	5
0	10	1	22	2	73	3	68	4	41
0	73	1	43	2	31	3	7	4	68
0	82	1	48	2	52	3	59	4	41
0	16	1	39	2	12	3	10	4	67
0	39	1	51	2	28	3	54	4	12
0	67	1	5	2	12	3	24	4	62
0	5	1	66	2	66	3	8	4	82
0	50	1	12	2	7	3	56	4	84
0	62	1	81	2	36	3	59	4	5
0	69	1	41	2	14	3	93	4	33
0	87	1	79	2	85	3	29	4	65
0	58	1	94	2	20	3	57	4	74
0	68	1	32	2	7	3	44	4	63
0	16	1	81	2	44	3	77	4	90
0	5	1	32	2	56	3	25	4	5
0	57	1	16	2	69	3	49	4	42
0	26	1	91	2	18	3	90	4	75
0	26	1	81	2	38	3	42	4	24
0	56	1	92	2	50	3	81	4	16
0	31	1	74	2	92	3	95	4	88
0	87	1	97	2	36	3	3	4	29
0	56	1	23	2	60	3	24	4	8
0	43	1	26	2	70	3	15	4	49
0	77	1	14	2	17	3	69	4	37
0	35	1	44	2	2	3	54	4	34
0	13	1	82	2	74	3	10	4	74
0	82	1	24	2	73	3	60	4	55
0	28	1	55	2	16	3	62	4	20
0	3	1	22	2	14	3	35	4	80
0	31	1	22	2	35	3	33	4	39
0	17	1	58	2	24	3	58	4	54
0	43	1	95	2	82	3	68	4	17
0	73	1	49	2	51	3	49	4	25
0	19	1	52	2	10	3	60	4	21
0	23	1	98	2	54	3	49	4	34
0	13	1	31	2	67	3	73	4	4
0	90	1	47	2	41	3	70	4	57
0	25	1	1	2	15	3	7	4	12
0	33	1	73	2	47	3	45	4	46
0	54	1	71	2	64	3	10	4	62
0	78	1	12	2	75	3	13	4	17
0	19	1	4	2	74	3	24	4	41
0	13	1	29	2	9	3	64	4	26
0	26	1	8	2	80	3	91	4	1
0	19	1	37	2	4	3	48	4	88
0	49	1	52	2	10	3	4	4	80
0	42	1	66	2	58	3	12	4	26
0	79	1	72	2	29	3	54	4	39
0	21	1	27	2	91	3	65	4	99
0	5	1	64	2	82	3	20	4	21
0	46	1	91	2	72	3	9	4	43
0	41	1	8	2	27	3	25	4	67
0	67	1	94	2	70	3	44	4	99
0	46	1	70	2	97	3	39	4	46
0	53	1	79	2	26	3	53	4	80
0	91	1	46	2	39	3	48	4	83
0	85	1	69	2	89	3	83	4	34
0	51	1	93	2	50	3	68	4	85
0	72	1	45	2	5	3	87	4	72
0	26	1	56	2	48	3	65	4	54
0	34	1	67	2	44	3	73	4	67
0	67	1	65	2	20	3	29	4	51
0	94	1	69	2	79	3	41	4	81
0	97	1	5	2	87	3	10	4	49
0	52	1	21	2	29	3	53	4	74
0	9	1	74	2	38	3	81	4	54
0	36	1	98	2	73	3	94	4	50
0	19	1	26	2	17	3	16	4	66
0	85	1	74	2	21	3	17	4	90
0	4	1	66	2	63	3	7	4	74
0	22	1	68	2	38	3	17	4	2
0	14	1	38	2	90	3	98	4	59
0	92	1	28	2	38	3	75	4	16
0	96	1	95	2	84	3	91	4	63
0	72	1	88	2	71	3	44	4	64
0	77	1	99	2	12	3	62	4	71
0	42	1	12	2	32	3	7	4	33
0	67	1	60	2	57	3	92	4	36
0	80	1	35	2	18	3	57	4	73
0	57	1	36	2	46	3	2	4	94
0	8	1	81	2	72	3	43	4	2
0	33	1	97	2	94	3	52	4	24
0	14	1	26	2	28	3	28	4	17
0	81	1	95	2	31	3	43	4	49
LBCmax: 1871
RELDUE
-1	1231	1	6
-1	1277	5	7
-1	2290	8	2
-1	1593	8	8
-1	2095	1	9
-1	1265	3	7
-1	1887	4	7
-1	826	8	8
-1	1873	5	9
-1	683	3	9
-1	1343	6	9
-1	1572	8	2
-1	756	6	1
-1	1841	4	9
-1	1750	1	6
-1	1686	8	9
-1	1298	6	4
-1	2221	5	8
-1	658	9	6
-1	2426	9	3
-1	1869	7	9
-1	1803	5	8
-1	654	6	6
-1	1835	3	2
-1	991	5	5
-1	1586	3	2
-1	683	2	2
-1	2244	8	2
-1	1315	7	3
-1	2282	2	8
-1	1723	8	8
-1	648	7	5
-1	624	2	3
-1	1548	2	9
-1	1652	2	1
-1	1859	8	9
-1	2232	9	9
-1	874	2	6
-1	1709	4	1
-1	1762	6	9
-1	1720	8	2
-1	2113	5	6
-1	1011	3	6
-1	1415	8	5
-1	2103	5	4
-1	1669	1	7
-1	851	4	2
-1	1679	5	9
-1	1761	2	1
-1	1624	7	3
-1	1348	5	3
-1	687	1	4
-1	1048	6	3
-1	1362	3	2
-1	2034	9	2
-1	1861	8	7
-1	1184	7	2
-1	1015	1	6
-1	1163	4	2
-1	1070	2	5
-1	1143	5	7
-1	2076	5	7
-1	1943	9	2
-1	2024	5	7
-1	1392	5	3
-1	1256	5	3
-1	1508	3	3
-1	1641	5	5
-1	749	2	1
-1	2323	9	1
-1	1887	4	6
-1	985	5	3
-1	1072	5	4
-1	1329	9	3
-1	1267	2	9
-1	2188	5	9
-1	1353	9	2
-1	1671	8	7
-1	2164	8	3
-1	1754	4	4
-1	1295	7	5
-1	1436	7	7
-1	1043	7	6
-1	2124	4	4
-1	1494	6	5
-1	1596	4	3
-1	2032	2	2
-1	1695	2	9
-1	1946	3	2
-1	2224	3	6
-1	1236	2	3
-1	1777	6	6
-1	2144	7	5
-1	1200	4	2
-1	1179	5	7
-1	2076	7	9
-1	730	7	5
-1	1420	4	8
-1	583	8	7
-1	1408	6	9
DDW
985	1477
1124	1430
1992	2588
1370	1816
1886	2304
1214	1316
1585	2189
694	958
1517	2229
560	806
1195	1491
1336	1808
748	764
1546	2136
1662	1838
1534	1838
1051	1545
2154	2288
651	665
2305	2547
1794	1944
1731	1875
530	778
1486	2184
823	1159
1427	1745
587	779
1930	2558
1105	1525
2099	2465
1706	1740
577	719
555	693
1455	1641
1421	1883
1636	2082
1920	2544
708	1040
1675	1743
1568	1956
1462	1978
1838	2388
950	1072
1231	1599
2019	2187
1335	2003
698	1004
1360	1998
1638	1884
1315	1933
1092	1604
577	797
901	1195
1267	1457
1709	2359
1563	2159
1018	1350
873	1157
954	1372
1059	1081
1017	1269
2014	2138
1554	2332
1801	2247
1155	1629
1243	1269
1448	1568
1395	1887
734	764
2021	2625
1585	2189
975	995
1061	1083
1196	1462
1128	1406
1925	2451
1096	1610
1571	1771
1839	2489
1456	2052
1140	1450
1221	1651
970	1116
1742	2506
1345	1643
1500	1692
1687	2377
1610	1780
1732	2160
1801	2647
1001	1471
1422	2132
2101	2187
1176	1224
1167	1191
1827	2325
635	825
1207	1633
484	682
1352	1464
