HFSDDW
150	25	5
0	57	1	93	2	42	3	31	4	81
0	16	1	64	2	58	3	29	4	10
0	71	1	61	2	38	3	64	4	65
0	86	1	49	2	98	3	82	4	25
0	6	1	95	2	16	3	75	4	4
0	50	1	8	2	14	3	88	4	18
0	23	1	69	2	57	3	38	4	12
0	95	1	73	2	27	3	27	4	19
0	18	1	80	2	39	3	28	4	77
0	53	1	72	2	60	3	4	4	60
0	28	1	69	2	56	3	5	4	19
0	62	1	77	2	66	3	27	4	32
0	9	1	50	2	69	3	11	4	87
0	3	1	4	2	1	3	52	4	70
0	13	1	22	2	72	3	63	4	7
0	26	1	57	2	88	3	98	4	50
0	78	1	47	2	11	3	29	4	90
0	53	1	13	2	53	3	20	4	50
0	18	1	7	2	1	3	95	4	11
0	68	1	11	2	28	3	41	4	74
0	50	1	71	2	9	3	34	4	47
0	6	1	97	2	93	3	97	4	92
0	5	1	89	2	68	3	76	4	53
0	62	1	40	2	40	3	21	4	34
0	90	1	50	2	81	3	2	4	52
0	6	1	22	2	77	3	53	4	39
0	15	1	30	2	47	3	24	4	1
0	7	1	38	2	77	3	81	4	85
0	56	1	20	2	55	3	27	4	45
0	29	1	39	2	24	3	42	4	49
0	28	1	70	2	7	3	7	4	84
0	99	1	90	2	8	3	81	4	41
0	83	1	20	2	41	3	59	4	78
0	75	1	42	2	44	3	76	4	47
0	24	1	62	2	58	3	36	4	78
0	71	1	94	2	54	3	56	4	24
0	67	1	98	2	36	3	4	4	11
0	44	1	23	2	41	3	40	4	1
0	17	1	31	2	95	3	41	4	2
0	37	1	79	2	96	3	49	4	69
0	86	1	95	2	48	3	95	4	26
0	65	1	12	2	71	3	29	4	14
0	6	1	37	2	51	3	57	4	74
0	85	1	84	2	37	3	48	4	34
0	53	1	2	2	4	3	75	4	31
0	93	1	67	2	18	3	35	4	42
0	92	1	97	2	6	3	87	4	38
0	71	1	50	2	41	3	78	4	45
0	32	1	51	2	12	3	27	4	95
0	79	1	79	2	39	3	66	4	16
0	53	1	42	2	49	3	15	4	17
0	85	1	91	2	72	3	64	4	32
0	98	1	94	2	37	3	87	4	22
0	8	1	31	2	64	3	20	4	3
0	36	1	43	2	59	3	4	4	3
0	2	1	89	2	77	3	80	4	51
0	14	1	28	2	52	3	19	4	89
0	50	1	49	2	91	3	71	4	52
0	79	1	77	2	76	3	46	4	46
0	38	1	15	2	25	3	5	4	87
0	49	1	16	2	19	3	64	4	80
0	10	1	83	2	46	3	12	4	15
0	95	1	15	2	92	3	14	4	18
0	70	1	43	2	18	3	98	4	71
0	58	1	40	2	93	3	67	4	23
0	58	1	67	2	13	3	57	4	65
0	87	1	65	2	72	3	93	4	3
0	98	1	10	2	88	3	38	4	79
0	67	1	4	2	79	3	56	4	56
0	65	1	85	2	62	3	29	4	75
0	95	1	96	2	26	3	34	4	30
0	9	1	23	2	51	3	41	4	23
0	43	1	70	2	88	3	47	4	27
0	31	1	42	2	99	3	12	4	20
0	61	1	55	2	80	3	19	4	5
0	54	1	61	2	37	3	11	4	58
0	72	1	5	2	84	3	81	4	69
0	90	1	39	2	39	3	64	4	93
0	76	1	58	2	47	3	16	4	37
0	97	1	16	2	32	3	29	4	26
0	24	1	86	2	51	3	10	4	14
0	41	1	17	2	8	3	29	4	75
0	47	1	85	2	40	3	82	4	50
0	39	1	86	2	7	3	77	4	37
0	92	1	3	2	36	3	18	4	43
0	3	1	8	2	64	3	82	4	8
0	39	1	30	2	8	3	85	4	35
0	86	1	53	2	75	3	67	4	29
0	74	1	32	2	10	3	88	4	47
0	90	1	19	2	65	3	65	4	98
0	11	1	9	2	54	3	92	4	34
0	21	1	51	2	34	3	66	4	12
0	34	1	52	2	26	3	22	4	36
0	18	1	78	2	55	3	48	4	64
0	85	1	12	2	39	3	49	4	62
0	61	1	92	2	47	3	71	4	52
0	84	1	42	2	98	3	83	4	96
0	31	1	75	2	15	3	52	4	14
0	35	1	20	2	9	3	56	4	95
0	23	1	7	2	87	3	53	4	29
0	13	1	63	2	17	3	2	4	14
0	99	1	69	2	6	3	31	4	73
0	28	1	5	2	62	3	14	4	27
0	91	1	53	2	42	3	26	4	6
0	42	1	63	2	4	3	34	4	29
0	65	1	3	2	82	3	53	4	40
0	55	1	5	2	93	3	42	4	40
0	21	1	26	2	97	3	70	4	97
0	61	1	70	2	83	3	79	4	85
0	31	1	57	2	94	3	30	4	5
0	69	1	64	2	62	3	48	4	86
0	49	1	60	2	82	3	73	4	48
0	96	1	86	2	52	3	91	4	19
0	23	1	11	2	21	3	74	4	6
0	65	1	56	2	71	3	29	4	44
0	72	1	79	2	25	3	49	4	97
0	8	1	9	2	53	3	49	4	70
0	90	1	43	2	46	3	55	4	90
0	61	1	43	2	24	3	23	4	1
0	74	1	18	2	92	3	60	4	62
0	20	1	37	2	21	3	25	4	39
0	14	1	93	2	34	3	4	4	15
0	70	1	36	2	34	3	75	4	40
0	88	1	34	2	4	3	21	4	28
0	80	1	65	2	65	3	84	4	45
0	22	1	32	2	49	3	28	4	70
0	55	1	87	2	64	3	86	4	77
0	71	1	87	2	29	3	10	4	57
0	97	1	10	2	42	3	41	4	20
0	25	1	10	2	49	3	82	4	13
0	41	1	14	2	72	3	33	4	82
0	55	1	71	2	36	3	80	4	17
0	81	1	45	2	6	3	34	4	59
0	83	1	72	2	48	3	97	4	69
0	1	1	6	2	94	3	63	4	31
0	70	1	23	2	25	3	64	4	20
0	13	1	83	2	66	3	15	4	29
0	42	1	15	2	31	3	4	4	23
0	99	1	52	2	48	3	92	4	75
0	52	1	4	2	9	3	82	4	37
0	52	1	62	2	51	3	14	4	13
0	35	1	19	2	9	3	2	4	12
0	32	1	47	2	72	3	60	4	5
0	98	1	78	2	91	3	5	4	17
0	68	1	41	2	44	3	75	4	69
0	48	1	57	2	3	3	88	4	78
0	66	1	15	2	43	3	27	4	68
0	51	1	32	2	52	3	2	4	94
0	23	1	7	2	30	3	91	4	91
0	52	1	80	2	88	3	87	4	77
LBCmax: 1637
RELDUE
-1	1699	1	8
-1	704	3	8
-1	547	7	8
-1	1552	7	3
-1	1618	9	8
-1	671	1	2
-1	775	8	6
-1	1739	5	9
-1	1211	6	1
-1	1547	9	3
-1	1773	8	1
-1	764	4	1
-1	823	7	3
-1	864	6	1
-1	1231	3	1
-1	764	6	9
-1	560	2	2
-1	1225	4	7
-1	2003	2	3
-1	1367	2	1
-1	1583	3	8
-1	923	6	6
-1	1948	4	7
-1	665	3	1
-1	2032	5	4
-1	1503	9	2
-1	676	3	8
-1	1352	8	1
-1	1865	4	2
-1	772	1	4
-1	1613	3	6
-1	1615	9	8
-1	726	2	1
-1	676	9	6
-1	570	3	8
-1	1369	8	3
-1	681	9	9
-1	1766	1	9
-1	1445	5	8
-1	1420	6	1
-1	1041	9	5
-1	1402	5	9
-1	626	1	5
-1	1104	7	3
-1	748	4	4
-1	593	3	1
-1	1901	3	7
-1	606	7	6
-1	1252	9	7
-1	1707	4	4
-1	1280	7	6
-1	1064	8	6
-1	2063	6	6
-1	1053	3	3
-1	656	8	8
-1	1266	5	5
-1	884	5	9
-1	2011	5	7
-1	1649	1	9
-1	605	8	6
-1	2123	4	7
-1	1552	3	8
-1	2003	6	8
-1	930	1	2
-1	2062	2	4
-1	648	1	8
-1	529	5	3
-1	637	3	3
-1	785	7	8
-1	1991	4	5
-1	574	3	4
-1	922	4	5
-1	1908	8	7
-1	1073	5	3
-1	816	3	1
-1	671	6	9
-1	788	9	7
-1	1335	9	1
-1	2046	4	9
-1	1929	1	7
-1	1731	6	1
-1	561	1	5
-1	590	8	7
-1	648	1	2
-1	1620	6	2
-1	1040	9	2
-1	1681	6	3
-1	1802	4	9
-1	511	3	8
-1	1432	1	8
-1	975	3	7
-1	798	8	2
-1	608	8	2
-1	1331	8	7
-1	1425	3	3
-1	1618	9	8
-1	1528	7	6
-1	1824	8	2
-1	1170	3	9
-1	590	6	1
-1	554	6	4
-1	1754	7	1
-1	1949	2	4
-1	1389	3	6
-1	1624	4	1
-1	849	8	5
-1	1284	9	3
-1	1481	5	9
-1	727	2	9
-1	2113	6	7
-1	969	9	4
-1	1677	8	4
-1	2093	3	2
-1	1848	4	9
-1	1002	5	2
-1	2053	6	3
-1	1452	2	9
-1	1845	2	8
-1	1438	1	8
-1	1513	9	5
-1	1096	8	3
-1	856	3	3
-1	616	5	4
-1	1482	8	5
-1	1506	1	9
-1	1904	9	4
-1	805	4	8
-1	1068	2	3
-1	1776	5	3
-1	1326	8	9
-1	1272	9	4
-1	1092	2	3
-1	656	4	5
-1	1947	3	1
-1	1865	2	6
-1	2105	9	4
-1	740	9	2
-1	1330	9	6
-1	1152	2	6
-1	1262	8	8
-1	1885	3	9
-1	690	8	5
-1	1565	2	3
-1	526	9	3
-1	953	7	8
-1	1427	4	7
-1	833	1	1
-1	888	6	5
-1	819	2	9
-1	1501	9	9
DDW
1665	1733
641	767
525	569
1474	1630
1602	1634
624	718
744	806
1687	1791
1090	1332
1454	1640
1738	1808
688	840
782	864
778	950
1145	1317
688	840
532	588
1152	1298
1963	2043
1353	1381
1488	1678
831	1015
1870	2026
645	685
1971	2093
1473	1533
649	703
1217	1487
1753	1977
733	811
1516	1710
1583	1647
675	777
615	737
524	616
1301	1437
633	729
1678	1854
1358	1532
1335	1505
937	1145
1290	1514
601	651
1082	1126
688	808
569	617
1844	1958
600	612
1202	1302
1588	1826
1267	1293
1000	1128
1898	2228
948	1158
623	689
1241	1291
840	928
1991	2031
1616	1682
551	659
2059	2187
1474	1630
1863	2143
874	986
2041	2083
583	713
508	550
599	675
761	809
1931	2051
557	591
913	931
1889	1927
998	1148
808	824
611	731
733	843
1308	1362
1923	2169
1755	2103
1558	1904
544	578
549	631
583	713
1539	1701
1030	1050
1614	1748
1658	1946
485	537
1332	1532
878	1072
742	854
590	626
1225	1437
1382	1468
1521	1715
1513	1543
1660	1988
1158	1182
543	637
548	560
1614	1894
1774	2124
1361	1417
1559	1689
764	934
1220	1348
1451	1511
662	792
1986	2240
921	1017
1610	1744
1988	2198
1793	1903
902	1102
1848	2258
1336	1568
1716	1974
1424	1452
1498	1528
1030	1162
796	916
610	622
1393	1571
1461	1551
1771	2037
741	869
1025	1111
1687	1865
1246	1406
1170	1374
994	1190
649	663
1791	2103
1697	2033
2063	2147
703	777
1264	1396
1083	1221
1199	1325
1772	1998
669	711
1424	1706
473	579
934	972
1327	1527
816	850
799	977
745	893
1441	1561
