HFSDDW
100	30	10
0	81	1	93	2	73	3	12	4	41	5	45	6	56	7	90	8	87	9	14
0	26	1	32	2	37	3	48	4	86	5	87	6	34	7	82	8	13	9	23
0	3	1	21	2	37	3	97	4	54	5	44	6	20	7	22	8	79	9	82
0	68	1	46	2	93	3	9	4	44	5	21	6	23	7	36	8	34	9	52
0	29	1	82	2	80	3	24	4	50	5	98	6	25	7	14	8	87	9	97
0	94	1	37	2	68	3	39	4	21	5	61	6	56	7	75	8	58	9	97
0	26	1	35	2	12	3	6	4	46	5	79	6	38	7	29	8	4	9	66
0	64	1	97	2	48	3	60	4	93	5	20	6	40	7	14	8	47	9	56
0	19	1	6	2	34	3	81	4	87	5	31	6	78	7	55	8	87	9	83
0	64	1	48	2	78	3	37	4	27	5	94	6	71	7	74	8	77	9	70
0	60	1	95	2	11	3	22	4	34	5	96	6	89	7	8	8	45	9	1
0	21	1	43	2	28	3	2	4	78	5	21	6	2	7	30	8	18	9	15
0	2	1	83	2	41	3	21	4	2	5	17	6	20	7	12	8	34	9	99
0	49	1	66	2	36	3	76	4	95	5	24	6	94	7	12	8	48	9	91
0	42	1	70	2	11	3	87	4	62	5	21	6	21	7	76	8	58	9	6
0	93	1	41	2	57	3	63	4	69	5	77	6	54	7	89	8	20	9	18
0	77	1	77	2	73	3	46	4	51	5	55	6	8	7	51	8	7	9	55
0	26	1	89	2	81	3	26	4	73	5	31	6	73	7	54	8	59	9	81
0	95	1	43	2	53	3	28	4	6	5	8	6	9	7	73	8	8	9	18
0	69	1	6	2	92	3	31	4	15	5	64	6	97	7	64	8	36	9	7
0	14	1	69	2	70	3	4	4	80	5	5	6	60	7	31	8	89	9	38
0	5	1	1	2	31	3	39	4	22	5	35	6	25	7	45	8	40	9	43
0	47	1	35	2	43	3	88	4	85	5	20	6	97	7	51	8	12	9	10
0	34	1	9	2	18	3	52	4	68	5	27	6	72	7	49	8	47	9	2
0	48	1	78	2	83	3	70	4	14	5	69	6	75	7	53	8	10	9	79
0	40	1	52	2	25	3	92	4	60	5	79	6	27	7	82	8	19	9	61
0	8	1	10	2	19	3	80	4	4	5	96	6	82	7	79	8	71	9	95
0	62	1	75	2	97	3	38	4	95	5	68	6	51	7	73	8	75	9	16
0	45	1	44	2	41	3	33	4	70	5	82	6	84	7	25	8	91	9	88
0	99	1	89	2	31	3	86	4	94	5	39	6	59	7	3	8	67	9	17
0	86	1	95	2	82	3	14	4	18	5	64	6	54	7	86	8	97	9	91
0	28	1	53	2	8	3	3	4	16	5	63	6	68	7	86	8	11	9	22
0	13	1	58	2	88	3	82	4	95	5	72	6	44	7	12	8	44	9	56
0	10	1	48	2	7	3	58	4	30	5	49	6	62	7	27	8	15	9	6
0	29	1	97	2	27	3	99	4	61	5	47	6	82	7	29	8	71	9	32
0	71	1	73	2	92	3	46	4	5	5	29	6	8	7	99	8	19	9	45
0	20	1	43	2	43	3	42	4	82	5	79	6	47	7	50	8	73	9	66
0	1	1	41	2	71	3	6	4	92	5	15	6	31	7	88	8	22	9	49
0	90	1	16	2	40	3	13	4	85	5	37	6	56	7	61	8	53	9	1
0	41	1	63	2	9	3	70	4	85	5	85	6	55	7	85	8	17	9	81
0	99	1	33	2	55	3	5	4	31	5	30	6	2	7	86	8	53	9	89
0	98	1	20	2	78	3	70	4	54	5	4	6	3	7	31	8	56	9	46
0	23	1	86	2	96	3	72	4	26	5	38	6	33	7	2	8	20	9	7
0	60	1	46	2	72	3	40	4	49	5	58	6	61	7	36	8	81	9	55
0	35	1	70	2	9	3	63	4	3	5	22	6	84	7	38	8	16	9	81
0	83	1	24	2	29	3	71	4	58	5	14	6	36	7	82	8	79	9	92
0	97	1	1	2	67	3	46	4	29	5	53	6	48	7	38	8	21	9	96
0	43	1	67	2	49	3	2	4	11	5	53	6	78	7	33	8	70	9	4
0	54	1	94	2	85	3	38	4	24	5	37	6	17	7	1	8	81	9	36
0	23	1	78	2	56	3	89	4	58	5	35	6	3	7	62	8	34	9	50
0	74	1	47	2	18	3	20	4	39	5	17	6	75	7	28	8	60	9	5
0	35	1	3	2	13	3	75	4	39	5	4	6	15	7	29	8	22	9	92
0	36	1	47	2	56	3	84	4	74	5	65	6	11	7	60	8	44	9	76
0	50	1	16	2	98	3	21	4	29	5	8	6	76	7	66	8	99	9	8
0	61	1	89	2	41	3	77	4	2	5	20	6	66	7	81	8	51	9	54
0	20	1	74	2	41	3	42	4	14	5	28	6	90	7	33	8	46	9	73
0	6	1	16	2	84	3	84	4	54	5	19	6	4	7	91	8	47	9	32
0	27	1	49	2	29	3	14	4	31	5	46	6	6	7	79	8	83	9	54
0	98	1	30	2	9	3	89	4	56	5	76	6	75	7	57	8	7	9	2
0	17	1	44	2	20	3	26	4	2	5	46	6	6	7	57	8	23	9	82
0	16	1	75	2	34	3	20	4	28	5	70	6	46	7	27	8	11	9	67
0	22	1	11	2	49	3	91	4	75	5	76	6	7	7	94	8	28	9	78
0	44	1	47	2	84	3	45	4	15	5	82	6	29	7	3	8	13	9	84
0	41	1	49	2	57	3	2	4	38	5	24	6	95	7	89	8	61	9	85
0	30	1	49	2	47	3	39	4	79	5	7	6	94	7	29	8	51	9	26
0	40	1	11	2	30	3	44	4	38	5	69	6	90	7	89	8	5	9	45
0	42	1	44	2	15	3	26	4	27	5	73	6	54	7	48	8	54	9	51
0	81	1	18	2	34	3	42	4	49	5	95	6	99	7	46	8	65	9	9
0	88	1	1	2	51	3	86	4	45	5	30	6	20	7	14	8	63	9	68
0	34	1	7	2	84	3	16	4	44	5	86	6	34	7	21	8	13	9	7
0	52	1	47	2	75	3	99	4	45	5	23	6	77	7	87	8	95	9	43
0	70	1	44	2	24	3	96	4	57	5	41	6	92	7	28	8	80	9	97
0	53	1	41	2	84	3	85	4	18	5	75	6	33	7	18	8	97	9	62
0	61	1	78	2	34	3	59	4	56	5	41	6	26	7	52	8	42	9	23
0	53	1	32	2	18	3	21	4	98	5	89	6	82	7	87	8	59	9	4
0	94	1	7	2	41	3	15	4	53	5	12	6	63	7	90	8	82	9	70
0	89	1	60	2	89	3	33	4	81	5	91	6	11	7	65	8	41	9	16
0	15	1	40	2	85	3	58	4	44	5	22	6	23	7	63	8	86	9	28
0	92	1	46	2	58	3	94	4	68	5	55	6	38	7	19	8	6	9	44
0	78	1	36	2	70	3	72	4	34	5	92	6	42	7	85	8	40	9	8
0	78	1	18	2	47	3	43	4	88	5	54	6	21	7	82	8	70	9	32
0	89	1	1	2	4	3	54	4	77	5	43	6	2	7	95	8	64	9	27
0	53	1	92	2	60	3	96	4	38	5	79	6	70	7	14	8	25	9	52
0	79	1	37	2	23	3	78	4	50	5	75	6	98	7	16	8	7	9	15
0	34	1	55	2	48	3	74	4	55	5	78	6	32	7	17	8	94	9	90
0	91	1	47	2	22	3	14	4	54	5	86	6	58	7	51	8	5	9	10
0	83	1	8	2	58	3	19	4	52	5	53	6	77	7	26	8	4	9	3
0	45	1	85	2	89	3	49	4	93	5	97	6	45	7	85	8	41	9	60
0	47	1	54	2	19	3	34	4	60	5	33	6	16	7	10	8	25	9	63
0	18	1	47	2	12	3	96	4	32	5	26	6	97	7	29	8	22	9	3
0	1	1	7	2	13	3	92	4	45	5	6	6	58	7	72	8	21	9	56
0	42	1	72	2	10	3	44	4	62	5	29	6	89	7	24	8	59	9	20
0	37	1	67	2	2	3	41	4	85	5	97	6	74	7	92	8	18	9	67
0	1	1	16	2	64	3	39	4	60	5	40	6	42	7	26	8	88	9	54
0	75	1	43	2	89	3	68	4	22	5	45	6	38	7	67	8	35	9	3
0	36	1	73	2	70	3	3	4	65	5	34	6	6	7	72	8	8	9	48
0	32	1	66	2	55	3	53	4	56	5	26	6	8	7	71	8	84	9	22
0	87	1	64	2	35	3	5	4	45	5	94	6	78	7	33	8	19	9	40
0	60	1	8	2	57	3	15	4	31	5	27	6	46	7	61	8	74	9	27
0	35	1	70	2	19	3	41	4	23	5	9	6	88	7	37	8	13	9	95
LBCmax: 1924
RELDUE
-1	626	1	8
-1	963	8	6
-1	1145	1	4
-1	340	1	5
-1	366	4	2
-1	1030	5	7
-1	634	4	1
-1	951	9	3
-1	860	1	1
-1	1013	8	1
-1	833	8	2
-1	1031	3	5
-1	802	7	9
-1	977	5	4
-1	1213	3	9
-1	467	1	6
-1	290	6	3
-1	655	2	2
-1	446	1	8
-1	520	8	9
-1	1117	5	7
-1	727	9	9
-1	1313	6	5
-1	863	6	2
-1	1200	1	9
-1	396	4	9
-1	717	9	3
-1	1283	7	9
-1	1130	6	3
-1	604	8	1
-1	258	9	7
-1	669	2	5
-1	430	2	8
-1	459	2	1
-1	215	8	8
-1	1266	2	2
-1	481	2	8
-1	706	6	2
-1	1344	3	3
-1	867	9	3
-1	1219	4	3
-1	1117	3	3
-1	235	5	2
-1	223	6	3
-1	1011	6	2
-1	909	5	8
-1	388	1	8
-1	772	1	8
-1	797	6	4
-1	1338	8	7
-1	197	3	6
-1	748	3	2
-1	360	8	3
-1	1162	7	1
-1	374	7	6
-1	1246	7	4
-1	998	4	6
-1	473	7	6
-1	488	4	8
-1	1318	9	1
-1	505	2	9
-1	698	5	6
-1	1168	4	4
-1	448	2	4
-1	947	8	7
-1	356	5	8
-1	793	5	2
-1	535	9	8
-1	954	9	1
-1	1294	5	3
-1	1334	4	6
-1	931	5	1
-1	659	5	2
-1	927	5	4
-1	648	2	4
-1	1347	4	7
-1	684	4	8
-1	1281	5	4
-1	1200	2	7
-1	482	8	4
-1	199	1	3
-1	1292	3	9
-1	678	1	9
-1	1140	8	2
-1	599	6	9
-1	858	7	3
-1	501	3	7
-1	615	6	6
-1	277	4	4
-1	316	2	2
-1	460	9	7
-1	199	3	4
-1	410	4	8
-1	217	4	7
-1	553	6	6
-1	713	6	3
-1	1297	3	2
-1	1134	2	1
-1	624	4	6
-1	847	1	6
DDW
601	651
934	992
1053	1237
330	350
337	395
1009	1051
609	659
884	1018
843	877
912	1114
825	841
949	1113
754	850
909	1045
1152	1274
448	486
287	293
596	714
415	477
510	530
1050	1184
712	742
1234	1392
854	872
1164	1236
376	416
710	724
1257	1309
1051	1209
568	640
250	266
615	723
408	452
431	487
196	234
1177	1355
476	486
699	713
1250	1438
850	884
1158	1280
1039	1195
221	249
205	241
950	1072
818	1000
357	419
726	818
741	853
1218	1458
195	199
711	785
324	396
1057	1267
370	378
1221	1271
918	1078
440	506
439	537
1278	1358
495	515
677	719
1156	1180
417	479
881	1013
345	367
769	817
482	588
878	1030
1178	1410
1281	1387
838	1024
639	679
881	973
596	700
1226	1468
643	725
1179	1383
1128	1272
468	496
183	215
1227	1357
644	712
1049	1231
569	629
789	927
461	541
578	652
260	294
291	341
419	501
191	207
406	414
206	228
498	608
692	734
1219	1375
1032	1236
618	630
813	881
