HFSDDW
50	50	10
0	64	1	18	2	3	3	53	4	88	5	96	6	58	7	76	8	71	9	17
0	58	1	27	2	54	3	54	4	48	5	70	6	99	7	32	8	62	9	78
0	89	1	56	2	53	3	73	4	27	5	6	6	2	7	67	8	62	9	90
0	72	1	21	2	88	3	3	4	46	5	98	6	12	7	14	8	27	9	33
0	69	1	28	2	56	3	48	4	51	5	83	6	36	7	42	8	20	9	4
0	2	1	70	2	17	3	9	4	83	5	8	6	64	7	30	8	27	9	82
0	95	1	90	2	14	3	80	4	44	5	38	6	39	7	52	8	8	9	50
0	59	1	86	2	6	3	30	4	10	5	62	6	99	7	6	8	22	9	44
0	70	1	59	2	48	3	59	4	89	5	3	6	4	7	80	8	20	9	39
0	35	1	82	2	86	3	44	4	38	5	79	6	14	7	76	8	4	9	14
0	44	1	83	2	34	3	70	4	44	5	16	6	65	7	86	8	99	9	21
0	8	1	58	2	8	3	83	4	13	5	36	6	42	7	55	8	91	9	42
0	35	1	58	2	32	3	69	4	16	5	77	6	99	7	61	8	92	9	30
0	49	1	24	2	3	3	8	4	99	5	86	6	26	7	77	8	15	9	73
0	38	1	17	2	81	3	98	4	31	5	76	6	74	7	4	8	32	9	2
0	37	1	59	2	84	3	62	4	78	5	86	6	51	7	64	8	55	9	67
0	16	1	4	2	94	3	69	4	72	5	83	6	56	7	99	8	83	9	26
0	11	1	64	2	40	3	18	4	4	5	18	6	77	7	34	8	39	9	39
0	4	1	96	2	29	3	91	4	92	5	90	6	40	7	41	8	30	9	14
0	35	1	61	2	23	3	48	4	58	5	34	6	23	7	12	8	26	9	47
0	20	1	74	2	21	3	7	4	90	5	72	6	19	7	67	8	58	9	61
0	10	1	18	2	26	3	16	4	64	5	19	6	75	7	4	8	77	9	82
0	44	1	16	2	70	3	70	4	90	5	50	6	42	7	92	8	59	9	70
0	95	1	65	2	9	3	91	4	20	5	29	6	76	7	23	8	1	9	20
0	71	1	73	2	82	3	68	4	4	5	18	6	35	7	7	8	83	9	39
0	59	1	19	2	35	3	43	4	4	5	4	6	4	7	50	8	16	9	41
0	31	1	27	2	8	3	87	4	65	5	44	6	10	7	34	8	96	9	35
0	43	1	53	2	4	3	57	4	12	5	71	6	33	7	3	8	66	9	73
0	15	1	35	2	9	3	20	4	12	5	76	6	30	7	65	8	88	9	16
0	26	1	26	2	7	3	59	4	89	5	44	6	66	7	95	8	3	9	60
0	9	1	2	2	11	3	48	4	96	5	6	6	16	7	78	8	32	9	33
0	71	1	2	2	84	3	43	4	27	5	95	6	19	7	87	8	75	9	89
0	14	1	44	2	46	3	80	4	10	5	18	6	47	7	44	8	68	9	67
0	6	1	38	2	99	3	7	4	65	5	14	6	25	7	60	8	24	9	6
0	61	1	52	2	33	3	56	4	45	5	24	6	42	7	63	8	33	9	93
0	26	1	78	2	20	3	14	4	46	5	64	6	56	7	30	8	39	9	78
0	59	1	71	2	11	3	64	4	27	5	33	6	3	7	77	8	78	9	13
0	71	1	58	2	63	3	70	4	29	5	62	6	11	7	89	8	36	9	85
0	76	1	83	2	12	3	74	4	42	5	27	6	18	7	85	8	61	9	1
0	58	1	94	2	22	3	46	4	47	5	89	6	42	7	69	8	29	9	12
0	22	1	64	2	85	3	20	4	22	5	67	6	16	7	50	8	85	9	83
0	53	1	66	2	94	3	54	4	3	5	75	6	60	7	36	8	23	9	1
0	15	1	17	2	17	3	77	4	55	5	77	6	37	7	18	8	23	9	39
0	21	1	42	2	60	3	24	4	63	5	12	6	98	7	92	8	53	9	74
0	12	1	68	2	99	3	77	4	48	5	91	6	99	7	68	8	43	9	71
0	30	1	7	2	47	3	29	4	97	5	5	6	48	7	8	8	64	9	45
0	31	1	97	2	27	3	46	4	63	5	11	6	6	7	71	8	90	9	91
0	77	1	68	2	82	3	48	4	88	5	47	6	18	7	40	8	30	9	64
0	77	1	69	2	74	3	51	4	10	5	14	6	95	7	32	8	27	9	58
0	64	1	91	2	28	3	9	4	44	5	14	6	41	7	53	8	14	9	37
LBCmax: 789
RELDUE
-1	596	9	6
-1	151	2	6
-1	532	2	2
-1	332	8	5
-1	669	3	1
-1	408	2	5
-1	107	9	6
-1	704	5	3
-1	233	8	8
-1	319	2	2
-1	612	7	1
-1	0	2	8
-1	536	6	2
-1	710	8	7
-1	454	6	7
-1	404	7	2
-1	106	4	2
-1	522	8	4
-1	211	5	6
-1	310	7	7
-1	47	6	5
-1	502	9	5
-1	270	3	4
-1	172	1	3
-1	136	3	5
-1	598	7	3
-1	237	1	2
-1	509	2	9
-1	0	5	3
-1	514	1	1
-1	0	3	2
-1	426	8	5
-1	125	4	1
-1	652	2	7
-1	543	8	1
-1	299	7	2
-1	646	2	5
-1	96	6	3
-1	366	1	7
-1	299	6	2
-1	634	2	5
-1	678	4	2
-1	652	9	5
-1	522	1	2
-1	481	1	9
-1	362	9	2
-1	25	6	7
-1	140	4	5
-1	242	6	4
-1	577	1	2
DDW
578	614
146	156
505	559
322	342
615	723
384	432
105	109
662	746
217	249
287	351
557	667
0	0
498	574
646	774
413	495
372	436
96	116
480	564
198	224
279	341
47	47
497	507
251	289
157	187
135	137
562	634
220	254
484	534
0	0
504	524
0	0
400	452
116	134
619	685
489	597
269	329
640	652
95	97
348	384
284	314
609	659
637	719
619	685
512	532
471	491
351	373
24	26
130	150
220	264
542	612
