HFSDDW
100	25	5
0	65	1	57	2	59	3	38	4	16
0	51	1	59	2	96	3	20	4	41
0	47	1	52	2	31	3	18	4	82
0	54	1	27	2	4	3	44	4	98
0	34	1	40	2	82	3	92	4	22
0	33	1	46	2	63	3	79	4	11
0	58	1	13	2	91	3	6	4	3
0	53	1	84	2	30	3	65	4	96
0	80	1	76	2	88	3	34	4	99
0	66	1	86	2	42	3	16	4	4
0	27	1	4	2	94	3	92	4	78
0	26	1	75	2	67	3	16	4	83
0	6	1	96	2	17	3	10	4	83
0	34	1	60	2	25	3	15	4	30
0	69	1	97	2	38	3	47	4	18
0	57	1	51	2	48	3	92	4	55
0	46	1	4	2	48	3	75	4	84
0	54	1	19	2	98	3	28	4	76
0	77	1	18	2	14	3	82	4	91
0	83	1	60	2	79	3	50	4	66
0	7	1	61	2	27	3	86	4	35
0	29	1	65	2	48	3	74	4	21
0	75	1	27	2	74	3	61	4	37
0	2	1	48	2	41	3	25	4	30
0	16	1	61	2	97	3	38	4	52
0	51	1	83	2	55	3	56	4	35
0	97	1	72	2	97	3	26	4	48
0	85	1	77	2	62	3	41	4	55
0	88	1	71	2	25	3	8	4	2
0	50	1	43	2	53	3	46	4	90
0	35	1	19	2	54	3	21	4	51
0	46	1	64	2	88	3	34	4	83
0	46	1	11	2	91	3	40	4	23
0	3	1	30	2	48	3	13	4	52
0	24	1	86	2	99	3	70	4	41
0	45	1	37	2	89	3	37	4	2
0	8	1	30	2	9	3	66	4	99
0	79	1	18	2	76	3	75	4	3
0	21	1	88	2	28	3	58	4	9
0	78	1	79	2	84	3	84	4	98
0	21	1	95	2	41	3	94	4	66
0	49	1	19	2	83	3	80	4	6
0	10	1	74	2	52	3	33	4	75
0	16	1	2	2	26	3	41	4	44
0	84	1	53	2	73	3	10	4	31
0	35	1	59	2	42	3	61	4	62
0	66	1	52	2	6	3	38	4	80
0	13	1	89	2	15	3	99	4	51
0	60	1	35	2	96	3	69	4	93
0	46	1	37	2	94	3	82	4	93
0	76	1	53	2	43	3	41	4	14
0	68	1	23	2	31	3	63	4	31
0	89	1	76	2	22	3	18	4	40
0	57	1	69	2	14	3	52	4	63
0	27	1	86	2	26	3	90	4	83
0	50	1	56	2	4	3	17	4	84
0	98	1	65	2	60	3	68	4	85
0	13	1	10	2	64	3	24	4	13
0	90	1	58	2	51	3	69	4	61
0	84	1	13	2	78	3	29	4	37
0	77	1	23	2	42	3	20	4	66
0	90	1	27	2	52	3	57	4	64
0	12	1	19	2	15	3	78	4	33
0	25	1	17	2	53	3	32	4	28
0	47	1	5	2	90	3	40	4	72
0	69	1	36	2	57	3	29	4	99
0	38	1	78	2	74	3	80	4	8
0	75	1	23	2	41	3	3	4	95
0	85	1	57	2	7	3	60	4	2
0	71	1	43	2	72	3	36	4	37
0	68	1	59	2	46	3	2	4	89
0	72	1	33	2	3	3	47	4	97
0	55	1	69	2	24	3	58	4	26
0	34	1	45	2	35	3	71	4	57
0	3	1	75	2	51	3	37	4	42
0	90	1	97	2	31	3	39	4	2
0	26	1	63	2	21	3	92	4	32
0	79	1	32	2	73	3	90	4	35
0	43	1	20	2	94	3	6	4	41
0	17	1	34	2	49	3	34	4	67
0	27	1	9	2	2	3	79	4	35
0	92	1	8	2	10	3	60	4	99
0	74	1	3	2	64	3	45	4	71
0	91	1	49	2	31	3	27	4	47
0	2	1	72	2	44	3	37	4	15
0	82	1	81	2	46	3	95	4	26
0	56	1	49	2	96	3	71	4	74
0	18	1	61	2	42	3	58	4	40
0	71	1	22	2	13	3	91	4	60
0	41	1	56	2	49	3	34	4	49
0	68	1	4	2	22	3	87	4	66
0	55	1	64	2	65	3	64	4	52
0	11	1	62	2	15	3	35	4	43
0	25	1	6	2	93	3	71	4	54
0	30	1	7	2	73	3	87	4	76
0	80	1	59	2	53	3	76	4	74
0	27	1	33	2	13	3	46	4	58
0	53	1	28	2	10	3	6	4	20
0	54	1	96	2	78	3	6	4	29
0	9	1	8	2	78	3	48	4	35
LBCmax: 1127
RELDUE
-1	574	4	6
-1	761	4	2
-1	865	3	4
-1	876	9	2
-1	466	9	4
-1	753	4	1
-1	540	9	2
-1	571	6	9
-1	413	7	7
-1	919	4	8
-1	987	4	6
-1	412	4	5
-1	936	7	9
-1	949	6	9
-1	507	2	1
-1	864	8	5
-1	674	6	2
-1	799	2	6
-1	856	1	6
-1	949	8	6
-1	997	4	6
-1	990	6	7
-1	932	6	8
-1	684	3	3
-1	339	8	7
-1	563	8	5
-1	530	2	3
-1	794	7	7
-1	732	2	8
-1	791	5	3
-1	829	8	9
-1	881	1	8
-1	370	5	9
-1	615	4	8
-1	601	1	9
-1	774	8	1
-1	708	9	7
-1	560	5	8
-1	522	1	7
-1	990	9	8
-1	494	6	3
-1	969	2	5
-1	1001	2	4
-1	469	3	4
-1	498	5	4
-1	627	5	2
-1	395	2	5
-1	930	8	4
-1	884	5	7
-1	685	3	6
-1	739	4	5
-1	603	3	8
-1	351	8	7
-1	728	6	5
-1	593	8	9
-1	599	7	4
-1	843	9	6
-1	519	7	5
-1	874	8	6
-1	917	6	1
-1	560	7	1
-1	760	3	6
-1	853	5	7
-1	637	9	5
-1	427	8	1
-1	443	3	3
-1	379	5	3
-1	659	5	2
-1	686	9	4
-1	747	6	5
-1	493	8	8
-1	451	5	6
-1	615	7	1
-1	880	3	5
-1	793	8	4
-1	366	5	9
-1	1003	1	2
-1	801	9	3
-1	523	2	7
-1	727	4	2
-1	506	8	2
-1	614	6	7
-1	925	6	5
-1	385	9	7
-1	389	2	5
-1	564	5	5
-1	868	1	2
-1	657	3	8
-1	360	5	7
-1	340	8	5
-1	945	4	4
-1	527	6	5
-1	700	5	4
-1	620	2	4
-1	768	3	2
-1	748	1	3
-1	453	9	4
-1	702	6	7
-1	379	2	8
-1	392	9	3
DDW
557	591
670	852
787	943
815	937
377	555
738	768
437	643
463	679
335	491
901	937
829	1145
375	449
768	1104
778	1120
431	583
778	950
607	741
775	823
822	890
902	996
937	1057
871	1109
857	1007
547	821
305	373
535	591
477	583
699	889
644	820
696	886
713	945
749	1013
314	426
529	701
559	643
642	906
566	850
515	605
459	585
891	1089
445	543
921	1017
911	1091
446	492
458	538
552	702
363	427
911	949
760	1008
664	706
702	776
591	615
305	397
612	844
474	712
533	665
801	885
472	566
725	1023
789	1045
493	627
707	813
785	921
586	688
389	465
434	452
322	436
633	685
604	768
605	889
439	547
437	465
541	689
748	1012
674	912
362	370
963	1043
777	825
460	586
589	865
420	592
565	663
758	1092
350	420
362	416
496	632
851	885
526	788
306	414
286	394
822	1068
469	585
623	777
508	732
630	906
726	770
371	535
688	716
315	443
365	419
