HFSDDW
50	15	5
0	80	1	96	2	34	3	83	4	12
0	89	1	2	2	23	3	31	4	83
0	62	1	18	2	81	3	95	4	75
0	2	1	62	2	14	3	20	4	40
0	25	1	91	2	58	3	93	4	3
0	34	1	78	2	35	3	57	4	31
0	70	1	57	2	47	3	43	4	89
0	51	1	26	2	64	3	89	4	79
0	42	1	97	2	28	3	39	4	77
0	78	1	20	2	52	3	90	4	46
0	13	1	98	2	34	3	54	4	28
0	89	1	38	2	40	3	81	4	77
0	11	1	66	2	65	3	99	4	13
0	5	1	71	2	39	3	7	4	24
0	76	1	97	2	24	3	40	4	98
0	28	1	64	2	20	3	17	4	24
0	15	1	27	2	45	3	12	4	19
0	72	1	24	2	93	3	16	4	1
0	14	1	85	2	82	3	13	4	69
0	76	1	32	2	29	3	26	4	73
0	8	1	81	2	45	3	66	4	69
0	16	1	74	2	93	3	56	4	1
0	25	1	19	2	24	3	58	4	62
0	84	1	21	2	54	3	80	4	41
0	80	1	78	2	23	3	7	4	11
0	91	1	15	2	12	3	71	4	23
0	95	1	35	2	93	3	44	4	16
0	33	1	81	2	79	3	42	4	3
0	97	1	30	2	37	3	15	4	75
0	94	1	61	2	25	3	50	4	84
0	55	1	77	2	48	3	85	4	92
0	30	1	58	2	39	3	55	4	78
0	2	1	63	2	23	3	34	4	5
0	90	1	26	2	79	3	42	4	29
0	3	1	42	2	12	3	78	4	43
0	50	1	41	2	9	3	32	4	16
0	30	1	90	2	61	3	86	4	67
0	19	1	87	2	9	3	52	4	86
0	75	1	43	2	24	3	64	4	2
0	35	1	8	2	4	3	11	4	85
0	69	1	82	2	82	3	22	4	82
0	14	1	65	2	70	3	42	4	42
0	89	1	50	2	7	3	39	4	49
0	12	1	2	2	37	3	66	4	85
0	3	1	17	2	28	3	56	4	54
0	59	1	19	2	48	3	77	4	9
0	43	1	37	2	97	3	47	4	47
0	48	1	8	2	40	3	4	4	54
0	53	1	18	2	66	3	10	4	97
0	26	1	36	2	84	3	15	4	90
LBCmax: 905
RELDUE
-1	511	7	7
-1	580	9	2
-1	519	8	7
-1	497	4	3
-1	601	9	9
-1	547	1	4
-1	550	7	4
-1	501	1	6
-1	574	8	1
-1	494	6	3
-1	624	5	8
-1	483	9	9
-1	621	1	3
-1	512	9	5
-1	633	5	9
-1	546	6	2
-1	547	1	2
-1	562	5	5
-1	620	4	2
-1	454	9	1
-1	458	4	7
-1	565	8	7
-1	511	9	6
-1	474	2	3
-1	511	8	9
-1	606	5	2
-1	544	7	8
-1	485	9	9
-1	557	8	9
-1	503	1	6
-1	493	8	8
-1	514	7	9
-1	512	4	8
-1	609	3	6
-1	589	8	5
-1	583	2	6
-1	633	1	5
-1	584	9	7
-1	568	9	3
-1	623	1	5
-1	622	2	6
-1	598	7	5
-1	583	4	4
-1	598	4	3
-1	559	2	6
-1	517	7	5
-1	496	2	4
-1	512	3	5
-1	469	1	8
-1	534	3	1
DDW
475	547
510	650
467	571
467	527
499	703
449	645
534	566
476	526
471	677
474	514
505	743
430	536
509	733
451	573
563	703
519	573
531	563
540	584
552	688
368	540
417	499
559	571
470	552
450	498
424	598
521	691
484	604
417	553
524	590
458	548
419	567
499	529
410	614
487	731
565	613
513	653
620	646
531	637
483	653
548	698
578	666
574	622
536	630
592	604
481	637
496	538
432	560
451	573
385	553
529	539
