HFSDDW
50	15	5
0	80	1	48	2	5	3	27	4	72
0	78	1	49	2	88	3	16	4	10
0	66	1	33	2	17	3	9	4	28
0	47	1	2	2	8	3	67	4	61
0	76	1	81	2	11	3	26	4	61
0	86	1	66	2	15	3	11	4	35
0	24	1	91	2	25	3	54	4	65
0	94	1	93	2	97	3	5	4	4
0	79	1	1	2	60	3	37	4	81
0	29	1	69	2	78	3	99	4	8
0	17	1	6	2	29	3	35	4	8
0	98	1	37	2	78	3	65	4	86
0	13	1	34	2	78	3	81	4	86
0	75	1	9	2	63	3	44	4	34
0	54	1	4	2	4	3	63	4	82
0	76	1	22	2	73	3	45	4	33
0	17	1	87	2	15	3	3	4	18
0	18	1	62	2	90	3	46	4	66
0	57	1	16	2	32	3	19	4	91
0	46	1	22	2	78	3	51	4	6
0	21	1	7	2	34	3	66	4	54
0	14	1	3	2	65	3	52	4	32
0	77	1	63	2	34	3	33	4	69
0	25	1	19	2	76	3	64	4	68
0	14	1	18	2	17	3	78	4	77
0	39	1	71	2	85	3	72	4	37
0	54	1	43	2	23	3	39	4	13
0	11	1	54	2	49	3	48	4	5
0	16	1	96	2	38	3	15	4	88
0	93	1	81	2	99	3	49	4	66
0	27	1	46	2	15	3	83	4	92
0	3	1	89	2	56	3	89	4	16
0	42	1	18	2	92	3	16	4	78
0	35	1	41	2	95	3	20	4	58
0	71	1	69	2	28	3	60	4	52
0	17	1	80	2	3	3	89	4	83
0	57	1	72	2	36	3	7	4	10
0	8	1	29	2	39	3	46	4	11
0	21	1	97	2	60	3	33	4	63
0	98	1	5	2	22	3	36	4	54
0	53	1	86	2	79	3	91	4	94
0	57	1	19	2	55	3	32	4	76
0	23	1	87	2	66	3	6	4	58
0	69	1	81	2	86	3	7	4	71
0	6	1	3	2	49	3	10	4	37
0	73	1	10	2	94	3	96	4	53
0	12	1	58	2	66	3	36	4	31
0	70	1	93	2	44	3	12	4	52
0	88	1	74	2	7	3	69	4	87
0	34	1	32	2	54	3	74	4	94
LBCmax: 979
RELDUE
-1	393	2	1
-1	400	8	8
-1	385	2	8
-1	677	4	6
-1	579	8	2
-1	590	5	6
-1	511	5	5
-1	700	8	9
-1	612	1	5
-1	418	4	7
-1	573	2	2
-1	440	4	9
-1	634	5	5
-1	753	5	8
-1	672	5	2
-1	673	2	6
-1	416	7	9
-1	475	9	4
-1	737	7	3
-1	809	8	6
-1	737	5	8
-1	514	2	7
-1	731	3	7
-1	611	7	4
-1	781	2	2
-1	478	6	6
-1	854	8	4
-1	763	1	9
-1	424	6	8
-1	312	3	7
-1	541	3	6
-1	619	2	6
-1	408	1	8
-1	309	8	5
-1	508	6	4
-1	846	2	7
-1	543	7	8
-1	300	2	4
-1	804	1	7
-1	764	7	7
-1	492	7	1
-1	437	7	4
-1	823	6	5
-1	826	8	4
-1	322	9	9
-1	664	8	9
-1	389	9	2
-1	463	3	9
-1	323	7	6
-1	430	7	4
DDW
354	432
388	412
354	416
623	731
521	637
537	643
465	557
693	707
600	624
393	443
516	630
400	480
621	647
708	798
605	739
653	693
379	453
437	513
730	744
769	849
730	744
488	540
694	768
568	654
734	828
464	492
786	922
717	809
399	449
303	321
498	584
588	650
404	412
297	321
462	554
804	888
521	565
270	330
772	836
703	825
458	526
402	472
798	848
793	859
319	325
657	671
354	424
440	486
313	333
426	434
