HFSDDW
50	25	5
0	57	1	36	2	33	3	95	4	20
0	40	1	50	2	33	3	16	4	36
0	96	1	24	2	78	3	20	4	83
0	41	1	65	2	51	3	34	4	65
0	15	1	62	2	76	3	39	4	44
0	14	1	49	2	15	3	23	4	5
0	14	1	68	2	41	3	83	4	23
0	19	1	29	2	6	3	56	4	98
0	49	1	54	2	35	3	15	4	71
0	77	1	52	2	91	3	39	4	72
0	24	1	64	2	42	3	18	4	6
0	94	1	59	2	93	3	51	4	6
0	90	1	35	2	11	3	12	4	23
0	28	1	82	2	94	3	97	4	64
0	13	1	59	2	95	3	36	4	17
0	61	1	27	2	62	3	67	4	66
0	62	1	58	2	75	3	51	4	81
0	49	1	26	2	24	3	77	4	28
0	60	1	35	2	55	3	50	4	8
0	14	1	44	2	24	3	92	4	44
0	95	1	58	2	94	3	74	4	59
0	65	1	69	2	7	3	2	4	45
0	68	1	97	2	27	3	84	4	44
0	33	1	60	2	59	3	30	4	73
0	2	1	59	2	17	3	69	4	5
0	77	1	4	2	45	3	28	4	3
0	18	1	4	2	69	3	23	4	71
0	4	1	63	2	2	3	91	4	17
0	80	1	19	2	23	3	32	4	60
0	62	1	8	2	70	3	7	4	74
0	54	1	84	2	94	3	20	4	42
0	37	1	41	2	25	3	69	4	81
0	61	1	24	2	78	3	98	4	28
0	65	1	28	2	4	3	14	4	40
0	70	1	59	2	68	3	14	4	92
0	82	1	36	2	85	3	9	4	43
0	69	1	34	2	39	3	54	4	48
0	33	1	10	2	50	3	81	4	35
0	63	1	38	2	32	3	10	4	56
0	57	1	41	2	24	3	5	4	95
0	34	1	5	2	57	3	66	4	5
0	95	1	16	2	80	3	27	4	59
0	1	1	56	2	17	3	27	4	12
0	27	1	84	2	25	3	51	4	94
0	56	1	77	2	23	3	78	4	77
0	32	1	27	2	58	3	57	4	36
0	42	1	12	2	81	3	14	4	10
0	65	1	76	2	73	3	50	4	53
0	18	1	29	2	24	3	22	4	34
0	8	1	22	2	6	3	97	4	29
LBCmax: 573
RELDUE
-1	305	3	2
-1	112	8	5
-1	310	8	6
-1	89	4	7
-1	194	3	2
-1	251	1	8
-1	338	4	2
-1	328	6	5
-1	363	9	9
-1	307	3	9
-1	291	5	1
-1	254	3	6
-1	137	6	5
-1	369	3	9
-1	117	2	2
-1	363	3	2
-1	315	9	9
-1	66	4	9
-1	116	4	1
-1	218	5	1
-1	232	8	6
-1	97	4	6
-1	314	5	1
-1	394	6	6
-1	323	2	4
-1	150	6	1
-1	242	1	2
-1	60	9	3
-1	210	9	3
-1	298	8	3
-1	90	3	4
-1	132	6	2
-1	266	9	8
-1	155	8	4
-1	278	8	7
-1	145	2	8
-1	189	5	3
-1	303	1	8
-1	310	6	7
-1	239	2	6
-1	345	9	6
-1	393	8	7
-1	347	5	2
-1	323	2	8
-1	350	1	1
-1	265	1	1
-1	74	2	3
-1	171	7	4
-1	70	9	3
-1	213	7	7
DDW
299	311
109	115
282	338
85	93
188	200
231	271
314	362
298	358
359	367
304	310
271	311
246	262
136	138
358	380
112	122
338	388
293	337
60	72
108	124
201	235
216	248
87	107
301	327
362	426
297	349
148	152
225	259
59	61
197	223
277	319
82	98
127	137
239	293
147	163
264	292
135	155
174	204
288	318
294	326
220	258
328	362
381	405
316	378
291	355
332	368
241	289
73	75
154	188
63	77
211	215
