HFSDDW
50	15	5
0	94	1	7	2	64	3	56	4	29
0	17	1	26	2	81	3	9	4	18
0	99	1	39	2	88	3	23	4	55
0	73	1	58	2	41	3	46	4	66
0	55	1	43	2	27	3	79	4	27
0	51	1	24	2	88	3	37	4	19
0	91	1	58	2	99	3	94	4	79
0	82	1	83	2	98	3	41	4	79
0	57	1	32	2	81	3	24	4	40
0	97	1	62	2	59	3	98	4	47
0	1	1	24	2	31	3	28	4	64
0	51	1	80	2	85	3	30	4	77
0	93	1	37	2	44	3	90	4	27
0	41	1	40	2	94	3	44	4	72
0	89	1	60	2	99	3	66	4	9
0	23	1	62	2	3	3	39	4	30
0	88	1	64	2	89	3	90	4	19
0	67	1	28	2	72	3	31	4	28
0	3	1	98	2	68	3	63	4	86
0	21	1	88	2	91	3	97	4	98
0	57	1	68	2	16	3	26	4	57
0	40	1	24	2	64	3	19	4	41
0	89	1	77	2	46	3	1	4	89
0	29	1	47	2	54	3	71	4	59
0	14	1	68	2	64	3	16	4	70
0	91	1	91	2	37	3	80	4	88
0	35	1	71	2	6	3	41	4	72
0	21	1	48	2	64	3	33	4	78
0	44	1	64	2	53	3	89	4	39
0	25	1	52	2	68	3	74	4	57
0	73	1	34	2	20	3	38	4	85
0	89	1	5	2	99	3	56	4	66
0	49	1	86	2	83	3	30	4	7
0	18	1	72	2	6	3	28	4	68
0	80	1	83	2	21	3	93	4	16
0	50	1	15	2	74	3	77	4	45
0	39	1	24	2	63	3	24	4	16
0	2	1	52	2	68	3	56	4	82
0	16	1	49	2	8	3	66	4	30
0	58	1	80	2	24	3	83	4	21
0	53	1	47	2	40	3	6	4	76
0	89	1	13	2	26	3	23	4	36
0	75	1	30	2	22	3	11	4	27
0	25	1	24	2	59	3	14	4	5
0	66	1	5	2	49	3	46	4	53
0	32	1	76	2	54	3	64	4	58
0	69	1	90	2	91	3	57	4	92
0	92	1	83	2	57	3	48	4	27
0	88	1	26	2	45	3	21	4	8
0	85	1	27	2	96	3	40	4	5
LBCmax: 1032
RELDUE
-1	521	5	6
-1	442	8	1
-1	373	6	7
-1	795	1	3
-1	648	6	2
-1	610	9	7
-1	915	6	8
-1	896	4	4
-1	636	4	1
-1	584	4	2
-1	391	1	3
-1	672	6	7
-1	695	4	5
-1	711	6	1
-1	723	7	8
-1	836	7	8
-1	553	7	2
-1	712	2	4
-1	424	1	1
-1	525	9	5
-1	567	4	6
-1	719	5	8
-1	382	5	3
-1	847	3	2
-1	414	6	8
-1	557	8	6
-1	676	4	4
-1	488	2	2
-1	546	9	1
-1	724	6	1
-1	342	1	1
-1	799	5	7
-1	403	4	1
-1	676	9	4
-1	455	6	9
-1	604	4	3
-1	807	1	8
-1	389	8	5
-1	326	7	7
-1	582	2	2
-1	896	2	4
-1	861	4	9
-1	340	1	2
-1	330	4	4
-1	396	9	1
-1	494	4	9
-1	705	5	8
-1	809	5	4
-1	643	1	7
-1	449	5	4
DDW
500	542
398	486
351	395
739	851
616	680
573	647
860	970
842	950
598	674
543	625
371	411
652	692
632	758
675	747
658	788
777	895
520	586
669	755
390	458
509	541
522	612
676	762
363	401
788	906
389	439
535	579
615	737
473	503
524	568
688	760
325	359
719	879
391	415
622	730
414	496
586	622
734	880
358	420
310	342
553	611
833	959
784	938
309	371
320	340
372	420
484	504
691	719
728	890
579	707
409	489
