HFSDDW
100	50	10
0	35	1	93	2	91	3	48	4	45	5	14	6	70	7	41	8	99	9	99
0	77	1	83	2	25	3	70	4	28	5	56	6	55	7	12	8	69	9	54
0	66	1	98	2	34	3	26	4	30	5	61	6	97	7	69	8	52	9	61
0	15	1	89	2	88	3	33	4	22	5	64	6	45	7	8	8	43	9	40
0	71	1	47	2	84	3	8	4	60	5	87	6	42	7	45	8	30	9	2
0	92	1	7	2	84	3	21	4	41	5	37	6	59	7	66	8	19	9	83
0	16	1	2	2	88	3	38	4	85	5	87	6	94	7	91	8	49	9	63
0	12	1	47	2	68	3	29	4	82	5	20	6	14	7	26	8	66	9	42
0	19	1	52	2	40	3	51	4	69	5	8	6	6	7	67	8	91	9	85
0	5	1	79	2	89	3	59	4	25	5	70	6	59	7	46	8	23	9	72
0	92	1	51	2	96	3	66	4	90	5	45	6	39	7	55	8	39	9	22
0	23	1	33	2	99	3	76	4	64	5	63	6	61	7	37	8	69	9	77
0	82	1	27	2	99	3	64	4	59	5	32	6	58	7	9	8	5	9	13
0	60	1	67	2	4	3	93	4	50	5	68	6	56	7	74	8	60	9	24
0	69	1	50	2	29	3	70	4	62	5	71	6	79	7	13	8	94	9	61
0	10	1	22	2	77	3	45	4	90	5	65	6	51	7	33	8	7	9	59
0	87	1	30	2	51	3	26	4	61	5	55	6	30	7	6	8	26	9	96
0	8	1	86	2	77	3	46	4	9	5	33	6	98	7	30	8	2	9	88
0	53	1	45	2	14	3	44	4	4	5	39	6	90	7	59	8	4	9	84
0	18	1	24	2	68	3	2	4	37	5	40	6	98	7	4	8	10	9	8
0	42	1	73	2	86	3	98	4	54	5	23	6	45	7	32	8	37	9	58
0	67	1	21	2	31	3	19	4	6	5	42	6	16	7	8	8	23	9	22
0	65	1	70	2	2	3	42	4	78	5	84	6	19	7	76	8	9	9	68
0	34	1	95	2	20	3	94	4	46	5	79	6	59	7	16	8	90	9	80
0	94	1	59	2	23	3	46	4	18	5	96	6	92	7	49	8	95	9	95
0	24	1	91	2	80	3	87	4	42	5	71	6	71	7	45	8	20	9	69
0	5	1	69	2	23	3	68	4	24	5	71	6	2	7	36	8	72	9	27
0	82	1	1	2	18	3	42	4	28	5	7	6	48	7	56	8	24	9	82
0	91	1	70	2	80	3	14	4	45	5	42	6	15	7	33	8	52	9	74
0	8	1	14	2	95	3	21	4	76	5	26	6	36	7	54	8	22	9	46
0	95	1	56	2	76	3	69	4	13	5	24	6	74	7	39	8	60	9	36
0	24	1	16	2	22	3	38	4	78	5	34	6	88	7	10	8	24	9	82
0	57	1	69	2	84	3	97	4	19	5	69	6	5	7	97	8	65	9	3
0	70	1	93	2	34	3	77	4	86	5	35	6	93	7	12	8	1	9	22
0	68	1	75	2	73	3	16	4	51	5	92	6	92	7	57	8	42	9	42
0	37	1	26	2	31	3	40	4	89	5	27	6	72	7	79	8	50	9	44
0	19	1	77	2	74	3	57	4	66	5	30	6	82	7	44	8	52	9	43
0	41	1	77	2	9	3	3	4	15	5	82	6	96	7	68	8	47	9	27
0	77	1	47	2	55	3	23	4	65	5	45	6	63	7	93	8	88	9	60
0	63	1	15	2	61	3	57	4	3	5	90	6	1	7	16	8	50	9	21
0	10	1	48	2	6	3	98	4	2	5	60	6	17	7	29	8	26	9	8
0	31	1	4	2	32	3	23	4	67	5	71	6	23	7	52	8	92	9	21
0	67	1	88	2	56	3	91	4	80	5	27	6	16	7	52	8	99	9	24
0	81	1	80	2	19	3	26	4	17	5	29	6	42	7	56	8	22	9	6
0	28	1	34	2	67	3	81	4	30	5	59	6	82	7	38	8	90	9	31
0	68	1	49	2	24	3	29	4	53	5	21	6	92	7	15	8	19	9	74
0	44	1	65	2	30	3	3	4	26	5	50	6	85	7	7	8	7	9	38
0	30	1	66	2	31	3	86	4	93	5	33	6	21	7	74	8	62	9	21
0	45	1	77	2	61	3	68	4	55	5	32	6	57	7	89	8	72	9	95
0	37	1	27	2	38	3	47	4	62	5	62	6	5	7	65	8	55	9	79
0	74	1	75	2	32	3	52	4	2	5	3	6	18	7	37	8	35	9	21
0	1	1	18	2	52	3	97	4	29	5	66	6	4	7	61	8	47	9	93
0	92	1	95	2	34	3	11	4	1	5	3	6	29	7	83	8	25	9	32
0	29	1	56	2	20	3	82	4	46	5	69	6	46	7	9	8	67	9	53
0	15	1	20	2	55	3	52	4	95	5	20	6	75	7	40	8	18	9	95
0	58	1	44	2	18	3	61	4	86	5	79	6	42	7	22	8	51	9	98
0	74	1	34	2	13	3	4	4	91	5	44	6	97	7	70	8	52	9	60
0	21	1	94	2	94	3	94	4	79	5	72	6	41	7	82	8	15	9	81
0	28	1	88	2	66	3	30	4	73	5	84	6	38	7	58	8	95	9	67
0	28	1	24	2	58	3	68	4	78	5	80	6	8	7	51	8	60	9	51
0	22	1	6	2	87	3	58	4	74	5	63	6	50	7	24	8	82	9	15
0	38	1	60	2	8	3	70	4	71	5	85	6	68	7	83	8	30	9	7
0	7	1	40	2	74	3	85	4	33	5	96	6	37	7	26	8	16	9	99
0	65	1	89	2	22	3	63	4	60	5	23	6	2	7	8	8	55	9	11
0	35	1	15	2	76	3	81	4	29	5	68	6	17	7	87	8	97	9	93
0	12	1	25	2	22	3	53	4	45	5	82	6	31	7	3	8	26	9	78
0	26	1	24	2	8	3	82	4	49	5	49	6	38	7	44	8	11	9	48
0	84	1	60	2	28	3	19	4	72	5	91	6	63	7	92	8	56	9	65
0	80	1	50	2	28	3	23	4	87	5	40	6	68	7	68	8	18	9	77
0	91	1	98	2	82	3	77	4	84	5	12	6	8	7	93	8	33	9	80
0	30	1	73	2	77	3	50	4	10	5	52	6	96	7	3	8	81	9	53
0	19	1	39	2	47	3	61	4	97	5	76	6	95	7	85	8	95	9	9
0	80	1	70	2	26	3	33	4	56	5	85	6	77	7	51	8	35	9	60
0	84	1	69	2	60	3	76	4	35	5	8	6	72	7	78	8	13	9	36
0	44	1	66	2	87	3	64	4	59	5	53	6	51	7	22	8	79	9	9
0	16	1	22	2	98	3	24	4	99	5	60	6	47	7	44	8	93	9	24
0	74	1	45	2	68	3	21	4	69	5	49	6	78	7	71	8	26	9	90
0	4	1	17	2	72	3	60	4	65	5	15	6	82	7	61	8	74	9	4
0	34	1	56	2	72	3	26	4	44	5	63	6	71	7	37	8	76	9	75
0	60	1	29	2	85	3	89	4	61	5	98	6	97	7	66	8	95	9	10
0	75	1	80	2	96	3	88	4	6	5	99	6	50	7	38	8	58	9	85
0	77	1	85	2	70	3	89	4	89	5	19	6	73	7	43	8	76	9	7
0	78	1	42	2	94	3	50	4	30	5	75	6	31	7	83	8	98	9	67
0	17	1	17	2	66	3	65	4	29	5	54	6	59	7	84	8	20	9	45
0	14	1	33	2	78	3	91	4	98	5	75	6	58	7	95	8	99	9	43
0	26	1	55	2	89	3	89	4	31	5	33	6	86	7	46	8	58	9	31
0	68	1	66	2	40	3	91	4	68	5	60	6	20	7	6	8	61	9	36
0	59	1	88	2	23	3	32	4	92	5	45	6	63	7	4	8	52	9	55
0	17	1	35	2	84	3	56	4	41	5	62	6	28	7	76	8	34	9	95
0	67	1	13	2	26	3	89	4	77	5	47	6	93	7	87	8	24	9	38
0	56	1	53	2	35	3	64	4	83	5	37	6	33	7	58	8	96	9	86
0	70	1	82	2	94	3	4	4	14	5	33	6	82	7	84	8	50	9	7
0	33	1	43	2	71	3	66	4	68	5	46	6	63	7	33	8	54	9	46
0	52	1	76	2	80	3	14	4	99	5	64	6	1	7	21	8	72	9	5
0	29	1	70	2	79	3	47	4	25	5	84	6	19	7	23	8	76	9	44
0	65	1	10	2	37	3	17	4	6	5	13	6	81	7	69	8	95	9	37
0	73	1	1	2	4	3	51	4	35	5	94	6	3	7	80	8	4	9	50
0	33	1	62	2	12	3	46	4	77	5	62	6	64	7	24	8	41	9	83
0	28	1	40	2	56	3	10	4	80	5	43	6	39	7	63	8	8	9	86
0	82	1	31	2	25	3	36	4	31	5	28	6	66	7	29	8	13	9	31
LBCmax: 1331
RELDUE
-1	1151	8	8
-1	1033	1	1
-1	982	8	7
-1	1003	7	6
-1	963	7	7
-1	940	3	6
-1	1193	3	2
-1	1174	2	4
-1	1037	7	6
-1	1047	3	3
-1	1061	4	6
-1	1085	8	5
-1	1007	9	9
-1	964	5	1
-1	957	8	3
-1	1020	4	8
-1	1051	9	5
-1	1181	6	2
-1	1119	2	5
-1	1177	3	9
-1	1079	5	2
-1	1037	2	7
-1	1126	3	7
-1	977	9	5
-1	1111	7	7
-1	935	5	2
-1	1030	1	9
-1	1134	8	3
-1	973	1	5
-1	1064	1	9
-1	1188	2	7
-1	1026	8	5
-1	962	4	4
-1	959	6	7
-1	935	5	9
-1	1170	2	3
-1	989	3	3
-1	1009	8	3
-1	1193	4	2
-1	1138	2	3
-1	1051	9	9
-1	1061	4	2
-1	995	7	2
-1	1104	7	9
-1	1033	6	4
-1	998	2	7
-1	939	4	4
-1	966	7	7
-1	1000	3	7
-1	1191	3	8
-1	1154	1	3
-1	1126	9	7
-1	1087	5	3
-1	987	9	8
-1	1132	2	6
-1	1045	8	8
-1	1106	3	8
-1	936	9	3
-1	1090	4	7
-1	960	7	2
-1	1109	7	7
-1	990	1	2
-1	1133	8	5
-1	1171	9	8
-1	1058	5	1
-1	967	9	7
-1	1055	8	3
-1	980	3	6
-1	960	9	6
-1	986	6	5
-1	963	3	8
-1	973	8	1
-1	1187	6	3
-1	1179	4	6
-1	1058	4	5
-1	950	4	6
-1	974	9	2
-1	954	2	3
-1	1143	3	8
-1	1045	9	1
-1	1194	3	1
-1	996	4	2
-1	1065	6	2
-1	980	1	9
-1	1109	5	4
-1	993	4	7
-1	1137	1	3
-1	1173	9	8
-1	1025	8	9
-1	1088	5	6
-1	996	1	4
-1	985	5	9
-1	1117	6	4
-1	1164	8	7
-1	961	2	9
-1	992	4	1
-1	1127	7	6
-1	1022	2	3
-1	978	5	7
-1	997	4	5
DDW
1082	1220
930	1136
972	992
993	1013
924	1002
818	1062
1062	1324
1010	1338
975	1099
984	1110
955	1167
1020	1150
937	1077
897	1031
775	1139
816	1224
925	1177
1087	1275
985	1253
1106	1248
1003	1155
964	1110
946	1306
860	1094
889	1333
879	991
999	1061
1032	1236
954	992
915	1213
1093	1283
985	1067
837	1087
930	988
870	1000
1018	1322
920	1058
918	1100
990	1396
922	1354
862	1240
1029	1093
905	1085
905	1303
930	1136
978	1018
789	1089
889	1043
850	1150
1131	1251
992	1316
1103	1149
1054	1120
957	1017
1098	1166
846	1244
951	1261
842	1030
1068	1112
787	1133
987	1231
960	1020
986	1280
1019	1323
857	1259
909	1025
907	1203
931	1029
768	1152
917	1055
838	1088
944	1002
1045	1329
1026	1332
973	1143
902	998
789	1159
773	1135
1120	1166
857	1233
1075	1313
847	1145
905	1225
813	1147
887	1331
933	1053
1114	1160
1044	1302
820	1230
1001	1175
807	1185
818	1152
1028	1206
943	1385
884	1038
833	1151
1003	1251
848	1196
782	1174
947	1047
