HFSDDW
50	25	5
0	8	1	3	2	3	3	17	4	11
0	63	1	17	2	67	3	68	4	51
0	54	1	46	2	49	3	37	4	52
0	83	1	25	2	95	3	86	4	43
0	20	1	88	2	6	3	21	4	91
0	86	1	6	2	88	3	28	4	24
0	8	1	33	2	18	3	20	4	95
0	40	1	81	2	80	3	88	4	84
0	61	1	75	2	41	3	53	4	22
0	2	1	36	2	58	3	55	4	50
0	43	1	79	2	68	3	96	4	43
0	19	1	97	2	82	3	25	4	24
0	58	1	29	2	39	3	44	4	44
0	21	1	29	2	30	3	41	4	12
0	3	1	44	2	7	3	2	4	82
0	44	1	47	2	53	3	99	4	89
0	51	1	47	2	33	3	78	4	81
0	28	1	65	2	22	3	76	4	77
0	43	1	99	2	56	3	65	4	26
0	32	1	37	2	96	3	9	4	1
0	73	1	6	2	17	3	43	4	47
0	98	1	73	2	66	3	15	4	98
0	72	1	45	2	83	3	36	4	72
0	11	1	95	2	60	3	63	4	16
0	56	1	8	2	53	3	64	4	69
0	4	1	88	2	41	3	76	4	50
0	8	1	51	2	44	3	99	4	16
0	45	1	30	2	90	3	31	4	82
0	55	1	99	2	7	3	78	4	6
0	98	1	17	2	21	3	92	4	15
0	37	1	77	2	33	3	93	4	44
0	66	1	53	2	53	3	73	4	44
0	10	1	32	2	90	3	65	4	91
0	21	1	2	2	84	3	20	4	27
0	81	1	6	2	29	3	81	4	60
0	56	1	1	2	75	3	59	4	71
0	87	1	68	2	49	3	61	4	13
0	30	1	18	2	50	3	55	4	49
0	92	1	77	2	17	3	87	4	72
0	24	1	10	2	42	3	86	4	84
0	96	1	32	2	1	3	66	4	34
0	31	1	48	2	52	3	33	4	88
0	66	1	77	2	93	3	3	4	56
0	42	1	83	2	29	3	52	4	61
0	4	1	51	2	30	3	70	4	34
0	4	1	88	2	42	3	9	4	37
0	47	1	58	2	89	3	75	4	74
0	55	1	67	2	82	3	27	4	82
0	82	1	65	2	17	3	66	4	83
0	16	1	83	2	15	3	31	4	31
LBCmax: 637
RELDUE
-1	471	3	6
-1	625	8	3
-1	664	6	4
-1	413	8	2
-1	627	5	4
-1	493	1	4
-1	329	4	2
-1	435	1	7
-1	439	9	7
-1	432	9	7
-1	481	4	3
-1	342	3	9
-1	486	5	4
-1	687	5	1
-1	474	3	1
-1	347	2	2
-1	657	4	2
-1	389	9	6
-1	425	8	8
-1	323	2	6
-1	601	9	5
-1	320	2	5
-1	326	2	2
-1	585	9	4
-1	621	8	7
-1	465	8	5
-1	451	2	5
-1	558	4	1
-1	651	4	8
-1	390	8	2
-1	396	9	7
-1	603	9	4
-1	359	3	9
-1	614	1	3
-1	691	2	5
-1	575	8	2
-1	579	5	4
-1	565	8	9
-1	681	1	7
-1	428	8	4
-1	517	4	1
-1	460	2	6
-1	514	3	6
-1	691	9	8
-1	468	7	9
-1	609	2	1
-1	399	1	9
-1	396	7	2
-1	417	6	7
-1	608	3	2
DDW
462	480
544	706
637	691
384	442
508	746
424	562
322	336
361	509
378	500
393	471
385	577
294	390
476	496
625	749
398	550
291	403
578	736
362	416
404	446
281	365
595	607
307	333
287	365
544	626
571	671
391	539
437	465
502	614
553	749
335	445
368	424
567	639
327	391
534	694
650	732
477	673
469	689
469	661
586	776
377	479
455	579
446	474
493	535
643	739
379	557
548	670
319	479
348	444
396	438
499	717
