HFSDDW
200	25	5
0	83	1	35	2	57	3	9	4	91
0	30	1	69	2	76	3	49	4	61
0	58	1	20	2	86	3	54	4	87
0	63	1	55	2	70	3	71	4	23
0	65	1	12	2	94	3	57	4	20
0	63	1	80	2	28	3	5	4	35
0	15	1	24	2	35	3	18	4	2
0	89	1	36	2	18	3	97	4	56
0	44	1	53	2	41	3	80	4	59
0	16	1	24	2	67	3	71	4	79
0	67	1	81	2	65	3	83	4	22
0	72	1	41	2	99	3	89	4	29
0	50	1	41	2	71	3	15	4	47
0	35	1	84	2	68	3	52	4	97
0	27	1	38	2	73	3	15	4	79
0	12	1	71	2	14	3	98	4	4
0	40	1	13	2	57	3	26	4	67
0	33	1	58	2	51	3	96	4	30
0	48	1	37	2	29	3	68	4	7
0	3	1	81	2	26	3	34	4	25
0	31	1	56	2	16	3	73	4	52
0	30	1	9	2	50	3	5	4	10
0	1	1	27	2	1	3	85	4	88
0	37	1	84	2	46	3	47	4	15
0	76	1	34	2	71	3	22	4	49
0	90	1	9	2	5	3	9	4	76
0	31	1	46	2	80	3	74	4	73
0	84	1	97	2	84	3	73	4	38
0	24	1	9	2	47	3	87	4	30
0	21	1	36	2	43	3	80	4	69
0	19	1	35	2	79	3	19	4	48
0	97	1	84	2	93	3	24	4	61
0	21	1	5	2	41	3	29	4	78
0	55	1	47	2	27	3	13	4	5
0	39	1	1	2	72	3	10	4	90
0	68	1	87	2	84	3	92	4	29
0	55	1	65	2	25	3	40	4	57
0	95	1	66	2	61	3	26	4	75
0	99	1	5	2	60	3	13	4	17
0	19	1	67	2	19	3	9	4	74
0	74	1	10	2	31	3	75	4	30
0	19	1	62	2	70	3	29	4	80
0	11	1	1	2	1	3	95	4	7
0	55	1	80	2	2	3	71	4	83
0	88	1	85	2	1	3	37	4	6
0	35	1	40	2	60	3	92	4	71
0	1	1	69	2	75	3	19	4	54
0	46	1	35	2	49	3	10	4	39
0	33	1	96	2	33	3	46	4	65
0	99	1	4	2	65	3	7	4	61
0	39	1	66	2	47	3	26	4	85
0	88	1	9	2	94	3	69	4	95
0	79	1	3	2	77	3	57	4	80
0	42	1	25	2	82	3	41	4	60
0	21	1	31	2	91	3	32	4	50
0	92	1	53	2	55	3	71	4	6
0	31	1	75	2	54	3	31	4	33
0	35	1	22	2	50	3	33	4	65
0	37	1	41	2	79	3	15	4	60
0	31	1	19	2	76	3	65	4	24
0	74	1	22	2	24	3	46	4	41
0	8	1	75	2	16	3	75	4	93
0	36	1	54	2	23	3	64	4	65
0	4	1	48	2	47	3	24	4	46
0	20	1	75	2	49	3	76	4	23
0	80	1	51	2	76	3	72	4	20
0	73	1	76	2	89	3	48	4	32
0	9	1	51	2	8	3	90	4	26
0	59	1	7	2	74	3	39	4	29
0	83	1	19	2	16	3	50	4	56
0	82	1	72	2	52	3	20	4	4
0	99	1	73	2	47	3	23	4	61
0	56	1	98	2	43	3	56	4	21
0	60	1	64	2	74	3	33	4	56
0	52	1	41	2	56	3	98	4	86
0	14	1	1	2	10	3	47	4	40
0	61	1	36	2	27	3	16	4	37
0	1	1	24	2	70	3	44	4	32
0	36	1	5	2	85	3	30	4	69
0	61	1	63	2	18	3	19	4	69
0	19	1	44	2	83	3	93	4	4
0	42	1	16	2	54	3	34	4	89
0	98	1	63	2	1	3	83	4	99
0	21	1	71	2	28	3	20	4	21
0	36	1	94	2	31	3	1	4	21
0	48	1	55	2	27	3	29	4	25
0	51	1	82	2	91	3	78	4	21
0	18	1	52	2	33	3	12	4	94
0	84	1	70	2	36	3	54	4	34
0	73	1	4	2	2	3	30	4	49
0	89	1	35	2	98	3	98	4	34
0	25	1	14	2	83	3	73	4	55
0	86	1	88	2	25	3	9	4	39
0	16	1	71	2	23	3	62	4	81
0	69	1	39	2	16	3	25	4	36
0	65	1	58	2	76	3	67	4	47
0	45	1	54	2	97	3	80	4	35
0	17	1	84	2	93	3	44	4	95
0	5	1	69	2	59	3	57	4	8
0	95	1	45	2	28	3	16	4	18
0	2	1	81	2	39	3	49	4	80
0	51	1	19	2	73	3	62	4	68
0	66	1	38	2	17	3	27	4	11
0	33	1	91	2	45	3	73	4	22
0	32	1	78	2	78	3	66	4	77
0	99	1	79	2	59	3	18	4	40
0	20	1	31	2	60	3	49	4	46
0	63	1	15	2	49	3	1	4	83
0	97	1	11	2	31	3	75	4	30
0	66	1	52	2	33	3	46	4	75
0	4	1	1	2	54	3	93	4	86
0	24	1	3	2	72	3	71	4	80
0	71	1	60	2	56	3	23	4	49
0	36	1	78	2	67	3	80	4	47
0	19	1	43	2	44	3	89	4	25
0	21	1	48	2	3	3	37	4	11
0	48	1	47	2	14	3	43	4	36
0	19	1	76	2	66	3	63	4	23
0	60	1	42	2	77	3	21	4	13
0	37	1	55	2	8	3	27	4	93
0	88	1	85	2	52	3	98	4	56
0	61	1	57	2	64	3	69	4	66
0	75	1	1	2	35	3	61	4	33
0	25	1	47	2	14	3	86	4	30
0	60	1	12	2	5	3	58	4	86
0	76	1	66	2	24	3	77	4	87
0	65	1	40	2	76	3	44	4	22
0	62	1	94	2	15	3	86	4	75
0	62	1	12	2	97	3	97	4	47
0	60	1	7	2	17	3	88	4	87
0	90	1	42	2	22	3	96	4	33
0	77	1	80	2	94	3	12	4	80
0	94	1	33	2	86	3	81	4	1
0	36	1	24	2	91	3	39	4	70
0	31	1	33	2	27	3	12	4	68
0	48	1	15	2	8	3	11	4	27
0	69	1	50	2	36	3	90	4	97
0	24	1	19	2	79	3	11	4	45
0	82	1	99	2	3	3	7	4	80
0	29	1	26	2	16	3	96	4	11
0	36	1	16	2	77	3	18	4	56
0	58	1	15	2	10	3	29	4	85
0	62	1	72	2	84	3	85	4	11
0	45	1	97	2	96	3	83	4	77
0	18	1	45	2	80	3	93	4	87
0	31	1	30	2	21	3	31	4	39
0	23	1	99	2	11	3	99	4	90
0	54	1	72	2	18	3	34	4	39
0	9	1	9	2	50	3	26	4	83
0	10	1	16	2	17	3	95	4	36
0	31	1	29	2	32	3	20	4	93
0	91	1	36	2	83	3	31	4	25
0	29	1	94	2	79	3	89	4	63
0	63	1	61	2	84	3	95	4	57
0	73	1	80	2	62	3	45	4	68
0	10	1	94	2	54	3	11	4	77
0	16	1	13	2	25	3	95	4	9
0	93	1	67	2	91	3	7	4	98
0	18	1	88	2	87	3	9	4	11
0	15	1	30	2	61	3	63	4	21
0	48	1	32	2	22	3	39	4	62
0	51	1	66	2	87	3	52	4	83
0	97	1	81	2	73	3	53	4	10
0	16	1	69	2	83	3	81	4	69
0	95	1	70	2	77	3	96	4	39
0	84	1	93	2	54	3	34	4	54
0	80	1	34	2	91	3	90	4	29
0	84	1	91	2	86	3	33	4	57
0	27	1	79	2	40	3	23	4	2
0	37	1	16	2	34	3	99	4	95
0	46	1	46	2	79	3	93	4	25
0	78	1	54	2	25	3	1	4	78
0	57	1	13	2	54	3	98	4	4
0	63	1	89	2	82	3	24	4	26
0	24	1	83	2	50	3	25	4	42
0	17	1	31	2	54	3	95	4	3
0	69	1	59	2	55	3	39	4	8
0	34	1	55	2	98	3	66	4	51
0	30	1	66	2	85	3	55	4	99
0	15	1	26	2	42	3	20	4	38
0	47	1	33	2	11	3	73	4	71
0	63	1	95	2	55	3	51	4	8
0	47	1	1	2	30	3	98	4	9
0	98	1	58	2	15	3	90	4	69
0	9	1	91	2	17	3	72	4	95
0	58	1	97	2	94	3	25	4	28
0	90	1	89	2	35	3	58	4	55
0	36	1	49	2	81	3	67	4	45
0	38	1	99	2	47	3	58	4	4
0	30	1	37	2	87	3	46	4	2
0	57	1	11	2	51	3	51	4	29
0	55	1	16	2	38	3	78	4	14
0	66	1	1	2	30	3	24	4	18
0	58	1	66	2	71	3	43	4	72
0	49	1	76	2	48	3	45	4	31
0	9	1	45	2	59	3	69	4	66
0	21	1	10	2	49	3	23	4	71
0	79	1	38	2	83	3	29	4	1
0	21	1	11	2	4	3	54	4	79
0	37	1	70	2	23	3	40	4	46
LBCmax: 2086
RELDUE
-1	1126	6	1
-1	1152	5	2
-1	731	3	8
-1	1325	1	1
-1	893	7	7
-1	1463	2	6
-1	1105	6	6
-1	0	8	8
-1	203	9	1
-1	202	4	4
-1	0	3	1
-1	980	2	1
-1	1234	6	2
-1	36	4	7
-1	1719	1	4
-1	966	8	5
-1	880	7	6
-1	0	1	2
-1	891	5	3
-1	589	8	8
-1	209	9	6
-1	1499	1	1
-1	680	4	9
-1	672	5	3
-1	880	3	3
-1	586	2	1
-1	1317	8	8
-1	1754	5	5
-1	1163	8	4
-1	1743	5	2
-1	608	4	4
-1	254	1	4
-1	182	9	6
-1	276	9	9
-1	0	6	7
-1	954	4	7
-1	1133	3	6
-1	1361	5	7
-1	1245	1	2
-1	1687	7	7
-1	134	7	2
-1	458	4	7
-1	1127	2	7
-1	0	6	8
-1	1679	2	5
-1	1115	3	1
-1	663	7	7
-1	1703	4	6
-1	1072	6	7
-1	271	2	7
-1	1566	1	5
-1	1087	6	6
-1	1256	9	5
-1	0	8	3
-1	323	4	8
-1	1504	5	7
-1	263	7	8
-1	0	5	3
-1	235	9	3
-1	98	2	2
-1	0	1	1
-1	1228	8	2
-1	632	5	3
-1	337	9	5
-1	1471	3	8
-1	1621	2	3
-1	588	1	9
-1	749	7	2
-1	0	5	8
-1	556	7	7
-1	1711	9	4
-1	1396	5	4
-1	583	9	5
-1	1081	4	9
-1	246	3	2
-1	1629	7	3
-1	163	5	9
-1	485	7	9
-1	871	7	5
-1	1642	2	7
-1	1801	6	3
-1	1492	9	5
-1	473	7	2
-1	683	7	7
-1	0	1	3
-1	1399	7	1
-1	875	6	4
-1	143	2	6
-1	1830	5	4
-1	208	2	9
-1	481	9	9
-1	1074	3	2
-1	916	2	8
-1	937	8	1
-1	1542	3	7
-1	784	4	9
-1	1703	6	1
-1	581	2	7
-1	391	4	1
-1	0	7	7
-1	318	7	6
-1	1791	8	1
-1	1501	4	6
-1	307	7	1
-1	437	7	2
-1	0	5	3
-1	294	4	2
-1	0	7	6
-1	1461	1	8
-1	572	4	8
-1	1132	4	6
-1	1655	5	4
-1	856	8	7
-1	471	5	5
-1	175	3	5
-1	322	2	5
-1	545	7	4
-1	1826	3	4
-1	160	2	3
-1	0	7	5
-1	536	2	7
-1	235	4	1
-1	796	3	2
-1	1662	6	5
-1	0	3	5
-1	428	7	6
-1	270	6	8
-1	1523	4	1
-1	1417	1	4
-1	1340	2	6
-1	1803	2	2
-1	1459	8	3
-1	0	9	9
-1	813	5	9
-1	1114	9	4
-1	0	4	8
-1	1869	1	8
-1	0	6	7
-1	37	3	5
-1	0	2	7
-1	896	2	9
-1	701	3	7
-1	559	8	6
-1	1049	8	9
-1	954	1	2
-1	704	3	7
-1	9	1	2
-1	236	4	1
-1	553	9	2
-1	1011	2	3
-1	29	6	6
-1	1754	5	8
-1	212	2	8
-1	319	5	8
-1	1189	2	7
-1	0	8	6
-1	785	3	4
-1	1716	5	2
-1	232	8	1
-1	0	5	4
-1	1568	1	6
-1	648	9	8
-1	426	1	7
-1	0	7	9
-1	646	4	6
-1	1550	8	2
-1	1562	3	8
-1	0	2	5
-1	1234	5	5
-1	165	6	9
-1	331	2	1
-1	379	7	3
-1	1580	3	7
-1	153	5	6
-1	845	7	2
-1	1713	2	9
-1	1553	7	8
-1	1625	2	9
-1	499	7	7
-1	1039	7	4
-1	209	2	6
-1	0	4	5
-1	761	9	7
-1	196	3	4
-1	1102	3	9
-1	0	7	4
-1	1038	4	5
-1	1443	2	1
-1	1502	9	6
-1	1032	5	4
-1	892	2	1
-1	0	2	2
-1	1602	5	9
-1	27	4	5
-1	107	7	2
-1	38	7	7
-1	65	7	2
-1	438	7	5
-1	194	6	2
-1	1281	4	6
DDW
1070	1182
1140	1164
702	760
1219	1431
839	947
1346	1580
1039	1171
0	0
191	215
198	206
0	0
970	990
1197	1271
35	37
1667	1771
956	976
836	924
0	0
882	900
583	595
203	215
1379	1619
626	734
659	685
854	906
527	645
1225	1409
1719	1789
1070	1256
1621	1865
578	638
231	277
178	186
248	304
0	0
935	973
1031	1235
1293	1429
1158	1332
1569	1805
129	139
444	472
1014	1240
0	0
1645	1713
1037	1193
623	703
1635	1771
965	1179
249	293
1535	1597
1033	1141
1243	1269
0	0
310	336
1384	1624
255	271
0	0
221	249
92	104
0	0
1179	1277
600	664
303	371
1368	1574
1589	1653
529	647
719	779
0	0
550	562
1660	1762
1256	1536
548	618
1038	1124
229	263
1466	1792
148	178
470	500
784	958
1543	1741
1729	1873
1447	1537
464	482
676	690
0	0
1385	1413
805	945
132	154
1720	1940
206	210
433	529
999	1149
834	998
918	956
1449	1635
706	862
1550	1856
575	587
356	426
0	0
293	343
1737	1845
1366	1636
276	338
411	463
0	0
268	320
0	0
1344	1578
549	595
1019	1245
1638	1672
839	873
466	476
172	178
293	351
529	561
1753	1899
152	168
0	0
509	563
230	240
732	860
1579	1745
0	0
402	454
267	273
1447	1599
1289	1545
1246	1434
1767	1839
1328	1590
0	0
732	894
1025	1203
0	0
1776	1962
0	0
35	39
0	0
878	914
694	708
553	565
1018	1080
935	973
641	767
9	9
215	257
498	608
940	1082
27	31
1666	1842
197	227
313	325
1118	1260
0	0
738	832
1647	1785
211	253
0	0
1537	1599
616	680
388	464
0	0
627	665
1519	1581
1453	1671
0	0
1197	1271
163	167
318	344
375	383
1438	1722
151	155
794	896
1644	1782
1522	1584
1528	1722
484	514
1008	1070
207	211
0	0
715	807
192	200
992	1212
0	0
1017	1059
1414	1472
1442	1562
1011	1053
830	954
0	0
1538	1666
25	29
104	110
35	41
63	67
394	482
175	213
1268	1294
