HFSDDW
150	15	5
0	60	1	19	2	20	3	46	4	58
0	89	1	64	2	79	3	80	4	59
0	61	1	33	2	41	3	20	4	99
0	70	1	15	2	71	3	60	4	88
0	60	1	48	2	76	3	97	4	69
0	86	1	89	2	8	3	71	4	80
0	16	1	48	2	7	3	11	4	65
0	61	1	42	2	47	3	3	4	2
0	98	1	66	2	8	3	3	4	68
0	34	1	18	2	25	3	77	4	36
0	75	1	90	2	39	3	63	4	99
0	12	1	43	2	23	3	77	4	71
0	99	1	56	2	9	3	1	4	43
0	14	1	27	2	30	3	55	4	38
0	29	1	67	2	69	3	59	4	89
0	93	1	40	2	74	3	29	4	36
0	68	1	65	2	30	3	35	4	6
0	25	1	10	2	43	3	11	4	53
0	19	1	20	2	70	3	31	4	3
0	42	1	58	2	8	3	59	4	55
0	8	1	87	2	69	3	39	4	8
0	8	1	22	2	80	3	73	4	7
0	71	1	68	2	93	3	42	4	4
0	34	1	27	2	73	3	95	4	18
0	4	1	83	2	19	3	3	4	20
0	9	1	97	2	38	3	57	4	47
0	35	1	33	2	15	3	74	4	28
0	80	1	95	2	91	3	28	4	97
0	4	1	29	2	69	3	5	4	81
0	50	1	26	2	29	3	28	4	68
0	16	1	85	2	13	3	41	4	51
0	24	1	68	2	67	3	20	4	98
0	11	1	84	2	23	3	27	4	71
0	39	1	54	2	20	3	14	4	23
0	39	1	36	2	46	3	97	4	15
0	74	1	14	2	15	3	21	4	69
0	83	1	68	2	10	3	89	4	31
0	50	1	20	2	73	3	23	4	4
0	12	1	29	2	72	3	29	4	86
0	19	1	7	2	43	3	34	4	43
0	96	1	7	2	15	3	6	4	30
0	80	1	39	2	16	3	27	4	76
0	11	1	54	2	47	3	50	4	16
0	42	1	75	2	34	3	95	4	22
0	20	1	80	2	96	3	10	4	11
0	11	1	64	2	18	3	11	4	95
0	68	1	70	2	80	3	78	4	72
0	77	1	54	2	5	3	60	4	51
0	11	1	5	2	47	3	47	4	93
0	57	1	81	2	22	3	14	4	45
0	44	1	72	2	47	3	13	4	24
0	17	1	10	2	6	3	94	4	20
0	17	1	22	2	5	3	31	4	8
0	40	1	74	2	69	3	77	4	38
0	88	1	70	2	74	3	45	4	11
0	15	1	33	2	49	3	17	4	54
0	29	1	42	2	4	3	66	4	52
0	96	1	24	2	67	3	55	4	56
0	67	1	49	2	11	3	40	4	34
0	88	1	99	2	17	3	39	4	53
0	83	1	13	2	44	3	75	4	57
0	73	1	97	2	2	3	3	4	9
0	83	1	60	2	88	3	40	4	90
0	74	1	19	2	39	3	78	4	12
0	17	1	7	2	15	3	22	4	70
0	39	1	60	2	34	3	12	4	22
0	15	1	17	2	11	3	63	4	71
0	16	1	98	2	28	3	9	4	78
0	98	1	22	2	65	3	46	4	73
0	8	1	60	2	70	3	50	4	59
0	70	1	61	2	38	3	28	4	37
0	76	1	98	2	23	3	6	4	18
0	14	1	63	2	90	3	80	4	93
0	66	1	50	2	25	3	69	4	75
0	76	1	90	2	30	3	1	4	13
0	94	1	41	2	68	3	48	4	63
0	79	1	89	2	84	3	52	4	52
0	54	1	79	2	82	3	27	4	94
0	17	1	76	2	23	3	91	4	65
0	35	1	32	2	85	3	52	4	7
0	57	1	35	2	1	3	74	4	83
0	80	1	31	2	37	3	16	4	42
0	35	1	31	2	74	3	42	4	39
0	24	1	79	2	38	3	28	4	40
0	86	1	68	2	97	3	75	4	58
0	99	1	67	2	39	3	36	4	77
0	62	1	56	2	16	3	41	4	6
0	44	1	89	2	11	3	69	4	71
0	23	1	42	2	67	3	85	4	59
0	86	1	3	2	80	3	53	4	41
0	56	1	94	2	57	3	13	4	21
0	89	1	37	2	26	3	16	4	83
0	13	1	92	2	2	3	38	4	79
0	79	1	15	2	33	3	37	4	94
0	35	1	69	2	69	3	56	4	17
0	44	1	1	2	13	3	16	4	72
0	97	1	87	2	85	3	94	4	22
0	68	1	98	2	3	3	21	4	17
0	7	1	64	2	94	3	85	4	59
0	31	1	41	2	30	3	6	4	80
0	71	1	70	2	44	3	58	4	7
0	87	1	25	2	1	3	96	4	76
0	88	1	25	2	10	3	44	4	86
0	25	1	7	2	7	3	17	4	12
0	80	1	13	2	12	3	20	4	88
0	70	1	74	2	83	3	97	4	85
0	4	1	71	2	8	3	35	4	2
0	27	1	44	2	27	3	88	4	34
0	43	1	98	2	6	3	45	4	28
0	82	1	54	2	51	3	98	4	34
0	24	1	34	2	13	3	94	4	1
0	58	1	59	2	24	3	70	4	36
0	13	1	42	2	4	3	11	4	72
0	18	1	17	2	75	3	42	4	59
0	81	1	80	2	19	3	82	4	68
0	82	1	7	2	66	3	92	4	6
0	16	1	24	2	84	3	63	4	62
0	70	1	58	2	14	3	35	4	43
0	68	1	20	2	57	3	52	4	21
0	2	1	94	2	95	3	72	4	10
0	65	1	79	2	9	3	40	4	52
0	44	1	16	2	31	3	26	4	19
0	52	1	92	2	32	3	64	4	20
0	89	1	57	2	40	3	49	4	3
0	59	1	3	2	41	3	99	4	90
0	62	1	23	2	66	3	61	4	67
0	87	1	12	2	94	3	82	4	40
0	37	1	15	2	45	3	11	4	19
0	55	1	27	2	88	3	17	4	90
0	76	1	88	2	92	3	32	4	32
0	45	1	55	2	47	3	70	4	50
0	62	1	39	2	10	3	49	4	90
0	21	1	49	2	70	3	59	4	31
0	41	1	97	2	49	3	24	4	83
0	75	1	12	2	29	3	31	4	48
0	32	1	15	2	24	3	9	4	15
0	73	1	31	2	34	3	30	4	22
0	33	1	64	2	24	3	32	4	77
0	98	1	6	2	96	3	21	4	97
0	6	1	57	2	30	3	85	4	50
0	78	1	40	2	68	3	49	4	56
0	33	1	27	2	17	3	23	4	18
0	48	1	15	2	1	3	35	4	18
0	90	1	15	2	40	3	37	4	98
0	76	1	74	2	17	3	46	4	85
0	69	1	16	2	9	3	33	4	42
0	75	1	85	2	39	3	59	4	36
0	34	1	62	2	85	3	73	4	89
0	6	1	48	2	2	3	14	4	30
0	83	1	6	2	61	3	3	4	7
LBCmax: 2613
RELDUE
-1	2727	1	7
-1	1580	9	4
-1	2761	4	5
-1	2672	9	5
-1	2450	1	8
-1	1380	2	9
-1	1656	3	7
-1	1656	3	1
-1	2308	5	9
-1	2673	6	3
-1	1584	3	4
-1	1587	1	5
-1	2612	4	7
-1	2564	8	5
-1	1986	9	4
-1	2278	4	1
-1	2500	5	5
-1	1942	7	8
-1	2856	6	8
-1	2617	4	8
-1	1757	6	1
-1	1777	4	7
-1	2356	9	8
-1	2053	7	7
-1	2754	3	4
-1	1753	8	8
-1	2436	1	4
-1	1356	9	7
-1	1558	6	4
-1	1335	1	6
-1	2307	6	5
-1	2151	6	6
-1	1391	4	2
-1	1718	5	7
-1	2115	9	5
-1	2204	4	7
-1	2763	6	8
-1	2113	7	3
-1	2664	9	4
-1	1792	6	5
-1	1487	1	2
-1	1924	2	6
-1	1636	6	6
-1	2655	9	2
-1	2422	6	1
-1	2688	2	2
-1	2323	8	7
-1	1644	2	1
-1	2412	5	8
-1	2376	4	8
-1	1418	4	9
-1	2325	7	7
-1	2289	9	2
-1	1608	2	2
-1	2529	7	7
-1	2255	7	3
-1	2099	8	5
-1	2013	5	5
-1	2793	3	9
-1	2003	1	7
-1	1819	2	4
-1	1605	1	8
-1	1404	4	2
-1	2279	9	8
-1	1672	6	6
-1	2308	7	2
-1	1502	1	7
-1	2199	1	1
-1	1755	4	5
-1	2656	6	4
-1	2389	5	7
-1	1692	5	9
-1	2152	3	9
-1	2370	4	3
-1	2436	3	7
-1	2708	7	5
-1	1446	7	6
-1	2575	7	1
-1	2506	9	8
-1	1372	4	7
-1	2305	3	3
-1	2097	6	1
-1	1819	9	6
-1	2057	3	1
-1	2792	5	5
-1	2856	1	8
-1	2736	3	6
-1	2658	3	4
-1	2064	9	2
-1	2734	6	5
-1	1411	8	6
-1	2056	6	9
-1	2195	8	3
-1	1967	4	4
-1	2848	1	1
-1	2756	2	5
-1	1826	1	9
-1	2232	2	2
-1	2288	2	4
-1	1419	1	7
-1	2492	7	4
-1	1429	8	8
-1	2764	6	9
-1	2630	2	1
-1	2861	4	3
-1	2600	2	7
-1	1479	3	9
-1	2794	9	6
-1	2046	6	6
-1	2696	2	6
-1	2114	2	8
-1	2398	1	4
-1	2381	3	6
-1	2726	8	4
-1	2572	5	1
-1	2596	2	5
-1	2660	2	8
-1	2221	8	4
-1	2362	8	8
-1	1690	3	9
-1	2447	2	3
-1	1718	1	7
-1	1441	8	4
-1	1895	2	1
-1	2550	9	6
-1	1639	6	6
-1	2372	2	4
-1	1491	5	8
-1	2396	3	4
-1	2554	5	1
-1	2187	2	8
-1	2089	6	3
-1	1593	1	7
-1	2392	6	5
-1	1755	2	5
-1	2181	7	8
-1	2208	3	3
-1	2063	5	8
-1	2070	7	3
-1	1497	5	8
-1	2683	4	7
-1	2816	4	8
-1	1918	5	6
-1	2242	3	7
-1	1925	3	9
-1	1888	2	5
-1	2549	4	3
-1	2344	7	4
-1	2269	7	8
-1	1557	6	2
DDW
2263	3191
1343	1817
2236	3286
2405	2939
1984	2916
1159	1601
1573	1739
1358	1954
1869	2747
2299	3047
1521	1647
1571	1603
2142	3082
2231	2897
1708	2264
2050	2506
2300	2700
1612	2272
2428	3284
2381	2853
1616	1898
1457	2097
2238	2474
1930	2176
2534	2974
1665	1841
2217	2655
1329	1383
1371	1745
1295	1375
2215	2399
1764	2538
1196	1586
1598	1838
1692	2538
1895	2513
2321	3205
1733	2493
2184	3144
1523	2061
1353	1621
1751	2097
1374	1898
2336	2974
2034	2810
2607	2769
2021	2625
1397	1891
2123	2701
2233	2519
1134	1702
1906	2744
2243	2335
1528	1688
2099	2959
1804	2706
1889	2309
1751	2275
2709	2877
1723	2283
1673	1965
1541	1669
1320	1488
1892	2666
1488	1856
2170	2446
1397	1607
1957	2441
1509	2001
2125	3187
2055	2723
1523	1861
1743	2561
2346	2394
2412	2460
2193	3223
1417	1475
2240	2910
2230	2782
1290	1454
2005	2605
1782	2412
1619	2019
1934	2180
2680	2904
2656	3056
2271	3201
2392	2924
1858	2270
2707	2761
1355	1467
1994	2118
1844	2546
1888	2046
2620	3076
2591	2921
1753	1899
1786	2678
2242	2334
1277	1561
2093	2891
1386	1472
2709	2819
2314	2946
2489	3233
2340	2860
1198	1760
2738	2850
1964	2128
2184	3208
1733	2495
1966	2830
2310	2452
2263	3189
2521	2623
2233	2959
2314	3006
2199	2243
2031	2693
1622	1758
2227	2667
1409	2027
1427	1455
1649	2141
2142	2958
1459	1819
2016	2728
1267	1715
2085	2707
2145	2963
1837	2537
2026	2152
1418	1768
2368	2416
1562	1948
1941	2421
1899	2517
1671	2455
1780	2360
1287	1707
2468	2898
2394	3238
1803	2033
1973	2511
1867	1983
1756	2020
2524	2574
1875	2813
2201	2337
1323	1791
