HFSDDW
100	15	5
0	51	1	3	2	43	3	13	4	93
0	78	1	82	2	40	3	70	4	3
0	68	1	74	2	24	3	28	4	7
0	72	1	36	2	15	3	86	4	9
0	3	1	16	2	5	3	43	4	51
0	69	1	99	2	96	3	98	4	14
0	86	1	99	2	80	3	37	4	90
0	95	1	21	2	64	3	63	4	50
0	28	1	81	2	12	3	47	4	99
0	54	1	14	2	82	3	6	4	87
0	20	1	29	2	1	3	30	4	70
0	36	1	98	2	99	3	61	4	24
0	79	1	85	2	42	3	57	4	17
0	69	1	94	2	86	3	37	4	11
0	52	1	72	2	51	3	37	4	80
0	21	1	4	2	57	3	44	4	96
0	56	1	17	2	91	3	12	4	94
0	57	1	98	2	50	3	67	4	55
0	96	1	21	2	3	3	40	4	70
0	43	1	40	2	55	3	30	4	30
0	60	1	27	2	46	3	94	4	35
0	47	1	78	2	64	3	50	4	49
0	32	1	41	2	56	3	65	4	67
0	62	1	93	2	30	3	63	4	60
0	70	1	44	2	20	3	81	4	15
0	31	1	70	2	12	3	67	4	38
0	80	1	49	2	28	3	14	4	37
0	30	1	71	2	97	3	76	4	47
0	79	1	35	2	1	3	18	4	24
0	56	1	64	2	38	3	72	4	8
0	49	1	10	2	92	3	70	4	60
0	16	1	8	2	64	3	79	4	5
0	77	1	67	2	97	3	13	4	68
0	83	1	14	2	43	3	28	4	38
0	91	1	96	2	54	3	16	4	81
0	36	1	44	2	2	3	58	4	58
0	66	1	32	2	39	3	59	4	88
0	70	1	56	2	58	3	54	4	21
0	22	1	7	2	18	3	72	4	69
0	12	1	38	2	88	3	49	4	40
0	43	1	22	2	10	3	35	4	17
0	52	1	56	2	76	3	89	4	24
0	72	1	6	2	7	3	21	4	38
0	45	1	28	2	38	3	24	4	98
0	27	1	55	2	88	3	8	4	17
0	84	1	79	2	82	3	47	4	69
0	98	1	56	2	53	3	18	4	16
0	45	1	23	2	4	3	42	4	36
0	15	1	80	2	69	3	30	4	48
0	16	1	1	2	96	3	34	4	25
0	83	1	99	2	64	3	51	4	13
0	87	1	33	2	2	3	19	4	32
0	73	1	73	2	30	3	20	4	25
0	17	1	53	2	89	3	6	4	93
0	22	1	24	2	95	3	87	4	83
0	47	1	86	2	59	3	59	4	1
0	84	1	82	2	48	3	23	4	85
0	99	1	91	2	2	3	5	4	29
0	12	1	21	2	85	3	11	4	63
0	42	1	51	2	49	3	5	4	32
0	62	1	12	2	91	3	41	4	3
0	59	1	4	2	77	3	68	4	66
0	1	1	74	2	43	3	18	4	48
0	91	1	25	2	8	3	35	4	26
0	25	1	51	2	84	3	77	4	81
0	2	1	39	2	85	3	25	4	42
0	95	1	38	2	54	3	28	4	38
0	73	1	91	2	8	3	20	4	26
0	95	1	14	2	34	3	39	4	28
0	37	1	78	2	67	3	62	4	72
0	17	1	44	2	15	3	78	4	7
0	12	1	27	2	15	3	59	4	2
0	21	1	18	2	53	3	27	4	70
0	62	1	21	2	16	3	80	4	75
0	99	1	18	2	87	3	9	4	31
0	12	1	18	2	45	3	49	4	45
0	23	1	71	2	24	3	52	4	25
0	52	1	24	2	75	3	21	4	27
0	46	1	77	2	49	3	19	4	5
0	78	1	61	2	8	3	68	4	65
0	17	1	63	2	87	3	87	4	72
0	99	1	57	2	6	3	48	4	95
0	93	1	82	2	65	3	15	4	78
0	50	1	94	2	1	3	2	4	18
0	39	1	45	2	94	3	54	4	29
0	23	1	68	2	68	3	4	4	53
0	51	1	11	2	76	3	83	4	28
0	59	1	84	2	36	3	80	4	26
0	95	1	19	2	27	3	25	4	33
0	64	1	12	2	34	3	41	4	55
0	83	1	60	2	7	3	51	4	27
0	71	1	69	2	34	3	58	4	50
0	31	1	88	2	2	3	95	4	45
0	83	1	6	2	82	3	86	4	20
0	65	1	58	2	21	3	75	4	22
0	21	1	19	2	69	3	21	4	65
0	12	1	34	2	28	3	48	4	69
0	90	1	5	2	26	3	56	4	56
0	90	1	50	2	78	3	30	4	94
0	8	1	17	2	31	3	80	4	50
LBCmax: 1869
RELDUE
-1	1528	8	9
-1	1416	9	4
-1	1486	8	9
-1	1387	7	2
-1	1644	3	6
-1	1401	9	3
-1	1455	9	5
-1	1421	9	5
-1	1415	5	7
-1	1330	5	6
-1	1504	8	5
-1	1680	4	6
-1	1357	7	4
-1	1655	4	1
-1	1453	8	1
-1	1669	8	9
-1	1536	3	8
-1	1507	6	8
-1	1408	9	6
-1	1511	9	7
-1	1604	7	6
-1	1605	4	4
-1	1405	3	5
-1	1421	8	6
-1	1416	8	5
-1	1365	5	6
-1	1610	4	8
-1	1647	6	3
-1	1611	5	4
-1	1364	6	5
-1	1322	5	6
-1	1637	4	2
-1	1641	8	9
-1	1572	9	1
-1	1333	9	2
-1	1616	5	8
-1	1633	7	7
-1	1331	9	2
-1	1528	1	1
-1	1473	3	3
-1	1499	6	8
-1	1584	2	3
-1	1672	5	3
-1	1496	6	4
-1	1322	3	3
-1	1648	3	6
-1	1447	1	5
-1	1626	3	2
-1	1651	3	2
-1	1677	5	3
-1	1480	5	7
-1	1546	6	7
-1	1323	9	7
-1	1406	8	7
-1	1573	9	4
-1	1605	3	4
-1	1318	1	4
-1	1373	8	7
-1	1653	4	1
-1	1587	7	6
-1	1473	4	6
-1	1491	7	7
-1	1493	8	9
-1	1358	8	3
-1	1316	4	8
-1	1550	9	9
-1	1347	6	9
-1	1468	7	8
-1	1630	2	5
-1	1519	3	8
-1	1344	4	8
-1	1513	5	8
-1	1661	1	9
-1	1617	5	7
-1	1319	6	6
-1	1328	7	2
-1	1615	4	9
-1	1591	9	9
-1	1406	9	9
-1	1451	9	1
-1	1600	8	6
-1	1666	3	2
-1	1679	4	3
-1	1617	8	2
-1	1566	6	9
-1	1458	5	9
-1	1622	7	9
-1	1542	2	5
-1	1681	2	8
-1	1410	7	9
-1	1605	5	1
-1	1568	7	8
-1	1360	1	8
-1	1624	5	7
-1	1308	1	7
-1	1316	9	3
-1	1399	5	3
-1	1621	9	8
-1	1488	5	3
-1	1455	5	7
DDW
1513	1543
1359	1473
1456	1516
1290	1484
1628	1660
1275	1527
1397	1513
1336	1506
1316	1514
1277	1383
1369	1639
1646	1714
1316	1398
1638	1672
1366	1540
1535	1803
1398	1674
1432	1582
1380	1436
1405	1617
1460	1748
1573	1637
1391	1419
1293	1549
1402	1430
1324	1406
1546	1674
1548	1746
1450	1772
1309	1419
1190	1454
1490	1784
1559	1723
1556	1588
1213	1453
1584	1648
1470	1796
1318	1344
1406	1650
1444	1502
1424	1574
1426	1742
1655	1689
1376	1616
1190	1454
1516	1780
1302	1592
1528	1724
1519	1783
1643	1711
1332	1628
1531	1561
1297	1349
1279	1533
1431	1715
1444	1766
1278	1358
1332	1414
1554	1752
1460	1714
1399	1547
1357	1625
1403	1583
1317	1399
1263	1369
1534	1566
1253	1441
1424	1512
1597	1663
1458	1580
1223	1465
1377	1649
1528	1794
1455	1779
1293	1345
1208	1448
1583	1647
1527	1655
1265	1547
1407	1495
1552	1648
1516	1816
1528	1830
1471	1763
1488	1644
1312	1604
1508	1736
1434	1650
1647	1715
1269	1551
1461	1749
1443	1693
1278	1442
1608	1640
1203	1413
1237	1395
1329	1469
1491	1751
1428	1548
1310	1600
