HFSDDW
100	15	5
0	72	1	55	2	99	3	14	4	74
0	71	1	74	2	63	3	69	4	42
0	78	1	3	2	23	3	23	4	56
0	68	1	75	2	66	3	74	4	48
0	97	1	44	2	78	3	70	4	58
0	28	1	51	2	56	3	18	4	77
0	96	1	37	2	33	3	71	4	15
0	35	1	27	2	1	3	57	4	12
0	23	1	84	2	88	3	54	4	2
0	48	1	70	2	23	3	52	4	18
0	63	1	41	2	40	3	94	4	34
0	29	1	76	2	29	3	55	4	46
0	20	1	19	2	45	3	92	4	46
0	42	1	70	2	51	3	9	4	22
0	42	1	74	2	9	3	63	4	25
0	13	1	55	2	25	3	68	4	11
0	58	1	28	2	4	3	99	4	15
0	55	1	96	2	38	3	38	4	85
0	58	1	97	2	46	3	11	4	91
0	4	1	40	2	96	3	8	4	59
0	78	1	19	2	15	3	31	4	76
0	88	1	32	2	77	3	69	4	21
0	74	1	51	2	60	3	45	4	87
0	92	1	15	2	45	3	78	4	90
0	46	1	32	2	14	3	23	4	63
0	44	1	28	2	98	3	71	4	22
0	73	1	59	2	18	3	10	4	32
0	40	1	14	2	73	3	24	4	26
0	23	1	19	2	68	3	17	4	12
0	7	1	37	2	2	3	23	4	99
0	89	1	94	2	18	3	17	4	14
0	46	1	6	2	91	3	67	4	32
0	60	1	34	2	6	3	48	4	48
0	15	1	34	2	51	3	13	4	48
0	78	1	41	2	22	3	52	4	68
0	27	1	63	2	96	3	12	4	56
0	8	1	27	2	75	3	72	4	32
0	78	1	41	2	1	3	95	4	85
0	34	1	23	2	7	3	91	4	65
0	89	1	13	2	21	3	68	4	96
0	73	1	85	2	88	3	75	4	21
0	48	1	72	2	65	3	49	4	87
0	83	1	10	2	79	3	12	4	25
0	33	1	59	2	34	3	16	4	70
0	73	1	33	2	56	3	27	4	14
0	56	1	35	2	31	3	87	4	78
0	15	1	43	2	28	3	15	4	83
0	22	1	39	2	1	3	51	4	84
0	6	1	76	2	52	3	9	4	3
0	25	1	43	2	95	3	66	4	32
0	31	1	78	2	5	3	98	4	24
0	40	1	30	2	61	3	61	4	64
0	14	1	42	2	78	3	70	4	72
0	40	1	81	2	65	3	28	4	4
0	94	1	58	2	82	3	32	4	64
0	97	1	81	2	48	3	25	4	89
0	14	1	39	2	64	3	55	4	48
0	36	1	39	2	30	3	91	4	43
0	91	1	77	2	39	3	86	4	70
0	63	1	97	2	81	3	36	4	62
0	44	1	77	2	67	3	63	4	38
0	72	1	96	2	72	3	34	4	26
0	58	1	81	2	37	3	72	4	51
0	74	1	78	2	24	3	23	4	37
0	2	1	52	2	73	3	84	4	12
0	18	1	19	2	95	3	61	4	1
0	1	1	1	2	13	3	62	4	45
0	36	1	72	2	1	3	17	4	76
0	39	1	66	2	95	3	65	4	85
0	10	1	40	2	67	3	36	4	95
0	85	1	73	2	59	3	98	4	61
0	91	1	5	2	82	3	51	4	21
0	53	1	1	2	12	3	34	4	26
0	58	1	69	2	75	3	27	4	16
0	3	1	77	2	7	3	47	4	97
0	36	1	57	2	9	3	99	4	2
0	77	1	52	2	60	3	65	4	16
0	27	1	42	2	14	3	1	4	53
0	32	1	89	2	49	3	96	4	23
0	39	1	55	2	62	3	40	4	28
0	41	1	65	2	40	3	21	4	93
0	8	1	66	2	12	3	2	4	26
0	35	1	96	2	83	3	49	4	43
0	1	1	41	2	46	3	18	4	99
0	16	1	56	2	74	3	73	4	83
0	13	1	28	2	11	3	24	4	59
0	80	1	95	2	68	3	71	4	61
0	13	1	12	2	39	3	72	4	9
0	60	1	30	2	12	3	75	4	19
0	36	1	7	2	1	3	53	4	22
0	97	1	10	2	44	3	41	4	12
0	84	1	90	2	67	3	37	4	80
0	79	1	56	2	88	3	43	4	45
0	40	1	28	2	12	3	88	4	31
0	89	1	3	2	73	3	10	4	39
0	85	1	44	2	99	3	55	4	48
0	7	1	28	2	57	3	2	4	62
0	71	1	51	2	28	3	60	4	77
0	23	1	45	2	3	3	91	4	29
0	4	1	42	2	69	3	30	4	79
LBCmax: 1690
RELDUE
-1	638	1	9
-1	2114	6	5
-1	713	4	4
-1	896	4	7
-1	1061	2	2
-1	2116	3	3
-1	1114	3	4
-1	1084	7	1
-1	530	8	5
-1	949	4	9
-1	1187	8	1
-1	2048	5	2
-1	711	9	2
-1	2010	5	4
-1	1766	4	6
-1	1373	1	2
-1	2178	7	1
-1	1971	7	2
-1	1871	2	2
-1	1755	6	9
-1	1998	5	2
-1	511	9	6
-1	1382	9	4
-1	695	8	8
-1	642	1	6
-1	1256	9	2
-1	2194	3	6
-1	1895	9	9
-1	1873	5	5
-1	1107	6	2
-1	1255	9	1
-1	1774	3	6
-1	1672	2	2
-1	1787	6	3
-1	1188	7	6
-1	695	8	7
-1	774	9	5
-1	1085	4	7
-1	1672	2	8
-1	1633	2	5
-1	1103	3	6
-1	799	4	8
-1	949	6	9
-1	1073	9	1
-1	1125	1	7
-1	1034	7	7
-1	1060	5	4
-1	733	9	5
-1	791	8	4
-1	1819	5	8
-1	591	8	6
-1	1436	1	4
-1	2005	7	2
-1	1461	3	8
-1	2042	2	3
-1	633	8	6
-1	1238	3	1
-1	524	9	3
-1	760	6	5
-1	2002	9	2
-1	2120	3	5
-1	1417	2	1
-1	1408	9	2
-1	1621	3	5
-1	1892	5	8
-1	1610	8	8
-1	883	4	4
-1	1121	7	7
-1	1329	5	9
-1	1578	1	5
-1	1106	7	1
-1	1599	9	8
-1	806	8	2
-1	745	4	5
-1	1158	5	6
-1	1706	8	3
-1	1760	4	3
-1	816	5	4
-1	1767	5	1
-1	1805	5	6
-1	703	9	7
-1	1968	3	3
-1	1610	4	1
-1	561	3	9
-1	1023	4	2
-1	2016	7	7
-1	1967	5	5
-1	717	5	2
-1	1943	6	3
-1	1061	2	8
-1	1654	7	7
-1	756	9	8
-1	831	1	6
-1	1867	5	1
-1	1710	8	4
-1	1884	2	5
-1	1588	4	5
-1	1526	5	9
-1	1379	8	6
-1	1713	5	8
DDW
581	695
2008	2220
699	727
869	923
966	1156
2074	2158
1014	1214
986	1182
482	578
921	977
1092	1282
1987	2109
640	782
1849	2171
1607	1925
1346	1400
2004	2352
1872	2070
1815	1927
1597	1913
1878	2118
496	526
1368	1396
688	702
636	648
1206	1306
2106	2282
1706	2084
1686	2060
1041	1173
1192	1318
1756	1792
1522	1822
1716	1858
1069	1307
667	723
720	828
1009	1161
1505	1839
1470	1796
1015	1191
751	847
921	977
1009	1137
1046	1204
931	1137
996	1124
682	784
736	846
1746	1892
579	603
1379	1493
1925	2085
1359	1563
1981	2103
589	677
1188	1288
519	529
737	783
1882	2122
1950	2290
1289	1545
1267	1549
1572	1670
1722	2062
1481	1739
839	927
1054	1188
1223	1435
1483	1673
1040	1172
1583	1615
766	846
715	775
1146	1170
1689	1723
1742	1778
767	865
1679	1855
1769	1841
647	759
1830	2106
1546	1674
527	595
972	1074
1996	2036
1829	2105
703	731
1924	1962
1029	1093
1489	1819
711	801
789	873
1774	1960
1676	1744
1714	2054
1477	1699
1373	1679
1269	1489
1559	1867
