HFSDDW
50	15	5
0	53	1	24	2	88	3	23	4	51
0	90	1	86	2	12	3	80	4	35
0	34	1	1	2	63	3	31	4	30
0	92	1	27	2	12	3	73	4	22
0	75	1	3	2	22	3	99	4	71
0	97	1	12	2	99	3	66	4	82
0	54	1	70	2	36	3	54	4	70
0	89	1	97	2	94	3	29	4	3
0	6	1	77	2	52	3	15	4	53
0	97	1	14	2	50	3	22	4	78
0	3	1	31	2	74	3	75	4	24
0	50	1	2	2	88	3	51	4	53
0	78	1	86	2	46	3	98	4	80
0	64	1	64	2	9	3	61	4	40
0	95	1	33	2	83	3	71	4	16
0	98	1	50	2	8	3	46	4	73
0	84	1	62	2	78	3	88	4	79
0	23	1	95	2	61	3	31	4	20
0	87	1	9	2	43	3	75	4	25
0	20	1	31	2	54	3	34	4	89
0	34	1	6	2	88	3	82	4	82
0	70	1	48	2	4	3	59	4	26
0	99	1	94	2	43	3	78	4	69
0	16	1	9	2	58	3	20	4	58
0	68	1	3	2	78	3	42	4	52
0	87	1	89	2	8	3	46	4	96
0	67	1	96	2	74	3	57	4	40
0	78	1	73	2	95	3	6	4	9
0	74	1	91	2	2	3	5	4	20
0	93	1	65	2	65	3	6	4	9
0	11	1	73	2	34	3	75	4	21
0	31	1	27	2	47	3	30	4	95
0	80	1	40	2	57	3	63	4	58
0	3	1	20	2	86	3	39	4	90
0	43	1	13	2	52	3	11	4	83
0	77	1	2	2	73	3	22	4	59
0	22	1	25	2	2	3	38	4	85
0	93	1	63	2	99	3	36	4	9
0	52	1	26	2	66	3	11	4	28
0	35	1	34	2	39	3	47	4	17
0	74	1	79	2	26	3	16	4	65
0	98	1	22	2	24	3	92	4	44
0	30	1	54	2	25	3	71	4	74
0	56	1	38	2	20	3	77	4	65
0	40	1	21	2	50	3	30	4	39
0	17	1	47	2	42	3	82	4	49
0	43	1	62	2	27	3	6	4	84
0	42	1	98	2	86	3	72	4	87
0	72	1	40	2	7	3	92	4	79
0	97	1	1	2	95	3	36	4	72
LBCmax: 1122
RELDUE
-1	969	7	8
-1	51	1	1
-1	583	2	5
-1	809	7	7
-1	747	9	7
-1	488	4	7
-1	216	5	4
-1	965	4	9
-1	743	7	3
-1	438	9	7
-1	464	7	8
-1	786	9	5
-1	349	2	5
-1	374	4	3
-1	0	5	1
-1	651	1	5
-1	194	7	4
-1	112	7	4
-1	858	4	1
-1	249	9	1
-1	528	6	3
-1	468	5	5
-1	416	9	4
-1	895	6	7
-1	929	9	4
-1	0	2	7
-1	39	7	2
-1	541	4	8
-1	463	9	5
-1	352	8	6
-1	63	1	4
-1	466	2	8
-1	0	7	9
-1	0	1	1
-1	477	6	9
-1	207	6	7
-1	1009	4	8
-1	387	2	4
-1	210	3	4
-1	237	6	8
-1	29	9	6
-1	0	4	2
-1	4	8	4
-1	150	7	5
-1	294	9	8
-1	920	5	9
-1	992	2	3
-1	603	1	2
-1	914	1	7
-1	9	8	1
DDW
891	1047
45	57
566	600
655	963
627	867
444	532
201	231
791	1139
728	758
434	442
404	524
700	872
286	412
367	381
0	0
599	703
188	200
111	113
841	875
229	269
512	544
412	524
408	424
743	1047
827	1031
0	0
34	44
536	546
389	537
285	419
59	67
405	527
0	0
0	0
434	520
188	226
898	1120
352	422
193	227
218	256
29	29
0	0
4	4
120	180
279	309
745	1095
982	1002
585	621
786	1042
8	10
