HFSDDW
100	25	5
0	99	1	36	2	70	3	67	4	9
0	83	1	1	2	59	3	41	4	47
0	76	1	38	2	51	3	41	4	94
0	44	1	96	2	12	3	40	4	23
0	71	1	1	2	68	3	83	4	41
0	26	1	63	2	99	3	75	4	11
0	71	1	27	2	66	3	69	4	13
0	38	1	96	2	70	3	17	4	20
0	74	1	43	2	31	3	84	4	19
0	43	1	44	2	9	3	25	4	3
0	19	1	86	2	9	3	74	4	35
0	99	1	68	2	86	3	26	4	82
0	20	1	2	2	84	3	30	4	75
0	49	1	72	2	81	3	28	4	57
0	47	1	26	2	95	3	21	4	48
0	29	1	69	2	83	3	64	4	98
0	82	1	54	2	75	3	73	4	91
0	84	1	19	2	92	3	35	4	14
0	69	1	11	2	45	3	34	4	99
0	73	1	59	2	1	3	9	4	69
0	71	1	62	2	81	3	68	4	55
0	92	1	91	2	88	3	26	4	6
0	30	1	85	2	22	3	28	4	1
0	66	1	26	2	11	3	39	4	91
0	31	1	79	2	47	3	14	4	87
0	36	1	81	2	61	3	21	4	74
0	69	1	69	2	74	3	95	4	27
0	20	1	72	2	8	3	18	4	98
0	93	1	31	2	66	3	29	4	83
0	84	1	88	2	17	3	34	4	33
0	47	1	48	2	62	3	18	4	39
0	91	1	15	2	67	3	80	4	20
0	12	1	31	2	67	3	52	4	37
0	61	1	11	2	27	3	1	4	80
0	93	1	19	2	93	3	40	4	97
0	1	1	14	2	19	3	30	4	4
0	47	1	64	2	27	3	87	4	27
0	22	1	7	2	56	3	56	4	36
0	5	1	6	2	27	3	98	4	87
0	63	1	63	2	14	3	92	4	23
0	73	1	62	2	16	3	53	4	40
0	28	1	55	2	23	3	21	4	38
0	78	1	96	2	37	3	76	4	72
0	47	1	4	2	79	3	25	4	15
0	55	1	55	2	70	3	65	4	76
0	87	1	92	2	95	3	52	4	35
0	37	1	99	2	27	3	8	4	31
0	85	1	49	2	74	3	48	4	98
0	67	1	84	2	36	3	18	4	58
0	9	1	68	2	51	3	27	4	40
0	59	1	84	2	89	3	77	4	68
0	19	1	91	2	51	3	77	4	52
0	36	1	60	2	70	3	85	4	2
0	78	1	70	2	30	3	46	4	86
0	98	1	30	2	31	3	26	4	48
0	71	1	19	2	52	3	7	4	67
0	20	1	41	2	68	3	13	4	75
0	53	1	11	2	49	3	40	4	13
0	93	1	97	2	97	3	96	4	62
0	8	1	14	2	50	3	17	4	79
0	39	1	39	2	5	3	40	4	42
0	30	1	53	2	63	3	30	4	97
0	99	1	40	2	44	3	10	4	33
0	95	1	91	2	58	3	11	4	48
0	67	1	21	2	89	3	34	4	93
0	2	1	32	2	35	3	64	4	41
0	57	1	68	2	35	3	28	4	29
0	80	1	37	2	29	3	70	4	45
0	1	1	48	2	20	3	43	4	13
0	54	1	53	2	87	3	63	4	67
0	17	1	56	2	40	3	69	4	13
0	18	1	49	2	71	3	47	4	41
0	97	1	18	2	99	3	88	4	40
0	32	1	5	2	17	3	80	4	53
0	59	1	62	2	87	3	65	4	48
0	20	1	1	2	47	3	21	4	40
0	48	1	44	2	72	3	96	4	25
0	2	1	29	2	66	3	15	4	12
0	31	1	65	2	82	3	30	4	48
0	82	1	49	2	31	3	3	4	81
0	49	1	36	2	8	3	11	4	9
0	54	1	68	2	74	3	21	4	92
0	17	1	3	2	50	3	8	4	92
0	53	1	45	2	3	3	64	4	39
0	3	1	38	2	2	3	69	4	22
0	93	1	80	2	57	3	18	4	65
0	71	1	69	2	45	3	40	4	90
0	12	1	37	2	61	3	87	4	71
0	33	1	54	2	46	3	23	4	94
0	29	1	15	2	74	3	38	4	94
0	37	1	46	2	67	3	63	4	78
0	12	1	35	2	38	3	88	4	16
0	73	1	11	2	57	3	55	4	22
0	47	1	57	2	10	3	18	4	80
0	16	1	84	2	16	3	93	4	7
0	49	1	91	2	79	3	75	4	93
0	78	1	6	2	20	3	24	4	28
0	25	1	3	2	81	3	62	4	78
0	77	1	99	2	73	3	72	4	97
0	22	1	96	2	90	3	1	4	47
LBCmax: 1119
RELDUE
-1	683	5	1
-1	0	1	7
-1	530	1	1
-1	527	7	1
-1	760	1	8
-1	485	4	4
-1	226	4	7
-1	714	8	1
-1	527	7	2
-1	213	2	8
-1	109	8	9
-1	502	1	4
-1	589	5	9
-1	945	2	1
-1	303	2	9
-1	642	6	9
-1	908	6	4
-1	263	4	7
-1	193	3	4
-1	974	5	5
-1	392	2	3
-1	735	7	4
-1	423	8	7
-1	324	9	4
-1	0	1	2
-1	74	3	4
-1	7	4	7
-1	377	6	5
-1	962	9	6
-1	835	3	2
-1	473	8	7
-1	0	9	1
-1	775	2	5
-1	206	8	9
-1	143	4	1
-1	706	8	4
-1	430	6	6
-1	591	7	5
-1	398	3	6
-1	724	6	7
-1	948	9	8
-1	208	1	9
-1	163	6	3
-1	258	6	9
-1	544	8	8
-1	141	8	6
-1	301	2	3
-1	770	7	4
-1	277	4	7
-1	224	2	4
-1	230	8	9
-1	596	9	9
-1	596	4	9
-1	0	8	7
-1	0	9	1
-1	956	3	3
-1	531	1	5
-1	94	3	9
-1	493	7	9
-1	574	4	9
-1	366	8	9
-1	857	2	5
-1	759	3	3
-1	699	3	3
-1	747	9	3
-1	93	2	6
-1	735	4	3
-1	270	8	1
-1	689	9	1
-1	605	6	7
-1	100	5	9
-1	205	9	7
-1	872	6	5
-1	476	6	7
-1	0	1	7
-1	71	7	5
-1	460	3	3
-1	53	6	9
-1	787	7	4
-1	788	7	1
-1	781	7	6
-1	245	7	6
-1	0	9	6
-1	625	8	8
-1	493	6	2
-1	885	1	7
-1	315	3	7
-1	738	5	8
-1	187	9	5
-1	195	9	7
-1	63	6	5
-1	223	2	3
-1	0	6	7
-1	832	3	2
-1	246	6	9
-1	0	3	5
-1	456	3	5
-1	471	1	8
-1	518	3	3
-1	338	8	9
DDW
587	779
0	0
519	541
432	622
661	859
480	490
215	237
635	793
437	617
179	247
87	131
467	537
524	654
926	964
273	333
623	661
826	990
239	287
191	195
925	1023
365	419
632	838
410	436
279	369
0	0
64	84
6	8
320	434
827	1097
735	935
421	525
0	0
666	884
167	245
142	144
586	826
391	469
550	632
346	450
637	811
853	1043
175	241
152	174
212	304
435	653
113	169
241	361
732	808
271	283
181	267
207	253
495	697
554	638
0	0
0	0
765	1147
457	605
86	102
399	587
568	580
318	414
771	943
622	896
664	734
710	784
87	99
632	838
238	302
682	696
526	684
86	114
201	209
724	1020
433	519
0	0
62	80
423	497
50	56
669	905
630	946
679	883
233	257
0	0
531	719
478	508
761	1009
293	337
723	753
176	198
191	199
60	66
221	225
0	0
724	940
197	295
0	0
374	538
457	485
445	591
291	385
