HFSDDW
200	15	5
0	67	1	13	2	71	3	73	4	62
0	80	1	22	2	59	3	39	4	36
0	7	1	64	2	71	3	86	4	64
0	2	1	77	2	71	3	43	4	74
0	20	1	93	2	80	3	43	4	66
0	11	1	67	2	4	3	30	4	35
0	33	1	58	2	78	3	74	4	84
0	55	1	72	2	14	3	92	4	2
0	45	1	41	2	3	3	44	4	50
0	5	1	95	2	77	3	21	4	41
0	51	1	72	2	96	3	25	4	67
0	73	1	33	2	28	3	7	4	51
0	14	1	19	2	29	3	4	4	4
0	48	1	86	2	97	3	3	4	10
0	30	1	63	2	79	3	42	4	30
0	78	1	90	2	36	3	93	4	62
0	15	1	90	2	83	3	88	4	83
0	61	1	61	2	53	3	7	4	11
0	23	1	44	2	7	3	41	4	88
0	26	1	13	2	99	3	41	4	3
0	18	1	98	2	75	3	11	4	12
0	88	1	93	2	55	3	95	4	89
0	83	1	96	2	35	3	45	4	36
0	24	1	36	2	41	3	21	4	42
0	86	1	33	2	90	3	92	4	87
0	85	1	56	2	38	3	54	4	4
0	66	1	91	2	95	3	90	4	44
0	17	1	15	2	72	3	76	4	94
0	68	1	7	2	58	3	18	4	27
0	26	1	10	2	62	3	6	4	64
0	90	1	72	2	78	3	99	4	16
0	85	1	8	2	82	3	23	4	27
0	32	1	55	2	1	3	91	4	24
0	92	1	2	2	44	3	1	4	20
0	9	1	63	2	64	3	26	4	73
0	79	1	74	2	73	3	66	4	62
0	76	1	94	2	33	3	89	4	13
0	94	1	13	2	95	3	75	4	59
0	9	1	33	2	49	3	50	4	63
0	13	1	7	2	67	3	93	4	35
0	25	1	65	2	62	3	85	4	56
0	28	1	8	2	53	3	26	4	37
0	12	1	35	2	17	3	61	4	51
0	38	1	23	2	11	3	78	4	30
0	80	1	6	2	69	3	42	4	12
0	75	1	14	2	15	3	63	4	60
0	73	1	8	2	79	3	31	4	37
0	11	1	32	2	47	3	33	4	85
0	86	1	60	2	69	3	38	4	47
0	73	1	16	2	88	3	98	4	25
0	90	1	95	2	88	3	64	4	55
0	19	1	96	2	21	3	74	4	81
0	14	1	93	2	90	3	66	4	63
0	5	1	55	2	85	3	25	4	40
0	6	1	75	2	78	3	93	4	44
0	21	1	37	2	31	3	94	4	38
0	59	1	26	2	16	3	38	4	70
0	78	1	19	2	15	3	76	4	19
0	15	1	12	2	73	3	52	4	72
0	92	1	69	2	4	3	75	4	42
0	19	1	31	2	64	3	58	4	20
0	15	1	17	2	95	3	21	4	34
0	82	1	65	2	26	3	37	4	22
0	87	1	77	2	53	3	95	4	85
0	85	1	40	2	9	3	6	4	26
0	94	1	3	2	26	3	22	4	51
0	51	1	33	2	56	3	52	4	20
0	29	1	62	2	57	3	18	4	55
0	61	1	24	2	94	3	43	4	36
0	50	1	86	2	37	3	30	4	84
0	15	1	17	2	8	3	90	4	57
0	78	1	23	2	58	3	33	4	26
0	13	1	90	2	73	3	70	4	83
0	50	1	10	2	73	3	17	4	93
0	26	1	21	2	35	3	41	4	24
0	62	1	46	2	66	3	69	4	76
0	8	1	65	2	96	3	38	4	37
0	35	1	25	2	66	3	95	4	41
0	7	1	4	2	25	3	92	4	42
0	70	1	50	2	24	3	59	4	86
0	41	1	13	2	20	3	36	4	58
0	94	1	81	2	67	3	66	4	94
0	32	1	56	2	88	3	57	4	18
0	47	1	94	2	36	3	34	4	49
0	25	1	43	2	78	3	76	4	87
0	22	1	95	2	42	3	98	4	54
0	12	1	22	2	7	3	83	4	35
0	95	1	46	2	60	3	79	4	42
0	53	1	57	2	99	3	1	4	9
0	50	1	16	2	67	3	75	4	94
0	75	1	14	2	90	3	10	4	61
0	97	1	35	2	44	3	49	4	36
0	98	1	39	2	68	3	13	4	83
0	10	1	49	2	6	3	22	4	22
0	2	1	35	2	57	3	91	4	96
0	67	1	44	2	77	3	67	4	38
0	7	1	28	2	67	3	4	4	78
0	97	1	31	2	96	3	22	4	38
0	61	1	3	2	12	3	43	4	43
0	14	1	89	2	87	3	18	4	99
0	1	1	11	2	46	3	53	4	93
0	41	1	57	2	99	3	14	4	94
0	53	1	57	2	76	3	12	4	30
0	70	1	72	2	65	3	34	4	85
0	78	1	52	2	83	3	83	4	61
0	99	1	23	2	14	3	48	4	83
0	78	1	56	2	60	3	68	4	37
0	95	1	82	2	15	3	11	4	37
0	40	1	32	2	83	3	28	4	84
0	4	1	26	2	1	3	13	4	73
0	41	1	25	2	53	3	32	4	21
0	48	1	27	2	62	3	91	4	94
0	18	1	44	2	51	3	31	4	16
0	96	1	97	2	9	3	74	4	35
0	88	1	57	2	54	3	97	4	45
0	47	1	69	2	56	3	99	4	58
0	73	1	23	2	1	3	75	4	42
0	54	1	4	2	28	3	48	4	88
0	69	1	20	2	23	3	17	4	19
0	96	1	80	2	53	3	12	4	87
0	6	1	18	2	26	3	78	4	84
0	83	1	70	2	56	3	86	4	73
0	79	1	71	2	63	3	34	4	21
0	94	1	43	2	76	3	88	4	62
0	93	1	69	2	61	3	85	4	66
0	68	1	35	2	38	3	78	4	49
0	66	1	17	2	44	3	12	4	52
0	56	1	97	2	23	3	90	4	58
0	84	1	47	2	42	3	74	4	10
0	97	1	57	2	88	3	95	4	24
0	54	1	5	2	64	3	50	4	94
0	36	1	57	2	40	3	13	4	16
0	49	1	32	2	78	3	38	4	8
0	63	1	27	2	51	3	82	4	64
0	97	1	21	2	85	3	31	4	78
0	46	1	28	2	86	3	76	4	68
0	12	1	46	2	42	3	54	4	94
0	61	1	52	2	94	3	18	4	16
0	99	1	57	2	10	3	75	4	9
0	52	1	69	2	4	3	67	4	46
0	71	1	6	2	7	3	31	4	27
0	34	1	20	2	34	3	72	4	48
0	9	1	70	2	63	3	45	4	5
0	4	1	90	2	24	3	43	4	46
0	11	1	32	2	34	3	66	4	65
0	40	1	11	2	11	3	22	4	26
0	77	1	24	2	20	3	31	4	96
0	6	1	39	2	11	3	27	4	61
0	42	1	19	2	23	3	70	4	8
0	30	1	94	2	65	3	70	4	6
0	62	1	45	2	61	3	21	4	35
0	40	1	72	2	41	3	66	4	87
0	24	1	9	2	12	3	46	4	71
0	84	1	50	2	33	3	48	4	99
0	64	1	79	2	97	3	82	4	4
0	92	1	10	2	64	3	58	4	36
0	46	1	45	2	41	3	16	4	64
0	32	1	63	2	99	3	95	4	57
0	34	1	97	2	45	3	40	4	38
0	34	1	7	2	76	3	99	4	24
0	79	1	62	2	17	3	71	4	41
0	82	1	48	2	79	3	18	4	43
0	30	1	9	2	82	3	31	4	42
0	78	1	68	2	96	3	81	4	39
0	21	1	51	2	37	3	91	4	65
0	66	1	35	2	57	3	44	4	70
0	86	1	34	2	64	3	35	4	56
0	83	1	29	2	69	3	75	4	81
0	83	1	84	2	82	3	53	4	28
0	26	1	16	2	14	3	98	4	59
0	65	1	11	2	94	3	60	4	3
0	29	1	25	2	26	3	6	4	74
0	48	1	91	2	35	3	47	4	57
0	96	1	44	2	48	3	74	4	58
0	50	1	98	2	21	3	99	4	56
0	37	1	69	2	84	3	64	4	40
0	51	1	21	2	58	3	85	4	5
0	75	1	39	2	5	3	32	4	28
0	59	1	3	2	64	3	1	4	34
0	92	1	49	2	35	3	95	4	31
0	81	1	67	2	39	3	41	4	10
0	67	1	89	2	94	3	5	4	65
0	59	1	41	2	61	3	65	4	24
0	28	1	33	2	50	3	43	4	81
0	57	1	40	2	16	3	47	4	98
0	47	1	35	2	21	3	66	4	64
0	87	1	35	2	88	3	33	4	58
0	83	1	81	2	18	3	75	4	37
0	86	1	44	2	99	3	67	4	68
0	19	1	42	2	98	3	77	4	7
0	59	1	99	2	91	3	15	4	74
0	42	1	52	2	92	3	42	4	63
0	33	1	69	2	29	3	41	4	78
0	25	1	52	2	29	3	7	4	40
0	46	1	16	2	74	3	6	4	95
0	14	1	40	2	49	3	79	4	80
0	6	1	36	2	44	3	60	4	5
0	87	1	44	2	74	3	59	4	17
0	32	1	89	2	75	3	13	4	5
0	17	1	16	2	59	3	89	4	43
LBCmax: 3589
RELDUE
-1	2739	4	7
-1	817	7	4
-1	3662	6	9
-1	1709	3	2
-1	2507	8	6
-1	1908	1	3
-1	1290	8	4
-1	3419	5	2
-1	1035	2	1
-1	2529	5	3
-1	451	1	3
-1	485	8	6
-1	817	6	1
-1	2560	1	5
-1	2418	5	7
-1	3839	8	4
-1	1267	3	6
-1	2822	9	2
-1	1636	5	6
-1	3599	7	9
-1	3275	3	3
-1	3158	3	9
-1	2860	8	5
-1	3606	3	1
-1	643	5	7
-1	2407	5	7
-1	1804	1	2
-1	2558	9	2
-1	403	9	2
-1	3175	7	6
-1	3874	9	7
-1	3238	7	2
-1	2498	8	7
-1	1653	1	3
-1	871	4	3
-1	3683	7	5
-1	1923	4	5
-1	569	9	8
-1	364	1	8
-1	2577	7	1
-1	2572	7	1
-1	2451	1	8
-1	2341	2	2
-1	3896	3	1
-1	854	6	8
-1	1366	2	3
-1	3104	8	1
-1	865	1	5
-1	2347	6	1
-1	636	2	2
-1	3654	5	1
-1	2038	6	2
-1	1211	1	1
-1	3903	4	6
-1	2583	3	1
-1	3530	2	1
-1	1906	4	7
-1	415	8	9
-1	1425	7	8
-1	459	9	6
-1	463	4	1
-1	2680	6	6
-1	3375	2	4
-1	1809	6	3
-1	2603	4	4
-1	1161	3	9
-1	1936	7	6
-1	3113	6	7
-1	2048	4	9
-1	2683	7	2
-1	2275	8	7
-1	1057	7	6
-1	2816	7	1
-1	3007	9	2
-1	1386	3	2
-1	1183	8	7
-1	1175	2	6
-1	2912	8	4
-1	3110	4	1
-1	3225	1	7
-1	3251	4	1
-1	1297	2	9
-1	570	8	2
-1	3715	4	8
-1	3469	2	1
-1	2195	5	7
-1	2385	1	8
-1	2543	7	6
-1	3018	3	1
-1	1290	8	1
-1	2136	4	5
-1	1867	1	2
-1	3093	5	5
-1	3853	7	2
-1	2473	7	2
-1	3840	4	4
-1	3025	8	1
-1	890	7	7
-1	1651	5	8
-1	3641	8	5
-1	3379	7	1
-1	3940	9	2
-1	2766	7	1
-1	3612	6	4
-1	2310	8	2
-1	2956	2	4
-1	3170	2	1
-1	2153	3	9
-1	2876	1	1
-1	1759	4	3
-1	2713	5	3
-1	2943	1	1
-1	1253	7	2
-1	2148	8	1
-1	1157	2	9
-1	3114	2	4
-1	2468	2	4
-1	3608	4	4
-1	2289	5	8
-1	767	5	4
-1	2724	9	4
-1	3342	3	5
-1	453	9	9
-1	1117	2	8
-1	906	8	7
-1	767	7	5
-1	1912	5	6
-1	2912	1	5
-1	892	9	9
-1	1494	4	5
-1	2107	2	6
-1	644	3	8
-1	1619	1	8
-1	3417	2	8
-1	3795	6	9
-1	3260	4	3
-1	2480	5	9
-1	907	3	1
-1	1763	9	5
-1	871	1	7
-1	2974	9	1
-1	591	3	4
-1	3615	3	6
-1	1618	9	6
-1	2525	4	9
-1	3142	4	6
-1	972	4	9
-1	1304	3	4
-1	3055	2	5
-1	3308	5	2
-1	1730	8	4
-1	3365	2	8
-1	2550	3	5
-1	1243	9	5
-1	1276	3	9
-1	396	5	5
-1	3845	8	7
-1	2008	6	2
-1	3065	3	8
-1	1901	5	4
-1	1403	8	5
-1	617	4	7
-1	1619	6	8
-1	1740	8	5
-1	3600	7	9
-1	2428	8	4
-1	1682	1	9
-1	1784	9	5
-1	2302	8	4
-1	1845	1	8
-1	992	6	4
-1	1920	4	4
-1	2203	4	8
-1	1776	7	7
-1	1741	4	1
-1	2491	1	3
-1	3675	9	1
-1	2784	3	3
-1	2540	9	5
-1	1713	3	5
-1	3744	6	5
-1	967	8	3
-1	3805	1	2
-1	1533	4	9
-1	3713	7	1
-1	2690	4	8
-1	2043	8	7
-1	734	7	5
-1	2500	1	1
-1	3757	4	7
-1	3364	1	1
-1	831	2	7
-1	1790	8	6
-1	3811	4	9
-1	3417	6	7
-1	2715	6	3
-1	2921	2	5
-1	2233	2	2
-1	1966	5	1
-1	455	3	3
DDW
2465	3013
678	956
2930	4394
1589	1829
2181	2833
1813	2003
1161	1419
3180	3658
963	1107
2124	2934
433	469
393	577
809	825
2278	2842
2225	2611
3417	4261
1166	1368
2737	2907
1489	1783
3203	3995
2784	3766
2842	3474
2688	3032
3534	3678
579	707
2359	2455
1551	2057
2405	2711
363	443
2794	3556
3099	4649
3206	3270
2098	2898
1587	1719
819	923
3462	3904
1865	1981
472	666
357	371
2216	2938
2521	2623
2402	2500
2060	2622
3195	4597
769	939
1188	1544
2918	3290
744	986
2253	2441
547	725
3033	4275
1855	2221
1041	1381
3279	4527
2299	2867
2824	4236
1677	2135
336	494
1183	1667
409	509
407	519
2573	2787
2768	3982
1520	2098
2187	3019
1115	1207
1859	2013
2553	3673
1925	2171
2629	2737
2070	2480
930	1184
2788	2844
2526	3488
1261	1511
1029	1337
964	1386
2679	3145
2737	3483
2677	3773
2731	3771
1038	1556
553	587
3121	4309
2914	4024
1954	2436
2218	2552
2034	3052
2595	3441
1213	1367
1816	2456
1774	1960
2474	3712
3429	4277
2399	2547
3149	4531
2874	3176
739	1041
1618	1684
3386	3896
3041	3717
3585	4295
2517	3015
3540	3684
2171	2449
2779	3133
2885	3455
1744	2562
2675	3077
1442	2076
2632	2794
2825	3061
1165	1341
1718	2578
972	1342
2740	3488
2419	2517
3536	3680
1831	2747
729	805
2261	3187
3208	3476
435	471
894	1340
834	978
736	798
1683	2141
2621	3203
767	1017
1315	1673
1938	2276
638	650
1522	1716
3212	3622
3491	4099
2999	3521
2207	2753
898	916
1569	1957
775	967
2885	3063
538	644
3109	4121
1359	1877
2449	2601
2765	3519
787	1157
1291	1317
2566	3544
2944	3672
1453	2007
3230	3500
2116	2984
1019	1467
1148	1404
368	424
3653	4037
1807	2209
2605	3525
1863	1939
1207	1599
500	734
1538	1700
1462	2018
3204	3996
2379	2477
1379	1985
1748	1820
2003	2601
1697	1993
972	1012
1901	1939
1939	2467
1598	1954
1689	1793
2267	2715
3271	4079
2533	3035
2108	2972
1422	2004
3519	3969
851	1083
3272	4338
1487	1579
3119	4307
2556	2824
1941	2145
668	800
2100	2900
3719	3795
3263	3465
814	848
1665	1915
3468	4154
2836	3998
2606	2824
2804	3038
1831	2635
1848	2084
446	464
