HFSDDW
100	15	5
0	28	1	14	2	7	3	57	4	78
0	88	1	59	2	48	3	3	4	94
0	1	1	55	2	23	3	22	4	78
0	16	1	55	2	82	3	14	4	24
0	95	1	42	2	82	3	25	4	49
0	18	1	42	2	37	3	17	4	35
0	64	1	22	2	74	3	58	4	35
0	49	1	14	2	17	3	53	4	86
0	63	1	51	2	56	3	69	4	2
0	2	1	25	2	85	3	33	4	11
0	83	1	6	2	61	3	48	4	5
0	86	1	31	2	82	3	8	4	61
0	47	1	23	2	32	3	68	4	31
0	79	1	80	2	65	3	87	4	29
0	3	1	39	2	30	3	27	4	61
0	44	1	85	2	14	3	23	4	48
0	92	1	56	2	4	3	6	4	51
0	59	1	60	2	27	3	53	4	48
0	18	1	32	2	9	3	92	4	40
0	41	1	20	2	88	3	39	4	23
0	21	1	60	2	98	3	4	4	9
0	44	1	76	2	35	3	86	4	60
0	1	1	18	2	59	3	60	4	68
0	90	1	19	2	27	3	17	4	72
0	20	1	54	2	12	3	39	4	12
0	70	1	31	2	37	3	87	4	21
0	25	1	97	2	74	3	1	4	27
0	33	1	58	2	99	3	97	4	8
0	83	1	26	2	40	3	93	4	48
0	1	1	73	2	48	3	24	4	49
0	22	1	93	2	72	3	67	4	4
0	67	1	49	2	59	3	92	4	39
0	14	1	39	2	48	3	66	4	36
0	4	1	43	2	59	3	34	4	35
0	33	1	19	2	29	3	10	4	88
0	94	1	15	2	19	3	91	4	12
0	97	1	82	2	14	3	38	4	98
0	32	1	26	2	8	3	97	4	60
0	84	1	99	2	7	3	58	4	93
0	45	1	77	2	73	3	57	4	44
0	57	1	15	2	15	3	88	4	17
0	4	1	64	2	62	3	78	4	10
0	52	1	30	2	68	3	81	4	42
0	31	1	26	2	10	3	68	4	5
0	77	1	36	2	61	3	74	4	51
0	34	1	12	2	71	3	16	4	44
0	17	1	42	2	61	3	47	4	54
0	82	1	68	2	25	3	22	4	95
0	68	1	63	2	30	3	88	4	8
0	54	1	31	2	26	3	17	4	62
0	20	1	68	2	6	3	53	4	66
0	22	1	53	2	41	3	38	4	83
0	91	1	93	2	46	3	34	4	92
0	11	1	69	2	21	3	27	4	59
0	63	1	1	2	88	3	72	4	37
0	15	1	6	2	73	3	66	4	96
0	3	1	86	2	54	3	54	4	25
0	48	1	37	2	9	3	80	4	33
0	30	1	27	2	87	3	38	4	4
0	75	1	17	2	95	3	95	4	97
0	85	1	11	2	98	3	58	4	98
0	19	1	79	2	33	3	17	4	52
0	16	1	79	2	75	3	41	4	81
0	6	1	39	2	92	3	10	4	44
0	73	1	60	2	40	3	94	4	29
0	37	1	14	2	50	3	69	4	62
0	97	1	11	2	78	3	68	4	12
0	91	1	88	2	95	3	55	4	7
0	69	1	4	2	92	3	29	4	18
0	50	1	52	2	46	3	57	4	98
0	36	1	24	2	86	3	51	4	24
0	25	1	70	2	5	3	29	4	62
0	5	1	29	2	64	3	55	4	54
0	5	1	2	2	8	3	30	4	89
0	17	1	44	2	38	3	3	4	75
0	70	1	68	2	12	3	76	4	79
0	85	1	68	2	92	3	70	4	26
0	73	1	25	2	27	3	44	4	86
0	22	1	83	2	66	3	93	4	2
0	40	1	40	2	38	3	74	4	14
0	48	1	45	2	16	3	68	4	81
0	91	1	86	2	83	3	75	4	54
0	56	1	58	2	28	3	50	4	77
0	37	1	36	2	93	3	29	4	81
0	80	1	74	2	63	3	43	4	67
0	33	1	77	2	44	3	2	4	35
0	30	1	31	2	38	3	63	4	31
0	41	1	52	2	25	3	88	4	35
0	87	1	41	2	52	3	89	4	30
0	63	1	56	2	17	3	17	4	65
0	5	1	46	2	10	3	92	4	33
0	74	1	81	2	73	3	1	4	48
0	15	1	42	2	82	3	41	4	25
0	26	1	20	2	65	3	19	4	36
0	84	1	12	2	6	3	93	4	94
0	39	1	23	2	74	3	14	4	4
0	77	1	60	2	28	3	37	4	31
0	84	1	21	2	45	3	30	4	57
0	59	1	79	2	24	3	40	4	21
0	45	1	59	2	11	3	65	4	4
LBCmax: 1728
RELDUE
-1	579	6	7
-1	1394	9	8
-1	1528	7	6
-1	1212	3	3
-1	1215	3	1
-1	1427	4	6
-1	528	8	8
-1	96	8	4
-1	1537	8	4
-1	1447	3	5
-1	708	3	2
-1	0	4	5
-1	859	5	7
-1	1506	2	1
-1	1049	4	3
-1	761	4	3
-1	69	7	8
-1	614	7	2
-1	0	7	1
-1	526	4	5
-1	0	4	8
-1	1123	6	1
-1	434	5	7
-1	885	4	6
-1	1153	9	9
-1	0	8	3
-1	1345	6	7
-1	954	4	4
-1	1098	3	5
-1	673	3	1
-1	1210	4	2
-1	31	9	9
-1	0	6	1
-1	0	8	9
-1	868	2	7
-1	1329	7	7
-1	897	1	8
-1	653	1	5
-1	796	5	3
-1	489	9	7
-1	576	3	6
-1	0	2	5
-1	625	4	1
-1	453	7	1
-1	0	5	3
-1	742	9	3
-1	162	7	3
-1	285	1	3
-1	1028	8	6
-1	971	5	5
-1	362	9	5
-1	62	5	2
-1	0	2	2
-1	248	3	8
-1	1542	7	9
-1	1011	9	9
-1	786	5	6
-1	469	8	8
-1	0	1	5
-1	1119	6	6
-1	0	4	8
-1	1129	5	8
-1	553	8	5
-1	691	9	7
-1	64	7	8
-1	503	6	9
-1	1507	8	5
-1	701	8	7
-1	465	1	9
-1	1276	3	2
-1	1419	8	8
-1	971	3	6
-1	1374	4	9
-1	1060	7	2
-1	1506	5	3
-1	1541	3	4
-1	325	1	8
-1	1537	1	2
-1	776	1	6
-1	238	4	7
-1	1315	3	5
-1	887	2	9
-1	1481	3	9
-1	0	2	1
-1	137	7	1
-1	974	8	1
-1	8	2	4
-1	1297	8	5
-1	0	5	8
-1	1413	5	9
-1	370	7	7
-1	254	3	4
-1	594	5	2
-1	1233	9	9
-1	407	4	7
-1	1002	7	4
-1	926	5	5
-1	1489	9	3
-1	215	7	4
-1	988	3	4
DDW
533	625
1282	1506
1452	1604
1151	1273
1154	1276
1398	1456
512	544
89	103
1522	1552
1360	1534
658	758
0	0
842	876
1431	1581
1039	1059
715	807
67	71
565	663
0	0
515	537
0	0
1101	1145
404	464
876	894
1107	1199
0	0
1264	1426
887	1021
1054	1142
633	713
1101	1319
31	31
0	0
0	0
851	885
1196	1462
870	924
594	712
788	804
469	509
524	628
0	0
569	681
408	498
0	0
697	787
157	167
282	288
977	1079
922	1020
358	366
56	68
0	0
243	253
1480	1604
940	1082
770	802
446	492
0	0
1007	1231
0	0
1050	1208
536	570
650	732
60	68
468	538
1417	1597
694	708
446	484
1263	1289
1376	1462
932	1010
1264	1484
1049	1071
1461	1551
1418	1664
315	335
1414	1660
768	784
219	257
1289	1341
843	931
1451	1511
0	0
129	145
877	1071
8	8
1232	1362
0	0
1342	1484
337	403
231	277
546	642
1221	1245
379	435
982	1022
833	1019
1429	1549
209	221
948	1028
