HFSDDW
50	15	5
0	9	1	38	2	93	3	52	4	14
0	4	1	65	2	9	3	99	4	68
0	11	1	48	2	84	3	16	4	53
0	55	1	93	2	1	3	38	4	36
0	94	1	9	2	23	3	84	4	77
0	61	1	10	2	39	3	28	4	64
0	87	1	12	2	21	3	80	4	96
0	57	1	47	2	9	3	43	4	49
0	7	1	16	2	63	3	13	4	32
0	4	1	17	2	26	3	9	4	78
0	78	1	87	2	51	3	17	4	17
0	1	1	15	2	9	3	74	4	53
0	94	1	26	2	80	3	36	4	81
0	99	1	27	2	5	3	19	4	96
0	8	1	85	2	58	3	89	4	29
0	78	1	45	2	11	3	52	4	73
0	44	1	83	2	31	3	50	4	85
0	99	1	60	2	4	3	64	4	95
0	42	1	38	2	34	3	89	4	55
0	80	1	36	2	28	3	32	4	32
0	77	1	13	2	7	3	12	4	70
0	92	1	30	2	61	3	88	4	38
0	55	1	5	2	56	3	1	4	9
0	11	1	95	2	31	3	50	4	81
0	39	1	23	2	40	3	24	4	55
0	69	1	51	2	68	3	34	4	48
0	43	1	17	2	78	3	21	4	96
0	32	1	77	2	19	3	79	4	92
0	70	1	98	2	16	3	26	4	40
0	38	1	81	2	34	3	81	4	44
0	85	1	5	2	77	3	50	4	92
0	54	1	72	2	83	3	57	4	2
0	41	1	61	2	27	3	40	4	95
0	38	1	26	2	36	3	4	4	77
0	34	1	76	2	51	3	57	4	12
0	40	1	8	2	15	3	83	4	17
0	87	1	18	2	86	3	90	4	63
0	38	1	40	2	28	3	28	4	43
0	59	1	93	2	62	3	78	4	52
0	9	1	71	2	76	3	31	4	3
0	12	1	46	2	30	3	5	4	11
0	9	1	54	2	20	3	39	4	52
0	46	1	58	2	1	3	40	4	14
0	24	1	75	2	37	3	76	4	57
0	98	1	97	2	9	3	61	4	18
0	40	1	15	2	73	3	6	4	3
0	69	1	31	2	84	3	81	4	5
0	42	1	88	2	82	3	80	4	54
0	84	1	20	2	89	3	75	4	96
0	2	1	93	2	22	3	64	4	28
LBCmax: 933
RELDUE
-1	219	3	7
-1	229	8	9
-1	838	9	4
-1	595	7	7
-1	0	1	3
-1	38	1	1
-1	256	1	7
-1	546	3	1
-1	716	7	4
-1	560	6	5
-1	788	8	6
-1	659	4	5
-1	39	7	2
-1	243	9	5
-1	688	6	7
-1	48	7	5
-1	599	4	8
-1	87	9	7
-1	236	1	2
-1	579	8	3
-1	235	6	5
-1	774	1	5
-1	440	8	9
-1	114	2	3
-1	582	8	6
-1	645	3	7
-1	0	8	4
-1	216	9	6
-1	511	3	4
-1	63	3	7
-1	344	4	3
-1	773	2	3
-1	0	5	5
-1	631	6	2
-1	555	8	5
-1	227	9	6
-1	200	5	4
-1	1	9	3
-1	630	5	8
-1	755	6	7
-1	0	9	7
-1	90	6	1
-1	798	4	1
-1	0	7	9
-1	466	8	3
-1	0	4	6
-1	0	9	1
-1	403	8	3
-1	761	4	7
-1	665	1	4
DDW
201	237
183	275
754	922
547	643
0	0
32	44
246	266
491	601
644	788
482	638
772	804
600	718
32	46
214	272
578	798
41	55
509	689
84	90
189	283
521	637
195	275
673	875
409	471
101	127
570	594
600	690
0	0
194	238
455	567
54	72
279	409
649	897
0	0
599	663
516	594
225	229
188	212
1	1
573	687
657	853
0	0
86	94
710	886
0	0
447	485
0	0
0	0
375	431
715	807
645	685
