HFSDDW
50	25	5
0	46	1	50	2	18	3	42	4	80
0	28	1	40	2	97	3	60	4	47
0	74	1	55	2	37	3	13	4	47
0	96	1	26	2	97	3	48	4	59
0	67	1	27	2	55	3	74	4	25
0	17	1	3	2	69	3	44	4	19
0	28	1	11	2	13	3	84	4	37
0	25	1	84	2	57	3	47	4	33
0	38	1	38	2	96	3	79	4	16
0	19	1	11	2	58	3	67	4	98
0	53	1	65	2	47	3	53	4	14
0	19	1	94	2	44	3	17	4	64
0	25	1	71	2	54	3	42	4	20
0	64	1	43	2	53	3	75	4	23
0	12	1	68	2	51	3	15	4	22
0	29	1	30	2	75	3	58	4	6
0	7	1	44	2	3	3	46	4	66
0	63	1	63	2	59	3	70	4	19
0	30	1	41	2	41	3	83	4	9
0	67	1	84	2	55	3	59	4	52
0	76	1	58	2	83	3	45	4	86
0	84	1	14	2	33	3	32	4	84
0	88	1	20	2	85	3	11	4	57
0	81	1	68	2	8	3	75	4	57
0	1	1	83	2	82	3	57	4	92
0	71	1	28	2	68	3	6	4	54
0	45	1	74	2	17	3	7	4	30
0	48	1	61	2	58	3	59	4	81
0	49	1	31	2	28	3	86	4	30
0	11	1	55	2	30	3	26	4	28
0	98	1	76	2	79	3	3	4	52
0	92	1	75	2	27	3	52	4	16
0	56	1	45	2	27	3	77	4	40
0	15	1	3	2	79	3	81	4	10
0	20	1	11	2	48	3	94	4	8
0	69	1	55	2	96	3	28	4	82
0	16	1	98	2	43	3	78	4	56
0	68	1	94	2	14	3	54	4	37
0	73	1	34	2	6	3	44	4	25
0	5	1	4	2	51	3	46	4	16
0	8	1	76	2	48	3	16	4	8
0	87	1	29	2	85	3	95	4	82
0	37	1	79	2	99	3	69	4	99
0	57	1	3	2	49	3	21	4	72
0	20	1	89	2	25	3	45	4	37
0	85	1	5	2	5	3	69	4	4
0	66	1	5	2	50	3	12	4	75
0	39	1	51	2	27	3	71	4	68
0	40	1	10	2	19	3	71	4	99
0	93	1	35	2	37	3	44	4	68
LBCmax: 600
RELDUE
-1	307	6	5
-1	498	4	8
-1	409	6	3
-1	567	7	8
-1	645	4	8
-1	365	5	9
-1	485	6	4
-1	312	7	2
-1	587	6	2
-1	378	9	1
-1	599	6	5
-1	386	7	4
-1	358	7	6
-1	632	3	3
-1	361	7	2
-1	418	2	5
-1	405	9	8
-1	614	8	1
-1	638	3	7
-1	519	4	7
-1	323	3	9
-1	571	4	3
-1	579	1	9
-1	489	9	1
-1	417	8	7
-1	336	5	8
-1	555	4	5
-1	494	1	1
-1	461	7	1
-1	454	1	1
-1	483	9	5
-1	544	1	3
-1	517	7	1
-1	305	9	8
-1	303	6	7
-1	338	9	8
-1	566	7	2
-1	573	7	6
-1	358	2	4
-1	506	3	8
-1	616	7	2
-1	472	5	9
-1	470	6	4
-1	478	1	5
-1	608	7	7
-1	355	3	2
-1	635	7	4
-1	394	7	8
-1	496	8	1
-1	541	6	1
DDW
249	365
488	508
364	454
550	584
542	748
314	416
480	490
300	324
493	681
344	412
485	713
355	417
301	415
594	670
336	386
347	489
324	486
596	632
561	715
483	555
262	384
514	628
562	596
401	577
379	455
286	386
533	577
454	534
420	502
372	536
406	560
528	560
434	600
290	320
245	361
294	382
492	640
527	619
344	372
405	607
567	665
382	562
395	545
449	507
511	705
291	419
584	686
359	429
491	501
438	644
