HFSDDW
50	15	5
0	10	1	56	2	93	3	30	4	41
0	21	1	78	2	17	3	5	4	53
0	55	1	69	2	66	3	82	4	5
0	11	1	88	2	16	3	42	4	51
0	38	1	3	2	24	3	50	4	63
0	10	1	58	2	37	3	64	4	66
0	75	1	26	2	65	3	13	4	76
0	32	1	35	2	4	3	8	4	17
0	34	1	4	2	11	3	49	4	1
0	95	1	53	2	99	3	15	4	22
0	12	1	17	2	61	3	65	4	72
0	8	1	33	2	44	3	67	4	32
0	62	1	41	2	53	3	38	4	77
0	30	1	5	2	53	3	6	4	72
0	75	1	84	2	8	3	26	4	18
0	35	1	92	2	74	3	50	4	67
0	56	1	59	2	23	3	42	4	55
0	59	1	64	2	1	3	41	4	69
0	99	1	91	2	37	3	76	4	54
0	92	1	50	2	73	3	71	4	70
0	90	1	1	2	93	3	43	4	46
0	27	1	10	2	36	3	47	4	37
0	16	1	58	2	93	3	99	4	75
0	4	1	19	2	11	3	82	4	19
0	66	1	5	2	12	3	37	4	72
0	84	1	48	2	31	3	72	4	25
0	84	1	19	2	3	3	80	4	76
0	56	1	65	2	80	3	96	4	28
0	49	1	28	2	53	3	4	4	53
0	42	1	97	2	38	3	1	4	51
0	74	1	39	2	90	3	52	4	5
0	86	1	88	2	57	3	70	4	62
0	79	1	78	2	63	3	23	4	53
0	96	1	55	2	14	3	23	4	19
0	39	1	39	2	15	3	55	4	70
0	38	1	52	2	9	3	83	4	31
0	86	1	10	2	31	3	21	4	51
0	45	1	29	2	50	3	76	4	90
0	68	1	8	2	10	3	35	4	48
0	70	1	65	2	31	3	51	4	57
0	86	1	84	2	15	3	81	4	13
0	35	1	25	2	35	3	82	4	66
0	35	1	80	2	74	3	40	4	75
0	70	1	48	2	42	3	71	4	8
0	67	1	6	2	38	3	33	4	51
0	31	1	29	2	80	3	8	4	99
0	73	1	22	2	57	3	26	4	45
0	3	1	95	2	49	3	9	4	16
0	21	1	93	2	68	3	10	4	56
0	88	1	34	2	69	3	59	4	78
LBCmax: 960
RELDUE
-1	418	6	8
-1	416	7	8
-1	628	1	3
-1	535	9	1
-1	804	6	2
-1	753	4	2
-1	553	1	7
-1	762	8	5
-1	465	3	9
-1	757	1	4
-1	322	5	1
-1	542	1	3
-1	449	2	6
-1	767	8	1
-1	824	5	1
-1	363	1	5
-1	419	2	4
-1	563	9	1
-1	839	8	4
-1	703	3	5
-1	717	6	6
-1	861	6	2
-1	480	2	4
-1	606	1	5
-1	791	4	6
-1	714	5	7
-1	505	8	7
-1	450	9	6
-1	730	7	4
-1	651	7	4
-1	847	4	8
-1	632	6	5
-1	408	1	9
-1	455	1	7
-1	730	7	7
-1	581	6	9
-1	647	7	5
-1	370	8	9
-1	499	5	9
-1	655	2	7
-1	615	5	3
-1	363	6	8
-1	390	6	4
-1	447	7	4
-1	345	4	4
-1	729	4	4
-1	667	6	8
-1	775	2	8
-1	383	9	2
-1	534	2	3
DDW
389	447
383	449
528	728
455	615
796	812
655	851
448	658
716	808
377	553
606	908
316	328
444	640
418	480
614	920
676	972
352	374
398	440
473	653
688	990
605	801
695	739
740	982
451	509
570	642
728	854
685	743
475	535
364	536
664	796
644	658
686	1008
581	683
343	473
378	532
664	796
558	604
576	718
300	440
419	579
531	779
554	676
327	399
355	425
407	487
321	369
649	809
647	687
666	884
306	460
529	539
