HFSDDW
50	25	5
0	68	1	41	2	77	3	51	4	82
0	44	1	23	2	80	3	80	4	64
0	44	1	70	2	31	3	35	4	62
0	53	1	92	2	25	3	26	4	16
0	36	1	19	2	94	3	68	4	20
0	19	1	7	2	70	3	89	4	38
0	45	1	4	2	78	3	1	4	8
0	39	1	45	2	45	3	56	4	83
0	8	1	79	2	85	3	24	4	78
0	62	1	39	2	77	3	77	4	51
0	13	1	4	2	49	3	87	4	56
0	50	1	46	2	10	3	31	4	63
0	38	1	53	2	91	3	43	4	19
0	41	1	92	2	30	3	28	4	23
0	9	1	47	2	69	3	42	4	8
0	57	1	33	2	71	3	89	4	57
0	80	1	29	2	92	3	39	4	26
0	42	1	54	2	90	3	45	4	57
0	93	1	35	2	15	3	93	4	45
0	55	1	88	2	43	3	5	4	38
0	70	1	9	2	49	3	54	4	43
0	65	1	35	2	7	3	80	4	98
0	17	1	75	2	20	3	74	4	83
0	9	1	60	2	52	3	17	4	77
0	86	1	2	2	85	3	71	4	30
0	73	1	33	2	76	3	97	4	52
0	69	1	90	2	67	3	52	4	86
0	71	1	80	2	38	3	95	4	60
0	7	1	48	2	11	3	46	4	40
0	18	1	15	2	40	3	10	4	37
0	95	1	36	2	26	3	27	4	52
0	68	1	24	2	77	3	25	4	70
0	33	1	59	2	10	3	28	4	30
0	27	1	9	2	68	3	87	4	12
0	29	1	22	2	57	3	57	4	71
0	39	1	91	2	40	3	32	4	13
0	58	1	93	2	66	3	61	4	57
0	34	1	65	2	40	3	1	4	19
0	48	1	3	2	14	3	26	4	28
0	48	1	38	2	82	3	16	4	14
0	10	1	47	2	52	3	97	4	8
0	73	1	79	2	68	3	56	4	13
0	76	1	84	2	46	3	13	4	12
0	40	1	92	2	49	3	71	4	96
0	61	1	68	2	68	3	69	4	64
0	27	1	9	2	31	3	30	4	23
0	1	1	10	2	24	3	19	4	3
0	11	1	41	2	68	3	53	4	84
0	55	1	96	2	84	3	87	4	42
0	64	1	56	2	2	3	14	4	87
LBCmax: 581
RELDUE
-1	369	1	3
-1	488	9	2
-1	213	9	3
-1	244	9	3
-1	354	8	8
-1	319	6	9
-1	448	5	4
-1	463	2	6
-1	293	3	9
-1	459	6	1
-1	399	7	6
-1	341	6	5
-1	309	7	4
-1	290	9	3
-1	219	7	4
-1	407	1	3
-1	386	1	5
-1	271	9	4
-1	208	2	1
-1	177	5	4
-1	519	2	7
-1	258	3	8
-1	508	1	4
-1	476	1	9
-1	317	6	6
-1	401	7	6
-1	465	8	7
-1	458	1	5
-1	270	7	4
-1	522	5	5
-1	419	4	7
-1	199	6	5
-1	233	8	3
-1	320	9	1
-1	407	4	7
-1	210	4	3
-1	517	4	3
-1	184	8	9
-1	407	4	8
-1	387	5	3
-1	288	4	9
-1	377	6	1
-1	293	6	5
-1	424	5	4
-1	243	5	5
-1	198	7	7
-1	376	6	1
-1	354	9	5
-1	432	2	8
-1	436	1	7
DDW
332	406
483	493
185	241
198	290
336	372
287	351
430	466
412	514
243	343
445	473
387	411
280	402
247	371
281	299
212	226
362	452
378	394
241	301
171	245
165	189
436	602
230	286
447	569
390	562
254	380
345	457
400	530
421	495
248	292
475	569
348	490
177	221
196	270
275	365
334	480
193	227
486	548
156	212
338	476
379	395
271	305
305	449
261	325
394	454
224	262
162	234
316	436
319	389
350	514
397	475
