HFSDDW
100	25	5
0	9	1	15	2	95	3	87	4	39
0	59	1	72	2	42	3	37	4	82
0	15	1	91	2	24	3	5	4	45
0	19	1	21	2	32	3	85	4	16
0	14	1	91	2	33	3	13	4	42
0	81	1	92	2	68	3	51	4	22
0	72	1	65	2	22	3	48	4	50
0	65	1	19	2	73	3	24	4	61
0	60	1	46	2	74	3	49	4	22
0	2	1	54	2	59	3	43	4	59
0	57	1	79	2	64	3	7	4	94
0	18	1	81	2	82	3	46	4	57
0	67	1	5	2	90	3	15	4	11
0	49	1	70	2	75	3	54	4	79
0	99	1	48	2	9	3	24	4	55
0	67	1	18	2	84	3	91	4	41
0	27	1	34	2	26	3	91	4	65
0	93	1	1	2	15	3	54	4	33
0	84	1	36	2	27	3	66	4	94
0	56	1	55	2	59	3	39	4	72
0	32	1	79	2	5	3	64	4	59
0	9	1	70	2	40	3	52	4	27
0	1	1	97	2	91	3	5	4	30
0	33	1	78	2	99	3	50	4	17
0	48	1	55	2	22	3	22	4	95
0	63	1	21	2	43	3	30	4	98
0	13	1	58	2	45	3	19	4	9
0	48	1	29	2	62	3	32	4	56
0	23	1	61	2	63	3	27	4	33
0	87	1	45	2	23	3	37	4	61
0	77	1	56	2	9	3	22	4	24
0	76	1	57	2	83	3	68	4	96
0	87	1	28	2	11	3	53	4	15
0	42	1	52	2	72	3	95	4	81
0	4	1	17	2	67	3	93	4	94
0	87	1	91	2	94	3	89	4	8
0	19	1	98	2	7	3	68	4	21
0	56	1	49	2	24	3	95	4	33
0	91	1	46	2	93	3	36	4	69
0	95	1	50	2	11	3	12	4	91
0	35	1	72	2	27	3	55	4	57
0	61	1	88	2	16	3	28	4	37
0	85	1	62	2	94	3	60	4	77
0	89	1	22	2	42	3	32	4	58
0	92	1	29	2	77	3	63	4	90
0	58	1	24	2	32	3	25	4	99
0	38	1	81	2	82	3	97	4	73
0	46	1	72	2	51	3	11	4	60
0	68	1	34	2	95	3	58	4	47
0	29	1	52	2	33	3	58	4	80
0	73	1	8	2	78	3	54	4	98
0	7	1	95	2	63	3	64	4	99
0	37	1	57	2	90	3	29	4	99
0	4	1	79	2	96	3	87	4	32
0	17	1	70	2	32	3	72	4	90
0	58	1	33	2	19	3	17	4	62
0	7	1	91	2	73	3	45	4	26
0	30	1	4	2	29	3	99	4	67
0	50	1	9	2	87	3	12	4	23
0	11	1	44	2	67	3	59	4	44
0	49	1	55	2	45	3	26	4	63
0	4	1	76	2	6	3	63	4	41
0	73	1	77	2	47	3	2	4	93
0	46	1	84	2	46	3	3	4	69
0	1	1	51	2	97	3	21	4	82
0	8	1	82	2	20	3	50	4	80
0	15	1	66	2	59	3	72	4	14
0	51	1	46	2	47	3	81	4	22
0	53	1	97	2	66	3	58	4	94
0	73	1	62	2	85	3	18	4	76
0	27	1	97	2	64	3	90	4	43
0	98	1	58	2	25	3	44	4	55
0	21	1	56	2	56	3	82	4	26
0	7	1	19	2	74	3	88	4	42
0	1	1	37	2	64	3	80	4	16
0	4	1	84	2	39	3	27	4	9
0	46	1	96	2	2	3	73	4	54
0	18	1	3	2	68	3	30	4	16
0	92	1	22	2	4	3	27	4	2
0	97	1	41	2	83	3	33	4	87
0	55	1	87	2	97	3	76	4	76
0	89	1	33	2	83	3	74	4	39
0	14	1	20	2	98	3	35	4	10
0	24	1	54	2	83	3	29	4	9
0	5	1	50	2	44	3	73	4	49
0	79	1	34	2	38	3	79	4	19
0	63	1	2	2	7	3	39	4	54
0	58	1	99	2	26	3	97	4	64
0	84	1	19	2	94	3	90	4	3
0	73	1	24	2	68	3	17	4	77
0	43	1	57	2	55	3	24	4	83
0	5	1	44	2	24	3	27	4	96
0	56	1	94	2	5	3	56	4	76
0	12	1	14	2	59	3	81	4	51
0	24	1	29	2	85	3	64	4	25
0	86	1	55	2	53	3	71	4	76
0	56	1	66	2	21	3	2	4	76
0	6	1	46	2	83	3	56	4	49
0	15	1	76	2	99	3	1	4	9
0	89	1	15	2	39	3	15	4	90
LBCmax: 1197
RELDUE
-1	981	7	5
-1	992	2	1
-1	1046	1	9
-1	996	6	4
-1	966	1	2
-1	872	8	2
-1	1010	3	2
-1	1056	8	1
-1	1075	6	9
-1	1070	5	6
-1	956	7	6
-1	1054	2	5
-1	964	2	8
-1	958	9	2
-1	936	4	9
-1	1053	9	3
-1	1014	1	6
-1	843	4	7
-1	1028	6	2
-1	1007	3	2
-1	995	1	2
-1	910	8	4
-1	844	1	2
-1	913	9	1
-1	925	6	7
-1	953	8	2
-1	907	7	7
-1	1042	9	2
-1	970	4	7
-1	921	9	2
-1	1009	1	5
-1	878	9	2
-1	930	3	6
-1	1032	1	6
-1	877	8	1
-1	1057	4	5
-1	1027	7	3
-1	969	6	6
-1	952	7	7
-1	986	4	1
-1	918	9	8
-1	970	5	7
-1	1039	1	7
-1	980	5	4
-1	1077	7	3
-1	896	4	9
-1	893	3	1
-1	956	2	6
-1	981	2	7
-1	883	2	5
-1	876	1	4
-1	867	3	5
-1	979	3	4
-1	943	5	5
-1	896	1	4
-1	908	5	6
-1	985	3	8
-1	971	3	2
-1	908	9	3
-1	851	2	5
-1	1042	1	6
-1	1045	8	5
-1	923	7	5
-1	991	2	6
-1	899	1	1
-1	916	4	9
-1	961	5	9
-1	1010	1	5
-1	919	5	9
-1	957	4	6
-1	864	2	1
-1	882	4	4
-1	968	7	7
-1	880	7	4
-1	927	8	9
-1	862	6	8
-1	949	6	6
-1	942	4	4
-1	913	5	7
-1	867	8	8
-1	898	2	9
-1	1029	4	9
-1	899	9	5
-1	925	2	3
-1	882	7	8
-1	979	6	9
-1	976	8	5
-1	1065	4	1
-1	974	3	5
-1	1046	8	9
-1	909	7	7
-1	893	8	1
-1	899	5	5
-1	939	4	8
-1	1021	5	7
-1	950	9	8
-1	885	1	6
-1	885	4	3
-1	918	6	5
-1	999	4	3
DDW
912	1050
942	1042
973	1119
896	1096
927	1005
811	933
909	1111
1035	1077
1032	1118
1027	1113
937	975
949	1159
868	1060
872	1044
917	955
1000	1106
1004	1024
809	877
977	1079
967	1047
975	1015
883	937
776	912
904	922
842	1008
867	1039
825	989
1000	1084
960	980
912	930
959	1059
808	948
921	939
970	1094
842	912
1015	1099
1017	1037
882	1056
876	1028
897	1075
863	973
941	999
977	1101
960	1000
1012	1142
887	905
813	973
927	985
932	1030
795	971
850	902
841	893
969	989
934	952
878	914
872	944
916	1054
903	1039
890	926
808	894
959	1125
972	1118
914	932
961	1021
809	989
879	953
865	1057
960	1060
864	974
880	1034
829	899
856	908
910	1026
818	942
844	1010
784	940
873	1025
885	999
858	968
789	945
889	907
957	1101
818	980
916	934
803	961
950	1008
898	1054
1054	1076
925	1023
1036	1056
845	973
848	938
836	962
911	967
1001	1041
864	1036
867	903
858	912
890	946
969	1029
