HFSDDW
50	25	5
0	70	1	56	2	3	3	36	4	68
0	41	1	36	2	27	3	69	4	88
0	57	1	19	2	57	3	82	4	15
0	96	1	59	2	21	3	57	4	48
0	99	1	83	2	15	3	70	4	10
0	15	1	12	2	7	3	75	4	65
0	32	1	78	2	20	3	7	4	95
0	57	1	61	2	68	3	35	4	34
0	90	1	16	2	91	3	13	4	83
0	31	1	54	2	44	3	35	4	45
0	85	1	34	2	77	3	5	4	72
0	86	1	42	2	32	3	27	4	54
0	30	1	29	2	51	3	5	4	56
0	78	1	99	2	51	3	86	4	57
0	36	1	90	2	85	3	24	4	57
0	84	1	92	2	2	3	86	4	79
0	60	1	67	2	72	3	31	4	79
0	98	1	2	2	15	3	34	4	10
0	16	1	29	2	42	3	81	4	4
0	62	1	64	2	86	3	57	4	5
0	31	1	4	2	58	3	77	4	9
0	95	1	49	2	54	3	47	4	88
0	94	1	41	2	45	3	47	4	93
0	63	1	56	2	21	3	26	4	58
0	77	1	84	2	17	3	77	4	42
0	7	1	48	2	5	3	20	4	95
0	20	1	6	2	44	3	81	4	48
0	57	1	9	2	95	3	22	4	84
0	49	1	47	2	67	3	46	4	16
0	74	1	83	2	94	3	87	4	40
0	7	1	43	2	61	3	99	4	28
0	46	1	86	2	81	3	35	4	3
0	47	1	44	2	34	3	52	4	68
0	88	1	96	2	64	3	99	4	37
0	55	1	60	2	98	3	42	4	9
0	31	1	18	2	71	3	61	4	68
0	23	1	53	2	17	3	80	4	89
0	77	1	45	2	45	3	54	4	2
0	70	1	28	2	61	3	20	4	37
0	6	1	13	2	16	3	77	4	27
0	78	1	20	2	95	3	50	4	85
0	46	1	45	2	19	3	91	4	96
0	29	1	15	2	20	3	67	4	79
0	93	1	27	2	54	3	63	4	91
0	44	1	52	2	10	3	98	4	67
0	27	1	99	2	78	3	5	4	3
0	19	1	2	2	94	3	34	4	89
0	4	1	58	2	67	3	95	4	43
0	32	1	26	2	54	3	57	4	72
0	56	1	8	2	94	3	40	4	44
LBCmax: 662
RELDUE
-1	511	4	2
-1	432	2	6
-1	409	1	2
-1	539	1	3
-1	530	3	6
-1	303	3	6
-1	238	7	7
-1	583	4	4
-1	530	3	5
-1	431	6	2
-1	384	8	2
-1	462	4	2
-1	254	8	7
-1	549	7	2
-1	509	3	9
-1	308	1	3
-1	279	7	8
-1	540	7	9
-1	505	8	7
-1	502	5	1
-1	338	6	2
-1	437	8	8
-1	432	4	4
-1	276	9	2
-1	436	9	6
-1	269	4	6
-1	588	1	6
-1	406	6	3
-1	303	8	1
-1	243	8	4
-1	274	4	8
-1	220	1	3
-1	351	6	9
-1	442	8	8
-1	296	9	4
-1	436	5	5
-1	393	1	6
-1	234	6	6
-1	400	3	5
-1	451	8	5
-1	569	8	6
-1	444	3	7
-1	532	6	5
-1	345	3	2
-1	584	2	5
-1	460	1	8
-1	246	9	2
-1	460	6	8
-1	515	1	5
-1	376	3	4
DDW
455	567
428	436
393	425
480	598
525	535
251	355
209	267
531	635
525	535
427	435
307	461
425	499
241	267
511	587
453	565
259	357
248	310
491	589
424	586
487	517
291	385
371	503
367	497
251	301
405	467
231	307
512	664
337	475
245	361
204	282
241	307
185	255
333	369
402	482
237	355
366	506
354	432
199	269
348	452
383	519
467	671
364	524
521	543
335	355
514	654
391	529
214	278
400	520
448	582
312	440
