HFSDDW
100	15	5
0	87	1	54	2	41	3	42	4	46
0	57	1	67	2	5	3	73	4	96
0	20	1	8	2	84	3	80	4	67
0	83	1	68	2	9	3	26	4	49
0	34	1	13	2	35	3	49	4	97
0	30	1	67	2	18	3	96	4	32
0	58	1	59	2	45	3	7	4	7
0	9	1	52	2	54	3	56	4	49
0	1	1	78	2	36	3	8	4	79
0	99	1	52	2	28	3	39	4	12
0	77	1	20	2	14	3	20	4	52
0	74	1	20	2	91	3	44	4	16
0	89	1	50	2	9	3	42	4	39
0	60	1	63	2	78	3	73	4	58
0	31	1	14	2	53	3	76	4	48
0	55	1	76	2	27	3	69	4	97
0	77	1	40	2	78	3	84	4	54
0	38	1	46	2	25	3	54	4	32
0	89	1	61	2	10	3	41	4	60
0	51	1	70	2	94	3	69	4	20
0	37	1	74	2	55	3	81	4	81
0	64	1	67	2	37	3	71	4	96
0	98	1	93	2	22	3	47	4	38
0	50	1	71	2	24	3	87	4	1
0	15	1	38	2	24	3	41	4	69
0	70	1	5	2	13	3	17	4	96
0	85	1	82	2	57	3	50	4	61
0	4	1	85	2	97	3	4	4	90
0	71	1	9	2	54	3	57	4	34
0	96	1	40	2	63	3	3	4	10
0	79	1	46	2	7	3	68	4	5
0	99	1	51	2	14	3	12	4	12
0	59	1	54	2	21	3	75	4	12
0	16	1	36	2	71	3	85	4	35
0	65	1	74	2	21	3	96	4	30
0	7	1	84	2	66	3	7	4	73
0	30	1	42	2	10	3	8	4	17
0	40	1	76	2	89	3	45	4	62
0	52	1	71	2	85	3	92	4	32
0	17	1	87	2	78	3	46	4	19
0	61	1	68	2	77	3	68	4	44
0	6	1	25	2	10	3	39	4	98
0	16	1	84	2	8	3	39	4	81
0	18	1	45	2	14	3	58	4	72
0	40	1	46	2	27	3	24	4	82
0	94	1	88	2	29	3	65	4	13
0	19	1	6	2	21	3	88	4	13
0	62	1	64	2	42	3	63	4	12
0	15	1	66	2	51	3	46	4	47
0	67	1	64	2	47	3	11	4	15
0	72	1	74	2	21	3	74	4	78
0	15	1	42	2	54	3	85	4	50
0	17	1	96	2	44	3	27	4	79
0	10	1	64	2	19	3	26	4	19
0	53	1	3	2	51	3	46	4	57
0	73	1	95	2	80	3	77	4	16
0	31	1	42	2	18	3	51	4	40
0	45	1	84	2	46	3	10	4	98
0	21	1	11	2	57	3	13	4	95
0	18	1	22	2	25	3	67	4	37
0	4	1	45	2	22	3	92	4	61
0	69	1	23	2	74	3	17	4	6
0	19	1	61	2	76	3	70	4	20
0	74	1	79	2	93	3	86	4	35
0	25	1	19	2	9	3	28	4	98
0	42	1	46	2	38	3	50	4	39
0	52	1	71	2	14	3	41	4	12
0	85	1	21	2	26	3	89	4	70
0	22	1	11	2	29	3	5	4	79
0	59	1	34	2	86	3	93	4	21
0	39	1	29	2	38	3	33	4	12
0	85	1	36	2	93	3	93	4	20
0	24	1	85	2	25	3	78	4	53
0	48	1	48	2	36	3	58	4	34
0	54	1	53	2	4	3	16	4	13
0	15	1	89	2	5	3	49	4	39
0	8	1	59	2	45	3	29	4	99
0	23	1	33	2	80	3	29	4	27
0	50	1	27	2	32	3	70	4	47
0	37	1	86	2	51	3	51	4	32
0	11	1	98	2	29	3	60	4	67
0	86	1	25	2	23	3	20	4	96
0	95	1	31	2	45	3	55	4	12
0	64	1	40	2	95	3	78	4	31
0	15	1	67	2	8	3	31	4	83
0	27	1	22	2	34	3	68	4	75
0	29	1	38	2	53	3	18	4	29
0	10	1	31	2	84	3	62	4	14
0	98	1	11	2	61	3	32	4	31
0	19	1	82	2	77	3	58	4	82
0	96	1	90	2	73	3	21	4	17
0	44	1	90	2	97	3	76	4	40
0	64	1	91	2	54	3	44	4	68
0	58	1	78	2	28	3	26	4	3
0	34	1	56	2	33	3	64	4	32
0	5	1	7	2	75	3	99	4	64
0	45	1	45	2	75	3	86	4	79
0	38	1	65	2	32	3	1	4	84
0	19	1	33	2	9	3	23	4	50
0	7	1	56	2	17	3	64	4	73
LBCmax: 1793
RELDUE
-1	683	9	6
-1	735	1	3
-1	720	1	9
-1	739	6	3
-1	713	8	5
-1	684	9	9
-1	744	2	9
-1	568	8	4
-1	856	6	1
-1	582	3	1
-1	671	1	3
-1	592	3	6
-1	889	4	4
-1	580	5	4
-1	878	8	2
-1	607	7	3
-1	594	2	9
-1	782	8	1
-1	772	4	6
-1	645	8	4
-1	870	1	2
-1	703	9	1
-1	633	4	7
-1	686	7	5
-1	836	1	1
-1	541	7	5
-1	707	5	2
-1	576	9	7
-1	591	4	5
-1	628	8	6
-1	710	5	2
-1	860	4	7
-1	579	7	7
-1	632	7	3
-1	624	2	8
-1	861	1	1
-1	875	3	9
-1	607	1	9
-1	671	4	3
-1	674	2	7
-1	827	7	9
-1	741	4	8
-1	693	5	2
-1	855	7	9
-1	709	1	1
-1	550	6	9
-1	663	8	2
-1	884	9	8
-1	636	7	3
-1	646	3	7
-1	865	9	5
-1	854	4	3
-1	722	1	6
-1	660	3	6
-1	827	2	9
-1	877	4	2
-1	640	3	1
-1	571	9	5
-1	799	8	6
-1	710	3	5
-1	874	9	8
-1	706	2	1
-1	873	2	1
-1	766	3	2
-1	768	9	2
-1	707	2	1
-1	551	9	5
-1	794	8	3
-1	853	6	1
-1	555	8	8
-1	629	9	2
-1	884	7	1
-1	648	7	5
-1	635	6	7
-1	714	3	5
-1	667	1	2
-1	547	1	7
-1	674	7	2
-1	874	3	4
-1	824	2	9
-1	774	4	2
-1	719	6	1
-1	836	7	3
-1	842	2	7
-1	659	3	6
-1	752	9	7
-1	676	8	4
-1	815	6	8
-1	702	1	2
-1	643	4	6
-1	758	5	5
-1	841	8	5
-1	704	1	1
-1	858	1	2
-1	697	8	6
-1	658	9	3
-1	764	9	9
-1	824	4	7
-1	625	5	7
-1	540	3	4
DDW
635	731
603	867
655	785
650	828
627	799
636	732
692	796
500	636
830	882
477	687
664	678
580	604
720	1058
522	638
799	957
492	722
558	630
751	813
625	919
555	735
835	905
562	844
513	753
597	775
719	953
465	617
594	820
472	680
579	603
521	735
660	760
800	920
469	689
626	638
580	668
758	964
858	892
571	643
544	798
566	782
695	959
659	823
686	700
693	1017
617	801
446	654
623	703
796	972
572	700
588	704
778	952
794	914
599	845
574	746
794	860
816	938
518	762
474	668
647	951
582	838
778	970
642	770
786	960
712	820
676	860
601	813
529	573
643	945
819	887
455	655
516	742
875	893
616	680
616	654
578	850
574	760
438	656
667	681
865	883
700	948
712	836
669	769
761	911
724	960
613	705
602	902
602	750
766	864
583	821
514	772
652	864
799	883
648	760
849	867
655	739
612	704
749	779
700	948
575	675
437	643
