HFSDDW
150	15	5
0	33	1	29	2	76	3	85	4	82
0	91	1	16	2	64	3	25	4	93
0	73	1	59	2	72	3	86	4	87
0	53	1	4	2	11	3	32	4	65
0	4	1	13	2	54	3	6	4	63
0	41	1	56	2	9	3	30	4	60
0	47	1	8	2	29	3	77	4	89
0	41	1	77	2	90	3	21	4	50
0	63	1	31	2	72	3	6	4	98
0	84	1	31	2	35	3	94	4	55
0	6	1	9	2	76	3	69	4	57
0	21	1	75	2	70	3	23	4	42
0	35	1	8	2	34	3	65	4	46
0	66	1	31	2	95	3	96	4	47
0	75	1	13	2	89	3	81	4	3
0	73	1	40	2	48	3	7	4	78
0	10	1	22	2	15	3	74	4	54
0	38	1	31	2	59	3	20	4	69
0	66	1	8	2	68	3	79	4	16
0	55	1	96	2	7	3	59	4	33
0	54	1	36	2	38	3	47	4	80
0	92	1	20	2	94	3	66	4	83
0	80	1	27	2	64	3	44	4	32
0	14	1	93	2	60	3	11	4	9
0	35	1	71	2	75	3	27	4	81
0	68	1	44	2	11	3	66	4	47
0	77	1	34	2	89	3	74	4	24
0	74	1	83	2	67	3	94	4	61
0	19	1	36	2	92	3	36	4	88
0	39	1	44	2	24	3	48	4	3
0	62	1	36	2	95	3	51	4	97
0	83	1	60	2	11	3	66	4	12
0	49	1	10	2	29	3	20	4	7
0	47	1	37	2	89	3	21	4	58
0	30	1	27	2	65	3	49	4	89
0	99	1	78	2	40	3	39	4	42
0	25	1	20	2	62	3	64	4	85
0	41	1	38	2	39	3	77	4	40
0	14	1	72	2	1	3	82	4	13
0	10	1	8	2	73	3	30	4	42
0	2	1	54	2	4	3	89	4	72
0	35	1	70	2	47	3	61	4	98
0	6	1	21	2	72	3	24	4	87
0	29	1	47	2	65	3	34	4	65
0	10	1	98	2	13	3	80	4	44
0	58	1	26	2	83	3	37	4	80
0	92	1	5	2	10	3	96	4	40
0	70	1	17	2	73	3	91	4	50
0	70	1	90	2	78	3	79	4	35
0	92	1	99	2	76	3	95	4	83
0	63	1	42	2	40	3	65	4	33
0	4	1	41	2	23	3	45	4	15
0	10	1	87	2	11	3	80	4	7
0	1	1	11	2	76	3	84	4	17
0	13	1	73	2	73	3	83	4	94
0	19	1	21	2	34	3	45	4	52
0	58	1	49	2	87	3	53	4	18
0	50	1	65	2	45	3	63	4	37
0	30	1	93	2	28	3	77	4	41
0	83	1	80	2	97	3	73	4	35
0	82	1	24	2	92	3	79	4	71
0	89	1	68	2	56	3	70	4	15
0	82	1	8	2	78	3	93	4	56
0	60	1	99	2	57	3	63	4	56
0	35	1	66	2	13	3	47	4	87
0	20	1	46	2	96	3	42	4	12
0	38	1	24	2	61	3	11	4	69
0	35	1	57	2	9	3	82	4	28
0	81	1	9	2	74	3	49	4	54
0	22	1	15	2	34	3	21	4	81
0	83	1	23	2	34	3	17	4	99
0	17	1	11	2	46	3	91	4	51
0	43	1	71	2	14	3	59	4	76
0	59	1	47	2	68	3	24	4	22
0	4	1	90	2	75	3	36	4	74
0	26	1	91	2	64	3	93	4	65
0	5	1	13	2	76	3	61	4	28
0	15	1	89	2	44	3	11	4	53
0	24	1	12	2	17	3	31	4	85
0	10	1	95	2	15	3	72	4	94
0	75	1	47	2	10	3	98	4	78
0	92	1	47	2	98	3	42	4	73
0	25	1	47	2	52	3	27	4	46
0	30	1	95	2	53	3	32	4	62
0	69	1	3	2	57	3	70	4	97
0	92	1	73	2	45	3	51	4	64
0	31	1	76	2	91	3	98	4	90
0	58	1	4	2	77	3	83	4	35
0	67	1	91	2	3	3	37	4	29
0	77	1	59	2	90	3	85	4	55
0	15	1	42	2	83	3	11	4	25
0	72	1	90	2	39	3	1	4	86
0	19	1	3	2	48	3	77	4	43
0	49	1	56	2	54	3	36	4	88
0	27	1	18	2	70	3	96	4	94
0	78	1	1	2	21	3	42	4	21
0	33	1	83	2	59	3	95	4	50
0	88	1	92	2	80	3	73	4	18
0	68	1	64	2	76	3	96	4	17
0	65	1	44	2	25	3	94	4	79
0	22	1	5	2	55	3	96	4	28
0	97	1	72	2	87	3	17	4	47
0	72	1	69	2	96	3	80	4	53
0	36	1	44	2	52	3	28	4	54
0	56	1	75	2	81	3	19	4	21
0	63	1	41	2	73	3	80	4	30
0	34	1	76	2	26	3	63	4	99
0	29	1	28	2	62	3	68	4	52
0	17	1	6	2	64	3	26	4	45
0	98	1	68	2	96	3	44	4	80
0	21	1	92	2	96	3	41	4	24
0	46	1	24	2	37	3	76	4	65
0	56	1	99	2	8	3	87	4	13
0	96	1	43	2	34	3	81	4	24
0	8	1	81	2	83	3	75	4	38
0	50	1	12	2	55	3	73	4	22
0	95	1	45	2	29	3	99	4	9
0	42	1	79	2	85	3	39	4	53
0	6	1	91	2	86	3	4	4	96
0	17	1	98	2	77	3	14	4	49
0	55	1	34	2	16	3	20	4	72
0	40	1	9	2	21	3	3	4	73
0	35	1	68	2	63	3	54	4	70
0	12	1	71	2	8	3	78	4	71
0	17	1	57	2	94	3	28	4	19
0	17	1	94	2	80	3	79	4	21
0	52	1	35	2	42	3	25	4	67
0	61	1	30	2	9	3	27	4	68
0	33	1	59	2	83	3	66	4	19
0	37	1	29	2	32	3	34	4	85
0	46	1	90	2	98	3	42	4	32
0	97	1	39	2	88	3	1	4	56
0	46	1	29	2	42	3	82	4	22
0	1	1	27	2	39	3	87	4	9
0	82	1	62	2	81	3	11	4	38
0	58	1	74	2	29	3	9	4	82
0	88	1	63	2	47	3	94	4	75
0	61	1	36	2	99	3	93	4	69
0	22	1	41	2	8	3	70	4	23
0	5	1	18	2	1	3	44	4	19
0	10	1	89	2	45	3	25	4	4
0	83	1	9	2	87	3	4	4	73
0	23	1	11	2	79	3	19	4	68
0	83	1	81	2	48	3	7	4	60
0	64	1	27	2	45	3	18	4	86
0	41	1	54	2	12	3	88	4	34
0	41	1	74	2	84	3	90	4	73
0	98	1	18	2	22	3	90	4	91
0	52	1	49	2	96	3	20	4	46
0	12	1	62	2	89	3	2	4	40
LBCmax: 2790
RELDUE
-1	924	5	5
-1	2224	5	6
-1	2903	5	6
-1	2614	2	5
-1	1810	3	6
-1	2577	6	6
-1	1521	7	3
-1	1043	6	3
-1	1355	1	7
-1	2025	3	1
-1	1099	1	7
-1	3007	4	5
-1	3059	9	2
-1	2226	5	1
-1	1172	5	3
-1	1654	9	9
-1	1004	4	3
-1	2773	3	9
-1	1548	2	2
-1	2242	1	3
-1	2097	5	8
-1	1943	8	8
-1	1863	7	3
-1	697	6	3
-1	516	2	3
-1	700	7	1
-1	1139	7	2
-1	980	8	8
-1	2264	2	9
-1	2368	7	4
-1	2474	1	2
-1	2081	1	9
-1	545	6	6
-1	1624	2	5
-1	574	1	7
-1	2271	2	8
-1	2503	7	1
-1	302	6	3
-1	1259	8	5
-1	2807	7	6
-1	1774	5	2
-1	2798	8	3
-1	2604	5	9
-1	1066	3	2
-1	2020	4	5
-1	1794	7	2
-1	1649	4	6
-1	1019	3	3
-1	2739	8	8
-1	2990	3	1
-1	2667	1	1
-1	2305	3	5
-1	1508	1	9
-1	1155	3	7
-1	2360	6	5
-1	2051	9	7
-1	640	2	2
-1	2485	8	9
-1	2376	3	8
-1	1389	4	7
-1	1716	4	1
-1	819	1	5
-1	1849	9	1
-1	2056	4	1
-1	2621	8	3
-1	2087	5	1
-1	2740	3	7
-1	1713	6	5
-1	1931	8	4
-1	1970	2	6
-1	2220	6	5
-1	981	6	9
-1	1793	6	1
-1	1811	9	3
-1	747	7	3
-1	2369	1	9
-1	2408	4	5
-1	1075	6	1
-1	1747	1	8
-1	1791	5	1
-1	2120	5	3
-1	398	9	4
-1	1311	1	8
-1	2343	4	5
-1	2770	6	4
-1	447	1	8
-1	851	7	8
-1	2460	2	9
-1	2334	4	2
-1	1593	8	9
-1	1910	2	2
-1	297	3	5
-1	995	2	5
-1	2940	6	7
-1	1369	2	5
-1	1233	4	1
-1	1228	9	1
-1	827	2	4
-1	1514	6	3
-1	3002	8	7
-1	2123	6	4
-1	3005	7	4
-1	2158	2	2
-1	1047	3	6
-1	1049	4	7
-1	1965	6	8
-1	791	9	6
-1	2766	8	4
-1	687	9	4
-1	3061	2	5
-1	2712	3	7
-1	2634	3	1
-1	1016	9	1
-1	863	9	6
-1	2338	7	8
-1	1597	3	1
-1	2578	3	2
-1	2576	3	7
-1	2355	4	9
-1	2453	3	9
-1	1515	2	9
-1	559	4	5
-1	2449	8	6
-1	617	1	4
-1	339	3	7
-1	2201	4	2
-1	3055	2	4
-1	1922	5	9
-1	721	2	6
-1	2583	4	2
-1	1419	3	7
-1	1860	9	6
-1	2630	4	6
-1	1814	5	8
-1	2738	3	1
-1	2185	9	9
-1	1309	1	2
-1	542	3	4
-1	1572	4	8
-1	1084	3	4
-1	2725	9	5
-1	1155	3	9
-1	2052	4	2
-1	2342	9	9
-1	1950	7	3
-1	2346	6	8
-1	2351	6	2
-1	410	7	5
-1	880	1	8
-1	2841	2	3
DDW
915	933
2068	2380
2874	2932
2536	2692
1520	2100
2319	2835
1491	1551
834	1252
1341	1369
1964	2086
956	1242
2766	3248
2814	3304
2204	2248
1125	1219
1389	1919
914	1094
2218	3328
1486	1610
2152	2332
1824	2370
1710	2176
1807	1919
558	836
459	573
679	721
1048	1230
794	1166
2038	2490
1965	2771
2301	2647
1831	2331
474	616
1315	1933
534	614
1976	2566
2228	2778
290	314
1209	1309
2274	3340
1721	1827
2238	3358
2109	3099
938	1194
1717	2323
1704	1884
1501	1797
907	1131
2712	2766
2422	3558
2614	2720
2282	2328
1327	1689
924	1386
2030	2690
1846	2256
614	666
2460	2510
2067	2685
1208	1570
1682	1750
794	844
1646	2052
1974	2138
2202	3040
2045	2129
2329	3151
1559	1867
1641	2221
1753	2187
2109	2331
932	1030
1506	2080
1702	1920
732	762
2061	2677
2071	2745
957	1193
1642	1852
1684	1898
1802	2438
326	470
1075	1547
2085	2601
2327	3213
420	474
681	1021
2116	2804
2194	2474
1306	1880
1719	2101
267	327
876	1114
2587	3293
1123	1615
986	1480
1117	1339
703	951
1257	1771
2582	3422
1889	2357
2404	3606
1791	2525
942	1152
892	1206
1611	2319
744	838
2572	2960
563	811
3030	3092
2278	3146
2265	3003
853	1179
803	923
1917	2759
1517	1677
2423	2733
2550	2602
2143	2567
2183	2723
1485	1545
548	570
2351	2547
512	722
332	346
1849	2553
2658	3452
1826	2018
656	786
2506	2660
1348	1490
1507	2213
2236	3024
1596	2032
2300	3176
1835	2535
1296	1322
493	591
1320	1824
878	1290
2698	2752
993	1317
1724	2380
2225	2459
1911	1989
1971	2721
2022	2680
390	430
757	1003
2472	3210
