HFSDDW
200	15	5
0	70	1	70	2	4	3	19	4	75
0	22	1	72	2	78	3	32	4	86
0	10	1	17	2	55	3	45	4	35
0	81	1	98	2	1	3	51	4	49
0	87	1	71	2	96	3	40	4	24
0	22	1	67	2	96	3	38	4	39
0	84	1	62	2	30	3	61	4	78
0	40	1	64	2	32	3	56	4	84
0	14	1	12	2	18	3	50	4	65
0	59	1	10	2	23	3	52	4	12
0	30	1	12	2	10	3	75	4	8
0	98	1	73	2	64	3	95	4	54
0	54	1	75	2	40	3	92	4	3
0	47	1	87	2	93	3	67	4	94
0	17	1	67	2	45	3	66	4	35
0	76	1	54	2	47	3	74	4	64
0	12	1	45	2	44	3	26	4	10
0	73	1	53	2	55	3	53	4	79
0	66	1	1	2	36	3	3	4	31
0	38	1	71	2	25	3	48	4	18
0	72	1	17	2	55	3	58	4	94
0	63	1	66	2	43	3	40	4	32
0	45	1	27	2	89	3	31	4	42
0	9	1	32	2	15	3	83	4	30
0	94	1	32	2	40	3	88	4	28
0	17	1	31	2	43	3	36	4	96
0	5	1	29	2	99	3	57	4	92
0	95	1	90	2	85	3	31	4	47
0	7	1	10	2	16	3	22	4	34
0	40	1	12	2	5	3	60	4	22
0	6	1	57	2	42	3	19	4	24
0	40	1	76	2	67	3	30	4	78
0	32	1	24	2	8	3	43	4	27
0	17	1	28	2	33	3	39	4	46
0	19	1	47	2	83	3	36	4	23
0	84	1	17	2	19	3	54	4	88
0	5	1	26	2	82	3	14	4	90
0	48	1	86	2	80	3	33	4	52
0	20	1	23	2	55	3	53	4	16
0	82	1	2	2	72	3	94	4	18
0	12	1	79	2	66	3	15	4	4
0	59	1	74	2	7	3	95	4	40
0	24	1	58	2	13	3	42	4	73
0	6	1	42	2	94	3	53	4	79
0	30	1	47	2	99	3	86	4	26
0	95	1	91	2	30	3	21	4	41
0	82	1	45	2	24	3	36	4	77
0	26	1	59	2	68	3	11	4	32
0	74	1	79	2	85	3	93	4	28
0	62	1	11	2	14	3	79	4	10
0	41	1	8	2	19	3	16	4	87
0	64	1	79	2	80	3	88	4	8
0	68	1	44	2	86	3	55	4	57
0	79	1	34	2	76	3	65	4	48
0	47	1	73	2	83	3	22	4	5
0	50	1	62	2	7	3	58	4	64
0	85	1	77	2	51	3	12	4	99
0	74	1	26	2	8	3	48	4	13
0	47	1	79	2	79	3	4	4	63
0	31	1	93	2	31	3	36	4	49
0	28	1	34	2	49	3	32	4	62
0	67	1	25	2	97	3	12	4	38
0	3	1	72	2	22	3	24	4	23
0	91	1	92	2	75	3	55	4	82
0	54	1	26	2	28	3	52	4	1
0	67	1	94	2	80	3	58	4	74
0	56	1	31	2	70	3	10	4	37
0	51	1	29	2	20	3	49	4	32
0	50	1	28	2	96	3	11	4	10
0	74	1	57	2	56	3	80	4	72
0	38	1	19	2	75	3	54	4	94
0	2	1	7	2	96	3	31	4	95
0	73	1	44	2	40	3	38	4	81
0	71	1	2	2	13	3	87	4	72
0	63	1	72	2	27	3	23	4	33
0	27	1	30	2	17	3	42	4	27
0	11	1	38	2	99	3	86	4	36
0	38	1	56	2	17	3	15	4	35
0	44	1	32	2	89	3	54	4	59
0	6	1	88	2	59	3	30	4	39
0	72	1	44	2	68	3	9	4	10
0	66	1	92	2	52	3	21	4	68
0	72	1	89	2	54	3	5	4	84
0	35	1	45	2	53	3	3	4	43
0	16	1	85	2	98	3	53	4	28
0	31	1	83	2	73	3	64	4	27
0	38	1	70	2	87	3	4	4	54
0	66	1	70	2	90	3	77	4	69
0	46	1	4	2	96	3	46	4	63
0	55	1	77	2	85	3	69	4	24
0	61	1	35	2	57	3	86	4	24
0	87	1	46	2	16	3	81	4	78
0	82	1	19	2	88	3	94	4	31
0	2	1	2	2	51	3	50	4	19
0	65	1	54	2	75	3	33	4	97
0	12	1	89	2	52	3	89	4	72
0	53	1	98	2	4	3	41	4	66
0	3	1	14	2	2	3	80	4	66
0	20	1	54	2	10	3	98	4	87
0	27	1	16	2	2	3	16	4	61
0	54	1	27	2	35	3	51	4	58
0	8	1	59	2	25	3	89	4	12
0	98	1	93	2	26	3	10	4	25
0	84	1	16	2	47	3	28	4	28
0	88	1	1	2	70	3	83	4	98
0	12	1	44	2	77	3	46	4	70
0	95	1	87	2	37	3	29	4	19
0	27	1	63	2	53	3	82	4	59
0	44	1	89	2	12	3	68	4	68
0	27	1	28	2	1	3	73	4	3
0	12	1	68	2	74	3	88	4	73
0	53	1	56	2	51	3	53	4	47
0	63	1	82	2	79	3	19	4	17
0	12	1	56	2	97	3	90	4	98
0	21	1	62	2	65	3	69	4	84
0	99	1	88	2	3	3	16	4	72
0	83	1	44	2	4	3	43	4	59
0	27	1	14	2	49	3	56	4	65
0	70	1	13	2	1	3	35	4	95
0	61	1	10	2	93	3	52	4	57
0	70	1	31	2	10	3	75	4	81
0	49	1	4	2	5	3	5	4	74
0	64	1	54	2	36	3	80	4	64
0	19	1	79	2	36	3	60	4	89
0	98	1	8	2	42	3	25	4	28
0	9	1	62	2	30	3	74	4	23
0	89	1	95	2	51	3	59	4	3
0	52	1	35	2	28	3	61	4	10
0	24	1	10	2	45	3	82	4	2
0	17	1	76	2	20	3	71	4	77
0	82	1	73	2	34	3	62	4	58
0	62	1	89	2	84	3	47	4	73
0	87	1	73	2	30	3	81	4	84
0	69	1	3	2	77	3	78	4	12
0	83	1	51	2	75	3	50	4	66
0	89	1	62	2	59	3	24	4	12
0	32	1	42	2	59	3	96	4	41
0	16	1	62	2	88	3	1	4	40
0	63	1	51	2	81	3	87	4	23
0	50	1	79	2	64	3	97	4	32
0	14	1	99	2	41	3	59	4	93
0	31	1	98	2	84	3	96	4	69
0	1	1	30	2	60	3	36	4	41
0	45	1	15	2	33	3	40	4	69
0	8	1	15	2	76	3	39	4	49
0	33	1	69	2	87	3	27	4	16
0	11	1	98	2	62	3	91	4	97
0	32	1	2	2	99	3	4	4	10
0	17	1	78	2	92	3	31	4	40
0	33	1	90	2	46	3	47	4	78
0	36	1	46	2	24	3	29	4	25
0	99	1	24	2	3	3	11	4	60
0	61	1	12	2	57	3	81	4	59
0	3	1	68	2	68	3	38	4	10
0	44	1	15	2	30	3	30	4	52
0	30	1	23	2	45	3	99	4	16
0	43	1	24	2	41	3	48	4	79
0	65	1	74	2	33	3	66	4	97
0	9	1	98	2	89	3	44	4	49
0	6	1	21	2	12	3	72	4	38
0	65	1	22	2	8	3	37	4	35
0	22	1	16	2	93	3	77	4	95
0	77	1	78	2	4	3	94	4	17
0	38	1	71	2	10	3	2	4	94
0	28	1	35	2	3	3	41	4	1
0	45	1	26	2	86	3	81	4	46
0	9	1	12	2	73	3	62	4	51
0	22	1	17	2	4	3	14	4	58
0	49	1	81	2	56	3	71	4	21
0	31	1	95	2	94	3	27	4	12
0	35	1	12	2	10	3	78	4	10
0	30	1	20	2	67	3	37	4	90
0	95	1	30	2	12	3	31	4	86
0	66	1	6	2	41	3	44	4	95
0	21	1	67	2	95	3	44	4	46
0	46	1	79	2	31	3	21	4	69
0	49	1	32	2	59	3	70	4	12
0	97	1	2	2	94	3	52	4	21
0	2	1	50	2	66	3	24	4	62
0	19	1	69	2	25	3	84	4	54
0	26	1	54	2	51	3	31	4	90
0	67	1	16	2	65	3	33	4	64
0	51	1	88	2	46	3	68	4	41
0	64	1	71	2	42	3	20	4	89
0	64	1	11	2	89	3	23	4	93
0	71	1	2	2	72	3	82	4	27
0	77	1	54	2	47	3	66	4	44
0	94	1	81	2	28	3	80	4	45
0	82	1	37	2	62	3	88	4	69
0	14	1	4	2	98	3	82	4	97
0	48	1	28	2	6	3	95	4	89
0	15	1	65	2	28	3	38	4	19
0	65	1	43	2	83	3	6	4	86
0	97	1	41	2	80	3	24	4	46
0	83	1	43	2	62	3	75	4	7
0	28	1	49	2	2	3	53	4	79
0	68	1	4	2	90	3	85	4	79
0	50	1	48	2	52	3	76	4	29
0	30	1	53	2	90	3	61	4	79
0	40	1	53	2	57	3	2	4	72
LBCmax: 3446
RELDUE
-1	2852	2	9
-1	1144	4	9
-1	2904	1	5
-1	1607	6	4
-1	812	8	4
-1	496	7	8
-1	2605	9	4
-1	1410	2	2
-1	3409	2	2
-1	2462	8	2
-1	2625	8	7
-1	2541	4	5
-1	2908	5	1
-1	2347	3	7
-1	2090	8	8
-1	2488	1	5
-1	2152	4	7
-1	3711	7	8
-1	1239	6	8
-1	1630	3	4
-1	2054	6	5
-1	3412	2	3
-1	458	9	3
-1	3614	9	3
-1	895	7	5
-1	1395	8	1
-1	2175	6	2
-1	369	1	5
-1	3643	6	8
-1	2624	4	1
-1	2916	3	9
-1	3514	5	9
-1	346	4	2
-1	3154	5	2
-1	584	7	4
-1	1894	5	3
-1	1346	9	5
-1	2188	5	4
-1	2815	6	2
-1	2934	5	3
-1	3238	1	1
-1	934	9	4
-1	2521	9	9
-1	873	9	2
-1	2515	6	2
-1	2626	3	8
-1	3061	5	3
-1	1446	1	6
-1	706	9	2
-1	927	8	8
-1	3367	7	7
-1	2270	5	4
-1	1403	9	6
-1	2549	2	1
-1	1112	6	7
-1	3232	9	5
-1	1031	4	2
-1	3081	9	3
-1	1056	1	2
-1	3208	9	5
-1	2113	3	4
-1	2581	6	5
-1	1558	2	7
-1	1130	7	6
-1	3337	5	9
-1	2903	4	4
-1	2539	3	7
-1	3545	6	3
-1	2108	5	5
-1	541	4	4
-1	1486	7	8
-1	3755	5	8
-1	1240	3	7
-1	2096	4	4
-1	2183	3	8
-1	1465	6	8
-1	1235	2	4
-1	3377	5	4
-1	1443	2	1
-1	2060	3	2
-1	2126	8	6
-1	1073	6	7
-1	3455	4	5
-1	3061	2	6
-1	3049	6	7
-1	991	7	5
-1	2455	7	6
-1	1588	7	5
-1	2387	8	7
-1	1144	2	4
-1	1208	3	4
-1	2057	3	6
-1	1476	3	6
-1	3398	2	9
-1	1166	2	3
-1	1002	2	4
-1	3167	3	2
-1	1736	5	2
-1	1327	2	8
-1	3404	5	7
-1	432	6	8
-1	3307	8	6
-1	3130	1	1
-1	509	1	6
-1	3233	6	1
-1	3403	5	4
-1	1374	8	9
-1	3098	9	5
-1	710	3	1
-1	3438	4	7
-1	2341	4	2
-1	1445	4	3
-1	1983	6	4
-1	2788	3	5
-1	1427	1	5
-1	1384	4	1
-1	2917	3	5
-1	2289	7	5
-1	1872	5	6
-1	2691	5	3
-1	792	5	6
-1	1295	3	2
-1	1503	7	7
-1	1308	6	3
-1	3125	3	1
-1	3221	9	1
-1	2623	4	8
-1	1633	4	4
-1	1275	4	5
-1	1526	1	7
-1	2089	7	5
-1	3291	5	2
-1	2394	6	5
-1	1830	2	4
-1	1973	2	4
-1	2610	9	6
-1	1734	5	2
-1	3290	2	8
-1	3619	8	2
-1	3437	6	8
-1	3408	7	9
-1	3149	2	1
-1	1223	6	3
-1	2740	7	4
-1	2594	2	3
-1	3554	1	1
-1	418	6	8
-1	2480	6	9
-1	2316	1	2
-1	3573	6	3
-1	1876	5	3
-1	1223	2	8
-1	3655	1	3
-1	2428	6	2
-1	2957	6	6
-1	2928	6	2
-1	2148	8	2
-1	2166	9	7
-1	1176	3	4
-1	357	5	4
-1	1124	8	7
-1	3533	3	8
-1	2168	3	8
-1	2976	1	7
-1	1693	6	2
-1	2842	7	6
-1	2843	6	4
-1	498	4	5
-1	1159	8	4
-1	2608	9	3
-1	3442	7	5
-1	3419	8	6
-1	2462	7	9
-1	2226	2	4
-1	3074	8	8
-1	1435	6	7
-1	417	7	3
-1	2554	5	7
-1	2506	1	3
-1	3362	6	2
-1	3147	3	9
-1	487	6	5
-1	3109	8	9
-1	1494	6	5
-1	3442	8	5
-1	1211	8	9
-1	3427	4	2
-1	3757	7	4
-1	2665	9	7
-1	2837	2	4
-1	806	7	6
-1	3359	8	7
-1	2459	5	9
-1	3606	9	4
-1	2658	9	6
-1	3667	5	6
-1	1325	8	7
-1	2039	9	7
-1	1391	8	4
-1	3544	7	8
DDW
2766	2938
1064	1224
2730	3078
1543	1671
731	893
461	531
2527	2683
1325	1495
3204	3614
2413	2511
2389	2861
2439	2643
2850	2966
2300	2394
1965	2215
2289	2687
2130	2174
3340	4082
1115	1363
1483	1777
1849	2259
3310	3514
426	490
3506	3722
806	984
1339	1451
2132	2218
343	395
3534	3752
2362	2886
2741	3091
3268	3760
311	381
3059	3249
572	596
1875	1913
1211	1481
2079	2297
2590	3040
2670	3198
2979	3497
887	981
2294	2748
803	943
2314	2716
2573	2679
2939	3183
1345	1547
685	727
899	955
3131	3603
2043	2497
1347	1459
2345	2753
1012	1212
3200	3264
1021	1041
2958	3204
1003	1109
2983	3433
2007	2219
2426	2736
1496	1620
1051	1209
3137	3537
2816	2990
2437	2641
3226	3864
2087	2129
509	573
1367	1605
3492	4018
1215	1265
2054	2138
2139	2227
1377	1553
1173	1297
3073	3681
1371	1515
1895	2225
1913	2339
1009	1137
3282	3628
2755	3367
2958	3140
922	1060
2381	2529
1540	1636
2268	2506
1133	1155
1087	1329
1913	2201
1461	1491
3364	3432
1119	1213
982	1022
3104	3230
1701	1771
1287	1367
3200	3608
393	471
3142	3472
2911	3349
468	550
3039	3427
3369	3437
1264	1484
3005	3191
660	760
3300	3576
2177	2505
1402	1488
1785	2181
2593	2983
1313	1541
1246	1522
2859	2975
2197	2381
1797	1947
2422	2960
713	871
1269	1321
1428	1578
1177	1439
2938	3312
3189	3253
2466	2780
1617	1649
1160	1390
1511	1541
1985	2193
3192	3390
2226	2562
1665	1995
1776	2170
2480	2740
1561	1907
3027	3553
3474	3764
3334	3540
3101	3715
3118	3180
1150	1296
2713	2767
2464	2724
3270	3838
389	447
2356	2604
2223	2409
3394	3752
1688	2064
1125	1321
3326	3984
2355	2501
2750	3164
2723	3133
1933	2363
2014	2318
1152	1200
339	375
1068	1180
3286	3780
2081	2255
2768	3184
1524	1862
2728	2956
2644	3042
493	503
1078	1240
2504	2712
3098	3786
3248	3590
2437	2487
2181	2271
3043	3105
1292	1578
392	442
2426	2682
2381	2631
3059	3665
2990	3304
477	497
2860	3358
1419	1569
3408	3476
1126	1296
3256	3598
3607	3907
2585	2745
2752	2922
766	846
3258	3460
2311	2607
3245	3967
2445	2871
3557	3777
1232	1418
1835	2243
1363	1419
3509	3579
