HFSDDW
100	15	5
0	29	1	14	2	66	3	83	4	77
0	76	1	88	2	42	3	37	4	69
0	14	1	40	2	83	3	31	4	74
0	83	1	6	2	18	3	90	4	59
0	15	1	45	2	11	3	38	4	48
0	80	1	78	2	55	3	8	4	16
0	35	1	28	2	97	3	87	4	48
0	15	1	74	2	98	3	5	4	21
0	86	1	92	2	40	3	13	4	25
0	42	1	84	2	80	3	76	4	74
0	40	1	86	2	59	3	8	4	5
0	84	1	3	2	28	3	36	4	97
0	97	1	34	2	34	3	22	4	35
0	86	1	43	2	96	3	83	4	59
0	10	1	8	2	14	3	69	4	73
0	22	1	5	2	97	3	13	4	6
0	96	1	98	2	78	3	33	4	75
0	48	1	69	2	89	3	83	4	63
0	12	1	46	2	63	3	8	4	24
0	52	1	58	2	18	3	77	4	39
0	98	1	88	2	96	3	18	4	64
0	33	1	72	2	89	3	34	4	82
0	79	1	6	2	15	3	30	4	2
0	98	1	55	2	2	3	47	4	87
0	18	1	54	2	13	3	20	4	48
0	63	1	44	2	7	3	46	4	21
0	64	1	86	2	20	3	74	4	8
0	9	1	2	2	61	3	68	4	42
0	75	1	79	2	55	3	1	4	84
0	7	1	32	2	33	3	6	4	25
0	97	1	57	2	71	3	90	4	22
0	45	1	75	2	77	3	70	4	2
0	88	1	66	2	43	3	14	4	19
0	93	1	85	2	41	3	23	4	92
0	96	1	94	2	33	3	5	4	12
0	38	1	98	2	13	3	36	4	41
0	32	1	12	2	1	3	21	4	24
0	7	1	16	2	29	3	52	4	63
0	33	1	25	2	91	3	67	4	54
0	10	1	37	2	42	3	82	4	91
0	21	1	90	2	11	3	14	4	29
0	3	1	25	2	66	3	79	4	84
0	47	1	63	2	41	3	29	4	69
0	77	1	65	2	22	3	89	4	12
0	77	1	56	2	89	3	60	4	59
0	72	1	3	2	65	3	51	4	2
0	2	1	56	2	30	3	45	4	21
0	42	1	2	2	87	3	92	4	21
0	82	1	49	2	50	3	68	4	17
0	70	1	83	2	63	3	98	4	76
0	45	1	15	2	53	3	70	4	14
0	64	1	2	2	50	3	54	4	56
0	99	1	59	2	16	3	78	4	83
0	90	1	33	2	96	3	8	4	28
0	75	1	78	2	29	3	68	4	30
0	28	1	7	2	21	3	44	4	89
0	88	1	40	2	67	3	74	4	57
0	86	1	4	2	59	3	32	4	57
0	40	1	51	2	34	3	36	4	22
0	23	1	34	2	72	3	85	4	26
0	38	1	87	2	55	3	70	4	1
0	66	1	85	2	84	3	41	4	85
0	57	1	80	2	7	3	65	4	68
0	59	1	92	2	41	3	21	4	96
0	87	1	74	2	65	3	51	4	88
0	25	1	45	2	93	3	47	4	7
0	94	1	35	2	36	3	18	4	52
0	1	1	85	2	96	3	73	4	90
0	2	1	19	2	18	3	46	4	99
0	59	1	44	2	69	3	68	4	62
0	31	1	92	2	51	3	88	4	38
0	63	1	22	2	5	3	82	4	76
0	22	1	92	2	38	3	35	4	90
0	23	1	44	2	88	3	14	4	67
0	74	1	95	2	68	3	31	4	95
0	69	1	56	2	19	3	51	4	29
0	80	1	75	2	25	3	85	4	75
0	3	1	83	2	48	3	80	4	88
0	78	1	80	2	15	3	97	4	68
0	9	1	80	2	82	3	55	4	76
0	15	1	55	2	56	3	1	4	87
0	36	1	25	2	21	3	93	4	68
0	8	1	4	2	53	3	54	4	95
0	46	1	67	2	53	3	60	4	88
0	39	1	96	2	9	3	25	4	88
0	94	1	81	2	71	3	62	4	86
0	88	1	73	2	64	3	74	4	14
0	26	1	20	2	25	3	97	4	40
0	78	1	63	2	55	3	12	4	80
0	75	1	28	2	60	3	2	4	22
0	42	1	28	2	23	3	66	4	38
0	19	1	46	2	31	3	12	4	93
0	54	1	53	2	58	3	7	4	79
0	34	1	39	2	78	3	40	4	70
0	26	1	43	2	55	3	20	4	11
0	76	1	42	2	97	3	45	4	13
0	66	1	21	2	69	3	40	4	45
0	61	1	50	2	97	3	37	4	95
0	79	1	89	2	13	3	5	4	85
0	25	1	6	2	48	3	32	4	47
LBCmax: 1853
RELDUE
-1	962	5	2
-1	1104	9	7
-1	778	2	9
-1	910	2	7
-1	1621	8	3
-1	1655	9	4
-1	1360	5	8
-1	594	3	5
-1	1171	5	8
-1	1239	3	1
-1	1403	7	3
-1	1102	5	4
-1	1509	1	1
-1	1658	5	8
-1	855	4	6
-1	927	6	3
-1	1486	8	8
-1	752	2	2
-1	1245	3	1
-1	760	6	5
-1	1488	7	4
-1	1016	7	1
-1	1012	8	6
-1	1057	7	2
-1	1561	6	3
-1	960	2	9
-1	892	5	8
-1	1120	6	2
-1	932	6	5
-1	1517	7	2
-1	1344	5	3
-1	1605	3	3
-1	1285	6	7
-1	1648	6	6
-1	1406	7	2
-1	746	3	4
-1	564	3	7
-1	976	4	4
-1	1052	6	4
-1	1067	6	4
-1	1547	3	4
-1	1077	3	2
-1	1028	4	7
-1	1400	7	1
-1	768	3	9
-1	892	5	7
-1	601	4	5
-1	706	1	4
-1	1418	1	5
-1	1139	4	2
-1	1013	1	2
-1	1529	5	5
-1	1512	9	7
-1	704	6	7
-1	1253	4	3
-1	1615	5	2
-1	648	9	3
-1	1389	8	2
-1	1017	9	2
-1	1217	8	9
-1	1318	9	6
-1	795	4	7
-1	1330	6	5
-1	1323	1	8
-1	1564	7	9
-1	1467	3	2
-1	1486	9	4
-1	1530	3	2
-1	807	8	8
-1	664	2	6
-1	919	1	9
-1	1065	6	9
-1	1369	5	3
-1	734	8	1
-1	882	6	9
-1	967	5	9
-1	1656	6	5
-1	1280	2	4
-1	845	8	7
-1	1225	8	5
-1	915	7	8
-1	742	1	4
-1	1371	1	4
-1	1462	3	5
-1	1059	9	7
-1	1483	3	2
-1	649	1	2
-1	1137	8	9
-1	950	9	4
-1	1459	3	3
-1	654	6	9
-1	843	2	7
-1	1628	5	4
-1	1504	5	5
-1	1417	3	9
-1	1307	3	1
-1	1416	9	6
-1	1374	9	3
-1	1505	9	2
-1	970	9	1
DDW
952	972
1060	1148
770	786
819	1001
1508	1734
1589	1721
1238	1482
558	630
1089	1253
1202	1276
1333	1473
1047	1157
1418	1600
1559	1757
778	932
853	1001
1367	1605
729	775
1120	1370
707	813
1354	1622
935	1097
982	1042
1046	1068
1499	1623
941	979
874	910
1064	1176
904	960
1411	1623
1331	1357
1461	1749
1221	1349
1615	1681
1364	1448
716	776
513	615
956	996
1041	1063
1046	1088
1454	1640
969	1185
925	1131
1386	1414
722	814
812	972
565	637
671	741
1305	1531
1116	1162
952	1074
1422	1636
1467	1557
676	732
1215	1291
1550	1680
642	654
1375	1403
956	1078
1144	1290
1292	1344
755	835
1277	1383
1191	1455
1533	1595
1379	1555
1337	1635
1454	1606
783	831
624	704
836	1002
1001	1129
1328	1410
675	793
873	891
880	1054
1507	1805
1242	1318
794	896
1164	1286
860	970
683	801
1275	1467
1447	1477
1038	1080
1424	1542
610	688
1114	1160
864	1036
1313	1605
634	674
767	919
1530	1726
1414	1594
1403	1431
1281	1333
1317	1515
1237	1511
1370	1640
873	1067
