HFSDDW
100	15	5
0	59	1	47	2	51	3	18	4	63
0	56	1	2	2	24	3	99	4	51
0	62	1	80	2	64	3	89	4	89
0	43	1	69	2	21	3	8	4	90
0	84	1	8	2	53	3	94	4	74
0	38	1	44	2	75	3	72	4	13
0	23	1	37	2	70	3	18	4	80
0	45	1	59	2	27	3	36	4	77
0	67	1	90	2	80	3	29	4	72
0	62	1	46	2	98	3	95	4	11
0	79	1	79	2	83	3	69	4	89
0	51	1	94	2	56	3	44	4	25
0	13	1	27	2	51	3	86	4	28
0	26	1	11	2	46	3	9	4	45
0	84	1	42	2	84	3	31	4	23
0	94	1	28	2	25	3	22	4	12
0	92	1	46	2	79	3	61	4	34
0	44	1	54	2	1	3	29	4	29
0	50	1	3	2	83	3	12	4	64
0	41	1	39	2	93	3	1	4	47
0	52	1	99	2	89	3	50	4	27
0	37	1	95	2	53	3	46	4	94
0	24	1	70	2	35	3	32	4	32
0	67	1	47	2	89	3	52	4	84
0	71	1	10	2	18	3	80	4	94
0	82	1	59	2	72	3	67	4	82
0	55	1	34	2	24	3	75	4	60
0	93	1	56	2	29	3	35	4	97
0	49	1	2	2	54	3	34	4	6
0	80	1	67	2	51	3	80	4	96
0	93	1	49	2	42	3	17	4	75
0	43	1	82	2	9	3	56	4	44
0	77	1	23	2	86	3	64	4	39
0	89	1	46	2	60	3	72	4	39
0	11	1	18	2	55	3	55	4	36
0	70	1	55	2	83	3	75	4	15
0	15	1	8	2	92	3	70	4	89
0	6	1	92	2	8	3	99	4	17
0	11	1	48	2	73	3	90	4	20
0	26	1	15	2	90	3	95	4	16
0	34	1	8	2	78	3	41	4	86
0	75	1	94	2	86	3	80	4	5
0	87	1	99	2	34	3	41	4	30
0	69	1	30	2	16	3	74	4	33
0	97	1	39	2	60	3	55	4	28
0	63	1	45	2	65	3	35	4	10
0	56	1	64	2	87	3	60	4	81
0	8	1	30	2	51	3	84	4	14
0	12	1	6	2	27	3	94	4	30
0	11	1	15	2	32	3	61	4	51
0	96	1	98	2	17	3	62	4	18
0	94	1	47	2	24	3	13	4	23
0	31	1	30	2	52	3	71	4	49
0	23	1	12	2	73	3	60	4	22
0	40	1	78	2	32	3	60	4	22
0	92	1	12	2	66	3	26	4	17
0	49	1	13	2	4	3	84	4	14
0	57	1	48	2	26	3	42	4	86
0	60	1	7	2	38	3	61	4	83
0	81	1	53	2	56	3	45	4	7
0	99	1	41	2	72	3	39	4	11
0	18	1	67	2	56	3	40	4	26
0	82	1	81	2	97	3	95	4	74
0	19	1	26	2	68	3	58	4	92
0	75	1	86	2	31	3	74	4	61
0	34	1	40	2	71	3	77	4	40
0	39	1	56	2	21	3	19	4	18
0	8	1	41	2	65	3	73	4	95
0	89	1	91	2	85	3	17	4	4
0	79	1	9	2	42	3	86	4	65
0	56	1	85	2	97	3	53	4	31
0	14	1	10	2	97	3	77	4	76
0	77	1	95	2	79	3	1	4	86
0	26	1	60	2	79	3	78	4	66
0	77	1	60	2	94	3	62	4	3
0	84	1	1	2	15	3	70	4	81
0	26	1	98	2	84	3	12	4	84
0	53	1	59	2	67	3	87	4	5
0	98	1	43	2	88	3	96	4	19
0	94	1	12	2	85	3	30	4	77
0	20	1	30	2	64	3	20	4	87
0	95	1	90	2	35	3	50	4	47
0	13	1	95	2	28	3	95	4	51
0	79	1	12	2	67	3	16	4	33
0	67	1	92	2	91	3	73	4	68
0	35	1	72	2	98	3	44	4	9
0	72	1	15	2	84	3	92	4	62
0	96	1	34	2	64	3	25	4	88
0	62	1	24	2	18	3	40	4	91
0	3	1	15	2	93	3	46	4	39
0	82	1	45	2	69	3	96	4	11
0	27	1	38	2	90	3	52	4	52
0	24	1	92	2	90	3	42	4	75
0	98	1	11	2	36	3	33	4	55
0	45	1	47	2	43	3	28	4	71
0	44	1	75	2	51	3	82	4	66
0	20	1	78	2	52	3	6	4	26
0	28	1	46	2	87	3	81	4	36
0	58	1	43	2	13	3	72	4	65
0	70	1	33	2	75	3	65	4	93
LBCmax: 1996
RELDUE
-1	2097	7	2
-1	1948	2	5
-1	1719	9	5
-1	2084	7	4
-1	2120	9	9
-1	1418	1	8
-1	1020	5	7
-1	1499	3	9
-1	1310	1	4
-1	1801	5	9
-1	1613	2	4
-1	2042	7	1
-1	1096	7	7
-1	2025	1	5
-1	1382	4	3
-1	1537	3	3
-1	1481	8	8
-1	2024	6	5
-1	1184	9	8
-1	1565	5	2
-1	1628	9	1
-1	1278	7	6
-1	1642	9	3
-1	2164	1	9
-1	2158	9	9
-1	1023	9	9
-1	1416	8	6
-1	1838	2	4
-1	1751	5	1
-1	1008	7	3
-1	1124	4	2
-1	2193	1	7
-1	2025	7	8
-1	2066	1	7
-1	1887	2	7
-1	1488	9	2
-1	1220	8	4
-1	1739	1	1
-1	1136	6	2
-1	2089	1	5
-1	1307	6	1
-1	1042	6	4
-1	1735	4	4
-1	1175	4	2
-1	2008	6	2
-1	1849	1	8
-1	1418	1	3
-1	1320	8	7
-1	1483	1	1
-1	1234	9	2
-1	1352	3	4
-1	1565	8	2
-1	1718	9	7
-1	1213	1	5
-1	1485	6	2
-1	1817	7	3
-1	1303	1	3
-1	1751	6	3
-1	2123	6	6
-1	2095	4	3
-1	1000	4	9
-1	1378	1	9
-1	1944	7	2
-1	1299	2	6
-1	1675	5	3
-1	1617	1	6
-1	1014	3	8
-1	1226	3	3
-1	1135	3	4
-1	2090	4	6
-1	1314	3	9
-1	1938	5	5
-1	1886	5	7
-1	1292	8	8
-1	1255	7	5
-1	1584	1	4
-1	1739	7	6
-1	1465	8	3
-1	1154	3	9
-1	1306	5	8
-1	1801	5	4
-1	1094	9	3
-1	1353	1	2
-1	1514	1	2
-1	1853	1	3
-1	1755	1	3
-1	1472	3	7
-1	1810	9	4
-1	1578	4	6
-1	1068	5	9
-1	1183	4	4
-1	1666	9	1
-1	1812	2	7
-1	1238	9	7
-1	2086	1	9
-1	2126	1	3
-1	1294	8	5
-1	1434	1	8
-1	1696	9	3
-1	1388	4	3
DDW
1803	2391
1695	2201
1444	1994
1917	2251
1929	2311
1163	1673
1000	1040
1199	1799
1153	1467
1657	1945
1290	1936
1756	2328
975	1217
1762	2288
1244	1520
1476	1598
1318	1644
1639	2409
1160	1208
1440	1690
1547	1709
1176	1380
1609	1675
2099	2229
2029	2287
859	1187
1289	1543
1544	2132
1541	1961
978	1038
1012	1236
2127	2259
1924	2126
2004	2128
1774	2000
1265	1711
1074	1366
1548	1930
988	1284
1922	2256
1137	1477
844	1240
1683	1787
999	1351
1626	2390
1701	1997
1191	1645
1254	1386
1453	1513
1000	1468
1257	1447
1534	1596
1649	1787
1201	1225
1440	1530
1708	1926
1147	1459
1523	1979
2059	2187
1823	2367
910	1090
1295	1461
1769	2119
1169	1429
1374	1976
1326	1908
923	1105
1128	1324
1044	1226
1776	2404
1143	1485
1919	1957
1754	2018
1098	1486
1067	1443
1489	1679
1635	1843
1348	1582
1108	1200
1058	1554
1783	1819
1039	1149
1164	1542
1302	1726
1557	2149
1615	1895
1192	1752
1738	1882
1562	1594
854	1282
1136	1230
1333	1999
1667	1957
990	1486
1690	2482
1956	2296
1152	1436
1233	1635
1408	1984
1360	1416
