HFSDDW
100	15	5
0	65	1	93	2	49	3	28	4	10
0	15	1	5	2	69	3	31	4	67
0	23	1	44	2	33	3	11	4	35
0	1	1	13	2	36	3	63	4	3
0	16	1	21	2	34	3	1	4	10
0	81	1	14	2	85	3	21	4	63
0	73	1	10	2	69	3	8	4	3
0	94	1	16	2	81	3	55	4	3
0	58	1	37	2	98	3	64	4	80
0	73	1	59	2	92	3	65	4	58
0	6	1	78	2	5	3	57	4	12
0	44	1	59	2	49	3	19	4	29
0	2	1	20	2	49	3	68	4	93
0	13	1	75	2	25	3	9	4	40
0	85	1	31	2	80	3	61	4	45
0	78	1	23	2	70	3	20	4	37
0	22	1	22	2	20	3	63	4	57
0	95	1	5	2	12	3	96	4	58
0	35	1	66	2	63	3	27	4	1
0	39	1	87	2	30	3	70	4	68
0	97	1	35	2	84	3	25	4	72
0	74	1	97	2	44	3	13	4	33
0	22	1	89	2	29	3	81	4	7
0	80	1	99	2	86	3	12	4	98
0	9	1	63	2	29	3	50	4	6
0	19	1	68	2	54	3	60	4	6
0	90	1	92	2	99	3	52	4	39
0	87	1	37	2	95	3	90	4	82
0	97	1	61	2	99	3	63	4	37
0	46	1	37	2	81	3	20	4	21
0	39	1	2	2	19	3	72	4	60
0	35	1	7	2	34	3	20	4	54
0	7	1	44	2	84	3	7	4	42
0	30	1	90	2	77	3	43	4	19
0	43	1	4	2	96	3	29	4	1
0	47	1	64	2	65	3	14	4	60
0	81	1	86	2	34	3	39	4	66
0	89	1	73	2	28	3	92	4	4
0	81	1	4	2	76	3	36	4	76
0	54	1	77	2	92	3	21	4	7
0	56	1	60	2	39	3	2	4	77
0	36	1	5	2	90	3	71	4	13
0	71	1	41	2	21	3	59	4	73
0	20	1	10	2	45	3	40	4	53
0	56	1	62	2	85	3	39	4	38
0	40	1	28	2	61	3	53	4	46
0	70	1	72	2	44	3	7	4	5
0	22	1	48	2	33	3	61	4	31
0	85	1	83	2	56	3	79	4	33
0	40	1	82	2	17	3	62	4	56
0	45	1	33	2	52	3	68	4	51
0	93	1	74	2	99	3	63	4	38
0	8	1	44	2	37	3	26	4	43
0	99	1	96	2	15	3	55	4	52
0	72	1	76	2	83	3	10	4	67
0	72	1	7	2	7	3	7	4	97
0	58	1	12	2	98	3	96	4	2
0	38	1	20	2	75	3	55	4	12
0	48	1	49	2	69	3	24	4	24
0	42	1	47	2	31	3	37	4	34
0	44	1	67	2	61	3	11	4	84
0	68	1	49	2	43	3	1	4	79
0	86	1	68	2	92	3	66	4	80
0	96	1	45	2	41	3	25	4	5
0	79	1	22	2	60	3	44	4	4
0	24	1	7	2	60	3	86	4	26
0	26	1	76	2	69	3	73	4	54
0	90	1	50	2	87	3	13	4	33
0	88	1	77	2	74	3	76	4	25
0	80	1	56	2	4	3	43	4	27
0	96	1	7	2	7	3	32	4	54
0	22	1	8	2	18	3	7	4	61
0	61	1	89	2	57	3	75	4	53
0	11	1	98	2	20	3	13	4	90
0	46	1	57	2	28	3	91	4	17
0	2	1	47	2	84	3	20	4	24
0	67	1	4	2	17	3	59	4	29
0	20	1	69	2	38	3	19	4	32
0	82	1	33	2	80	3	52	4	71
0	98	1	21	2	99	3	23	4	14
0	81	1	36	2	91	3	53	4	81
0	40	1	78	2	15	3	15	4	53
0	75	1	24	2	97	3	83	4	93
0	58	1	73	2	97	3	46	4	34
0	41	1	60	2	2	3	80	4	8
0	14	1	76	2	75	3	21	4	19
0	80	1	48	2	61	3	6	4	42
0	32	1	13	2	64	3	77	4	89
0	41	1	55	2	23	3	65	4	56
0	59	1	35	2	97	3	59	4	14
0	26	1	24	2	53	3	89	4	72
0	22	1	35	2	11	3	46	4	67
0	63	1	3	2	94	3	96	4	73
0	28	1	62	2	92	3	41	4	61
0	46	1	10	2	20	3	57	4	92
0	86	1	38	2	36	3	24	4	48
0	78	1	79	2	17	3	7	4	92
0	57	1	94	2	72	3	34	4	21
0	97	1	2	2	19	3	11	4	27
0	39	1	60	2	26	3	92	4	29
LBCmax: 1869
RELDUE
-1	2366	4	3
-1	1358	7	7
-1	1620	8	8
-1	2394	3	9
-1	1827	2	6
-1	860	9	7
-1	619	5	7
-1	2355	9	5
-1	2371	1	8
-1	2161	4	1
-1	2126	8	8
-1	2401	9	9
-1	2179	1	7
-1	2376	8	3
-1	2225	7	1
-1	2123	1	8
-1	2174	2	2
-1	2198	2	1
-1	634	9	2
-1	855	1	2
-1	1180	3	9
-1	2254	5	4
-1	1661	5	8
-1	931	3	2
-1	1750	2	9
-1	1379	6	5
-1	2267	9	8
-1	745	8	5
-1	1131	3	7
-1	1566	7	1
-1	1060	1	9
-1	775	2	2
-1	1370	6	1
-1	2340	5	4
-1	1530	5	9
-1	1232	6	8
-1	983	7	3
-1	905	7	8
-1	1295	4	5
-1	1995	4	2
-1	1568	4	7
-1	2405	2	8
-1	1966	5	5
-1	1454	9	4
-1	1257	4	6
-1	2413	7	2
-1	846	5	9
-1	955	2	4
-1	957	7	4
-1	1364	8	5
-1	1539	3	9
-1	1915	6	3
-1	975	4	7
-1	1999	8	6
-1	2351	1	9
-1	672	2	8
-1	2128	3	5
-1	1249	6	3
-1	1205	8	4
-1	1008	7	2
-1	1024	2	2
-1	2305	1	8
-1	1785	2	4
-1	1365	3	7
-1	1662	1	4
-1	1912	2	1
-1	1591	7	9
-1	2269	9	5
-1	1407	1	8
-1	1553	4	7
-1	1700	6	3
-1	1829	3	4
-1	1463	5	9
-1	1070	8	1
-1	1717	4	8
-1	1205	6	3
-1	848	7	6
-1	767	3	2
-1	2105	9	8
-1	1768	2	9
-1	1094	4	1
-1	1872	6	7
-1	2219	8	2
-1	2197	1	4
-1	588	5	2
-1	1575	3	9
-1	2230	1	9
-1	1802	5	8
-1	2420	8	6
-1	1418	4	3
-1	1535	6	3
-1	2165	4	3
-1	2130	7	8
-1	848	3	2
-1	1531	6	7
-1	1694	5	3
-1	1181	7	5
-1	1162	3	5
-1	2223	7	5
-1	1776	6	3
DDW
1916	2816
1222	1494
1426	1814
2274	2514
1608	2046
740	980
576	662
2002	2708
2300	2442
1945	2377
1977	2275
2233	2569
1961	2397
1948	2804
2047	2403
2038	2208
1848	2500
2022	2374
507	761
684	1026
968	1392
1826	2682
1412	1910
782	1080
1540	1960
1365	1393
2154	2380
663	827
984	1278
1253	1879
1018	1102
721	829
1096	1644
2293	2387
1423	1637
1207	1257
845	1121
869	941
1127	1463
1955	2035
1411	1725
2116	2694
1573	2359
1396	1512
1131	1383
2292	2534
711	981
793	1117
938	976
1323	1405
1277	1801
1781	2049
858	1092
1739	2259
2139	2563
665	679
1788	2468
1037	1461
1048	1362
887	1129
932	1116
1936	2674
1749	1821
1310	1420
1562	1762
1893	1931
1464	1718
2087	2451
1238	1576
1460	1646
1513	1887
1628	2030
1244	1682
877	1263
1528	1906
1133	1277
687	1009
683	851
1958	2252
1627	1909
1039	1149
1722	2022
2019	2419
1955	2439
570	606
1292	1858
1873	2587
1676	1928
2105	2735
1319	1517
1428	1642
1775	2555
1874	2386
840	856
1317	1745
1457	1931
1063	1299
964	1360
1801	2645
1616	1936
