HFSDDW
100	30	10
0	38	1	73	2	94	3	8	4	96	5	63	6	97	7	82	8	65	9	46
0	46	1	52	2	69	3	81	4	1	5	98	6	35	7	57	8	34	9	70
0	31	1	4	2	13	3	66	4	88	5	43	6	31	7	63	8	74	9	33
0	95	1	67	2	96	3	44	4	18	5	33	6	73	7	89	8	83	9	16
0	88	1	38	2	10	3	32	4	11	5	15	6	87	7	15	8	42	9	61
0	26	1	27	2	49	3	46	4	82	5	35	6	60	7	28	8	20	9	54
0	32	1	35	2	9	3	33	4	51	5	78	6	56	7	25	8	64	9	67
0	25	1	45	2	73	3	19	4	82	5	93	6	94	7	81	8	56	9	73
0	55	1	16	2	21	3	13	4	7	5	68	6	18	7	51	8	62	9	82
0	72	1	46	2	70	3	29	4	84	5	54	6	30	7	76	8	81	9	32
0	59	1	62	2	51	3	75	4	36	5	81	6	53	7	31	8	63	9	89
0	41	1	79	2	71	3	46	4	98	5	17	6	14	7	95	8	27	9	82
0	60	1	5	2	63	3	81	4	95	5	79	6	74	7	44	8	35	9	29
0	63	1	18	2	99	3	25	4	14	5	93	6	65	7	46	8	77	9	25
0	16	1	86	2	87	3	73	4	42	5	92	6	74	7	24	8	31	9	68
0	41	1	34	2	50	3	99	4	71	5	54	6	98	7	69	8	79	9	57
0	8	1	10	2	96	3	35	4	26	5	23	6	80	7	47	8	32	9	6
0	51	1	67	2	19	3	2	4	67	5	74	6	18	7	89	8	39	9	3
0	6	1	50	2	14	3	66	4	88	5	29	6	67	7	99	8	53	9	60
0	94	1	95	2	67	3	21	4	18	5	6	6	89	7	53	8	48	9	19
0	12	1	27	2	91	3	26	4	17	5	73	6	16	7	48	8	33	9	97
0	37	1	10	2	30	3	76	4	51	5	57	6	96	7	30	8	47	9	96
0	56	1	80	2	94	3	72	4	11	5	56	6	99	7	98	8	83	9	61
0	84	1	64	2	42	3	21	4	91	5	79	6	58	7	88	8	50	9	15
0	14	1	19	2	67	3	56	4	23	5	85	6	65	7	90	8	69	9	61
0	10	1	60	2	7	3	51	4	63	5	32	6	32	7	20	8	15	9	60
0	74	1	18	2	65	3	71	4	14	5	73	6	67	7	10	8	85	9	71
0	98	1	9	2	80	3	32	4	83	5	37	6	14	7	39	8	50	9	25
0	90	1	10	2	29	3	23	4	52	5	25	6	58	7	91	8	57	9	59
0	47	1	39	2	73	3	89	4	41	5	95	6	54	7	95	8	42	9	50
0	19	1	56	2	6	3	97	4	62	5	2	6	80	7	74	8	67	9	26
0	18	1	93	2	69	3	90	4	70	5	65	6	88	7	42	8	20	9	88
0	15	1	76	2	53	3	26	4	25	5	59	6	35	7	90	8	91	9	87
0	83	1	19	2	96	3	1	4	7	5	35	6	4	7	31	8	60	9	51
0	45	1	83	2	24	3	32	4	42	5	54	6	69	7	83	8	20	9	75
0	8	1	13	2	75	3	54	4	35	5	42	6	3	7	79	8	73	9	4
0	66	1	90	2	82	3	80	4	43	5	99	6	97	7	69	8	83	9	35
0	61	1	58	2	81	3	69	4	44	5	32	6	53	7	22	8	84	9	70
0	89	1	52	2	70	3	16	4	80	5	71	6	43	7	43	8	66	9	64
0	32	1	25	2	57	3	57	4	85	5	55	6	2	7	44	8	88	9	42
0	56	1	1	2	99	3	85	4	15	5	50	6	31	7	7	8	10	9	4
0	89	1	81	2	95	3	3	4	14	5	14	6	20	7	66	8	99	9	72
0	57	1	54	2	4	3	19	4	4	5	37	6	1	7	25	8	84	9	89
0	30	1	10	2	33	3	42	4	15	5	89	6	53	7	85	8	2	9	31
0	40	1	36	2	34	3	63	4	75	5	50	6	30	7	54	8	44	9	71
0	35	1	35	2	44	3	17	4	85	5	2	6	97	7	81	8	82	9	78
0	49	1	6	2	23	3	20	4	73	5	80	6	49	7	53	8	88	9	25
0	60	1	35	2	65	3	69	4	32	5	21	6	21	7	41	8	44	9	53
0	7	1	46	2	81	3	13	4	55	5	95	6	65	7	16	8	57	9	13
0	92	1	72	2	4	3	23	4	81	5	35	6	14	7	14	8	89	9	94
0	2	1	77	2	65	3	20	4	11	5	99	6	70	7	74	8	85	9	64
0	81	1	56	2	38	3	29	4	71	5	4	6	25	7	11	8	65	9	77
0	15	1	34	2	95	3	76	4	33	5	88	6	32	7	42	8	87	9	97
0	8	1	8	2	51	3	49	4	52	5	30	6	80	7	62	8	2	9	55
0	26	1	90	2	30	3	92	4	31	5	36	6	35	7	74	8	51	9	78
0	10	1	4	2	49	3	13	4	80	5	67	6	81	7	89	8	87	9	23
0	68	1	28	2	87	3	88	4	57	5	73	6	6	7	88	8	77	9	42
0	23	1	63	2	9	3	10	4	52	5	24	6	4	7	3	8	45	9	96
0	54	1	57	2	90	3	10	4	87	5	4	6	58	7	39	8	68	9	84
0	49	1	91	2	74	3	79	4	87	5	97	6	4	7	42	8	35	9	57
0	30	1	46	2	97	3	10	4	55	5	46	6	94	7	40	8	60	9	56
0	64	1	78	2	44	3	90	4	68	5	11	6	37	7	78	8	1	9	53
0	16	1	67	2	20	3	92	4	92	5	32	6	88	7	30	8	22	9	54
0	21	1	61	2	67	3	88	4	67	5	9	6	60	7	80	8	54	9	42
0	10	1	19	2	78	3	13	4	20	5	70	6	48	7	84	8	11	9	76
0	60	1	26	2	41	3	81	4	42	5	63	6	26	7	5	8	18	9	24
0	57	1	64	2	18	3	6	4	36	5	4	6	11	7	56	8	23	9	60
0	51	1	57	2	24	3	59	4	44	5	97	6	88	7	8	8	72	9	23
0	83	1	4	2	20	3	46	4	94	5	94	6	20	7	86	8	46	9	5
0	82	1	55	2	63	3	30	4	84	5	45	6	1	7	72	8	77	9	17
0	59	1	92	2	62	3	51	4	26	5	4	6	2	7	82	8	38	9	45
0	74	1	18	2	32	3	94	4	40	5	53	6	45	7	72	8	12	9	41
0	83	1	25	2	10	3	19	4	77	5	95	6	93	7	94	8	74	9	99
0	96	1	17	2	30	3	56	4	63	5	91	6	42	7	68	8	20	9	90
0	93	1	38	2	48	3	2	4	31	5	64	6	23	7	68	8	89	9	31
0	99	1	29	2	61	3	37	4	33	5	35	6	82	7	44	8	74	9	31
0	11	1	8	2	8	3	38	4	48	5	58	6	88	7	76	8	32	9	49
0	12	1	76	2	52	3	21	4	47	5	46	6	76	7	9	8	87	9	13
0	73	1	25	2	5	3	43	4	99	5	67	6	55	7	93	8	23	9	29
0	9	1	98	2	94	3	89	4	80	5	86	6	30	7	11	8	53	9	73
0	76	1	47	2	37	3	41	4	20	5	23	6	76	7	40	8	89	9	87
0	58	1	74	2	56	3	61	4	57	5	85	6	3	7	64	8	38	9	81
0	3	1	94	2	53	3	4	4	40	5	13	6	82	7	63	8	41	9	61
0	16	1	66	2	55	3	15	4	36	5	26	6	88	7	64	8	24	9	76
0	90	1	16	2	4	3	36	4	70	5	34	6	43	7	34	8	32	9	95
0	83	1	65	2	72	3	72	4	70	5	82	6	94	7	34	8	1	9	8
0	41	1	14	2	98	3	29	4	71	5	92	6	19	7	41	8	26	9	32
0	97	1	38	2	41	3	62	4	90	5	86	6	90	7	17	8	33	9	6
0	70	1	49	2	31	3	46	4	77	5	51	6	94	7	83	8	45	9	53
0	32	1	54	2	64	3	17	4	36	5	77	6	17	7	75	8	64	9	78
0	15	1	2	2	8	3	1	4	97	5	46	6	24	7	11	8	81	9	83
0	92	1	77	2	1	3	94	4	37	5	92	6	82	7	53	8	51	9	21
0	97	1	36	2	96	3	72	4	99	5	43	6	74	7	25	8	27	9	13
0	70	1	15	2	53	3	55	4	90	5	68	6	41	7	31	8	48	9	32
0	27	1	84	2	2	3	61	4	61	5	55	6	54	7	69	8	79	9	43
0	95	1	64	2	24	3	44	4	80	5	79	6	6	7	35	8	1	9	54
0	71	1	99	2	83	3	69	4	14	5	77	6	24	7	45	8	4	9	68
0	52	1	51	2	5	3	20	4	94	5	14	6	34	7	35	8	12	9	45
0	89	1	5	2	46	3	83	4	18	5	6	6	91	7	9	8	74	9	12
0	63	1	6	2	30	3	93	4	60	5	28	6	1	7	33	8	48	9	84
LBCmax: 2016
RELDUE
-1	1380	1	8
-1	1109	3	4
-1	1803	7	5
-1	1140	9	1
-1	2109	8	9
-1	1543	6	7
-1	1726	5	9
-1	1062	8	7
-1	1611	6	8
-1	1817	9	4
-1	1563	3	4
-1	1857	7	4
-1	1297	4	6
-1	1688	9	6
-1	1797	3	6
-1	1811	6	8
-1	1656	1	1
-1	1010	1	8
-1	1631	2	4
-1	1099	9	4
-1	2049	2	2
-1	1193	7	3
-1	1865	4	7
-1	2128	2	4
-1	1066	7	7
-1	1565	3	6
-1	1260	8	2
-1	1140	9	7
-1	1722	2	8
-1	1812	1	1
-1	1167	6	3
-1	1015	7	2
-1	2065	4	8
-1	1336	6	4
-1	1174	9	1
-1	1988	6	3
-1	1481	8	5
-1	1428	2	1
-1	2130	7	4
-1	1893	1	7
-1	1573	4	6
-1	2055	9	6
-1	1724	3	9
-1	1102	9	9
-1	1799	2	3
-1	2138	6	3
-1	1999	4	9
-1	1905	7	8
-1	1354	4	5
-1	2148	9	6
-1	1903	1	8
-1	1009	4	6
-1	1995	2	1
-1	1494	7	3
-1	2196	9	8
-1	1195	1	8
-1	1462	8	3
-1	1894	6	1
-1	1082	4	2
-1	1551	8	4
-1	1291	8	7
-1	1593	3	7
-1	1559	4	4
-1	2017	9	9
-1	1657	8	3
-1	1556	7	2
-1	2010	5	5
-1	2179	7	6
-1	1521	2	3
-1	2027	4	3
-1	1338	2	6
-1	1235	1	3
-1	1099	2	8
-1	1957	5	1
-1	1745	3	6
-1	2213	5	3
-1	1688	6	5
-1	1771	7	3
-1	1336	5	7
-1	1146	3	7
-1	1784	1	8
-1	1574	5	6
-1	2005	2	9
-1	1792	3	4
-1	2128	6	1
-1	1166	9	2
-1	1238	7	6
-1	1578	2	2
-1	1358	7	9
-1	2198	5	6
-1	1534	8	9
-1	1805	6	2
-1	1354	8	5
-1	1586	5	9
-1	1609	7	4
-1	2198	1	4
-1	1504	1	6
-1	1925	2	4
-1	1663	2	4
-1	1251	2	3
DDW
1242	1518
1087	1131
1659	1947
1072	1208
1793	2425
1420	1666
1553	1899
1051	1073
1514	1708
1599	2035
1344	1782
1634	2080
1232	1362
1452	1924
1474	2120
1739	1883
1557	1755
939	1081
1370	1892
945	1253
1885	2213
1109	1277
1604	2126
2000	2256
853	1279
1408	1722
1222	1298
1117	1163
1567	1877
1486	2138
1144	1190
954	1076
1714	2416
1269	1403
1151	1197
1650	2326
1318	1644
1314	1542
1917	2343
1704	2082
1258	1888
1850	2260
1465	1983
1069	1135
1529	2069
1924	2352
1899	2099
1753	2057
1137	1571
1718	2578
1865	1941
837	1181
1736	2254
1345	1643
1779	2613
1159	1231
1345	1579
1837	1951
1017	1147
1473	1629
1226	1356
1466	1720
1372	1746
1835	2199
1475	1839
1432	1680
1688	2332
2157	2201
1338	1704
1986	2068
1151	1525
1013	1457
901	1297
1840	2074
1501	1989
1815	2611
1469	1907
1558	1984
1176	1496
1020	1272
1677	1891
1338	1810
1865	2145
1613	1971
1788	2468
1096	1236
1077	1399
1468	1688
1277	1439
1780	2616
1396	1672
1643	1967
1327	1381
1507	1665
1512	1706
1934	2462
1233	1775
1790	2060
1447	1879
1163	1339
