HFSDDW
100	50	10
0	80	1	73	2	93	3	29	4	87	5	26	6	96	7	37	8	83	9	79
0	1	1	36	2	45	3	8	4	88	5	41	6	45	7	58	8	71	9	4
0	92	1	80	2	46	3	18	4	93	5	28	6	45	7	82	8	56	9	92
0	75	1	31	2	95	3	81	4	43	5	42	6	49	7	35	8	26	9	2
0	39	1	19	2	57	3	90	4	38	5	21	6	30	7	67	8	72	9	4
0	66	1	10	2	4	3	67	4	50	5	99	6	27	7	76	8	36	9	60
0	81	1	15	2	80	3	90	4	4	5	69	6	41	7	63	8	65	9	47
0	91	1	10	2	33	3	70	4	64	5	74	6	23	7	55	8	80	9	72
0	97	1	77	2	10	3	53	4	27	5	66	6	27	7	28	8	32	9	43
0	15	1	73	2	99	3	65	4	20	5	25	6	38	7	66	8	86	9	68
0	79	1	67	2	3	3	26	4	12	5	56	6	77	7	34	8	3	9	75
0	77	1	72	2	96	3	63	4	63	5	5	6	5	7	27	8	64	9	38
0	43	1	13	2	31	3	23	4	33	5	19	6	11	7	67	8	50	9	40
0	36	1	56	2	68	3	12	4	92	5	31	6	75	7	84	8	42	9	70
0	89	1	93	2	26	3	56	4	66	5	42	6	76	7	36	8	2	9	16
0	20	1	11	2	3	3	49	4	26	5	67	6	36	7	80	8	93	9	93
0	46	1	10	2	83	3	63	4	40	5	21	6	4	7	84	8	71	9	33
0	30	1	21	2	85	3	94	4	48	5	49	6	87	7	74	8	56	9	90
0	42	1	74	2	65	3	34	4	20	5	26	6	54	7	20	8	86	9	26
0	94	1	94	2	91	3	49	4	25	5	80	6	11	7	62	8	17	9	46
0	39	1	92	2	65	3	69	4	86	5	99	6	25	7	9	8	1	9	76
0	79	1	62	2	24	3	3	4	51	5	71	6	44	7	49	8	43	9	15
0	66	1	84	2	98	3	45	4	39	5	35	6	29	7	37	8	70	9	68
0	39	1	25	2	58	3	11	4	51	5	50	6	10	7	96	8	48	9	21
0	1	1	46	2	19	3	10	4	46	5	32	6	71	7	88	8	97	9	53
0	37	1	61	2	19	3	3	4	79	5	54	6	93	7	20	8	31	9	52
0	70	1	87	2	38	3	32	4	38	5	54	6	5	7	14	8	52	9	2
0	62	1	47	2	2	3	23	4	14	5	21	6	65	7	88	8	98	9	7
0	64	1	41	2	40	3	17	4	32	5	77	6	7	7	56	8	31	9	96
0	56	1	89	2	66	3	96	4	50	5	13	6	8	7	87	8	71	9	92
0	28	1	57	2	37	3	96	4	91	5	89	6	59	7	96	8	88	9	59
0	89	1	6	2	22	3	25	4	88	5	30	6	48	7	22	8	1	9	60
0	48	1	48	2	82	3	55	4	45	5	73	6	81	7	6	8	73	9	2
0	13	1	78	2	17	3	7	4	78	5	7	6	4	7	44	8	26	9	42
0	18	1	10	2	67	3	72	4	8	5	51	6	68	7	41	8	8	9	20
0	64	1	86	2	86	3	12	4	44	5	80	6	75	7	82	8	51	9	19
0	8	1	54	2	24	3	86	4	46	5	12	6	88	7	15	8	46	9	81
0	27	1	5	2	96	3	58	4	42	5	38	6	81	7	11	8	47	9	94
0	6	1	40	2	97	3	53	4	37	5	27	6	91	7	6	8	62	9	98
0	32	1	22	2	92	3	7	4	34	5	64	6	86	7	81	8	27	9	96
0	62	1	53	2	95	3	26	4	93	5	60	6	90	7	29	8	69	9	7
0	98	1	64	2	35	3	56	4	14	5	68	6	57	7	70	8	50	9	19
0	20	1	82	2	52	3	48	4	50	5	6	6	12	7	89	8	24	9	78
0	51	1	1	2	83	3	51	4	32	5	52	6	45	7	71	8	59	9	77
0	37	1	63	2	37	3	56	4	99	5	67	6	86	7	36	8	93	9	66
0	8	1	17	2	31	3	8	4	76	5	80	6	1	7	47	8	76	9	88
0	48	1	1	2	5	3	90	4	55	5	98	6	81	7	84	8	24	9	61
0	23	1	85	2	11	3	73	4	82	5	57	6	45	7	95	8	49	9	83
0	19	1	76	2	96	3	58	4	71	5	35	6	69	7	76	8	75	9	52
0	51	1	98	2	95	3	71	4	29	5	36	6	58	7	47	8	2	9	1
0	86	1	2	2	12	3	32	4	44	5	22	6	6	7	58	8	25	9	19
0	35	1	6	2	98	3	92	4	69	5	72	6	5	7	47	8	20	9	20
0	30	1	5	2	10	3	72	4	10	5	25	6	89	7	40	8	44	9	47
0	98	1	98	2	93	3	48	4	97	5	18	6	64	7	64	8	14	9	49
0	30	1	11	2	51	3	56	4	17	5	46	6	99	7	3	8	2	9	57
0	31	1	12	2	27	3	82	4	70	5	81	6	92	7	40	8	22	9	19
0	33	1	65	2	15	3	77	4	20	5	37	6	12	7	50	8	95	9	52
0	8	1	41	2	33	3	70	4	89	5	20	6	54	7	54	8	55	9	64
0	25	1	86	2	39	3	87	4	17	5	87	6	71	7	12	8	78	9	16
0	25	1	24	2	42	3	94	4	17	5	64	6	96	7	74	8	36	9	80
0	35	1	50	2	8	3	49	4	49	5	89	6	78	7	56	8	92	9	51
0	28	1	38	2	84	3	58	4	94	5	46	6	27	7	28	8	60	9	33
0	65	1	99	2	72	3	79	4	27	5	83	6	98	7	38	8	54	9	25
0	23	1	79	2	18	3	74	4	29	5	75	6	79	7	89	8	38	9	28
0	9	1	16	2	19	3	27	4	88	5	87	6	40	7	84	8	1	9	70
0	38	1	69	2	14	3	4	4	16	5	36	6	77	7	28	8	23	9	65
0	91	1	41	2	3	3	67	4	29	5	48	6	21	7	10	8	29	9	19
0	67	1	38	2	89	3	33	4	24	5	50	6	81	7	46	8	90	9	40
0	44	1	15	2	37	3	84	4	87	5	54	6	66	7	15	8	59	9	93
0	97	1	51	2	67	3	72	4	36	5	68	6	14	7	51	8	98	9	41
0	66	1	30	2	55	3	81	4	3	5	99	6	79	7	80	8	79	9	66
0	54	1	32	2	37	3	82	4	21	5	77	6	4	7	18	8	80	9	74
0	82	1	6	2	51	3	36	4	22	5	17	6	70	7	18	8	96	9	56
0	36	1	30	2	47	3	50	4	73	5	15	6	59	7	55	8	81	9	87
0	74	1	85	2	36	3	93	4	39	5	66	6	14	7	84	8	51	9	59
0	65	1	95	2	71	3	24	4	59	5	61	6	78	7	20	8	60	9	86
0	29	1	62	2	83	3	24	4	30	5	25	6	84	7	87	8	9	9	7
0	18	1	48	2	37	3	92	4	1	5	96	6	69	7	58	8	96	9	55
0	3	1	85	2	66	3	38	4	90	5	41	6	59	7	24	8	91	9	13
0	37	1	40	2	95	3	94	4	58	5	13	6	2	7	13	8	63	9	15
0	81	1	27	2	76	3	45	4	42	5	18	6	59	7	78	8	24	9	62
0	91	1	21	2	23	3	5	4	83	5	43	6	95	7	46	8	33	9	89
0	66	1	61	2	95	3	95	4	70	5	78	6	53	7	42	8	34	9	87
0	94	1	57	2	94	3	82	4	74	5	76	6	10	7	22	8	95	9	73
0	82	1	80	2	99	3	29	4	22	5	16	6	18	7	90	8	11	9	15
0	17	1	55	2	79	3	74	4	48	5	20	6	31	7	80	8	74	9	63
0	65	1	17	2	45	3	36	4	67	5	34	6	26	7	40	8	31	9	8
0	34	1	74	2	50	3	60	4	7	5	85	6	61	7	67	8	74	9	54
0	61	1	62	2	31	3	19	4	71	5	40	6	77	7	21	8	34	9	54
0	46	1	29	2	47	3	32	4	9	5	65	6	36	7	64	8	62	9	87
0	90	1	77	2	59	3	4	4	81	5	42	6	5	7	20	8	67	9	63
0	59	1	64	2	6	3	21	4	3	5	3	6	86	7	26	8	65	9	28
0	57	1	5	2	6	3	76	4	61	5	5	6	28	7	18	8	52	9	42
0	50	1	97	2	5	3	87	4	63	5	83	6	4	7	27	8	38	9	29
0	35	1	57	2	53	3	71	4	95	5	82	6	24	7	26	8	30	9	6
0	79	1	10	2	98	3	34	4	31	5	86	6	72	7	83	8	43	9	76
0	15	1	86	2	68	3	26	4	13	5	62	6	59	7	19	8	58	9	20
0	98	1	59	2	88	3	37	4	93	5	99	6	51	7	34	8	81	9	78
0	81	1	2	2	88	3	46	4	62	5	41	6	98	7	71	8	57	9	77
0	11	1	21	2	84	3	61	4	14	5	48	6	89	7	27	8	59	9	34
LBCmax: 1314
RELDUE
-1	317	1	6
-1	171	1	5
-1	668	2	3
-1	206	8	4
-1	185	4	4
-1	292	8	1
-1	301	5	6
-1	623	7	9
-1	453	4	2
-1	375	9	7
-1	405	5	7
-1	432	7	9
-1	147	8	3
-1	639	4	7
-1	883	3	3
-1	233	3	3
-1	905	3	1
-1	310	3	9
-1	637	5	2
-1	698	1	6
-1	633	6	2
-1	824	5	4
-1	613	4	3
-1	771	9	2
-1	201	4	1
-1	752	9	8
-1	723	4	3
-1	343	8	4
-1	310	8	2
-1	489	6	9
-1	213	9	1
-1	323	2	1
-1	721	1	6
-1	505	8	4
-1	565	4	7
-1	731	5	2
-1	397	2	4
-1	756	2	3
-1	437	3	4
-1	459	5	6
-1	281	4	3
-1	414	3	2
-1	369	4	5
-1	337	8	9
-1	463	3	9
-1	706	2	3
-1	274	5	2
-1	285	7	5
-1	651	1	5
-1	137	3	8
-1	523	4	6
-1	654	7	7
-1	628	6	7
-1	821	6	1
-1	683	2	5
-1	414	1	4
-1	478	7	9
-1	818	5	6
-1	136	8	9
-1	353	7	6
-1	489	7	8
-1	879	2	5
-1	443	6	2
-1	884	6	1
-1	293	6	6
-1	212	2	7
-1	631	2	6
-1	563	2	7
-1	205	5	6
-1	283	6	7
-1	757	9	8
-1	280	8	7
-1	794	8	7
-1	308	5	6
-1	547	6	1
-1	349	7	2
-1	585	8	6
-1	406	2	6
-1	438	4	3
-1	415	2	4
-1	609	1	5
-1	568	4	5
-1	612	4	3
-1	304	3	1
-1	886	7	8
-1	480	2	2
-1	616	4	1
-1	821	6	8
-1	742	9	5
-1	281	6	9
-1	383	6	1
-1	500	5	5
-1	750	8	1
-1	214	9	5
-1	890	5	6
-1	322	4	2
-1	891	4	2
-1	405	6	4
-1	175	5	3
-1	382	4	5
DDW
288	346
154	188
548	788
173	239
148	222
260	324
253	349
523	723
362	544
345	405
348	462
350	514
126	168
607	671
742	1024
231	235
887	923
251	369
548	726
656	740
589	677
700	948
539	687
740	802
183	219
609	895
607	839
329	357
282	338
455	523
198	228
281	365
699	743
490	520
503	627
709	753
381	413
643	869
389	485
427	491
264	298
393	435
328	410
327	347
380	546
642	770
244	304
271	299
599	703
121	153
486	560
576	732
546	710
805	837
656	710
356	472
387	569
695	941
126	146
346	360
411	567
765	993
408	478
760	1008
290	296
210	214
530	732
495	631
174	236
246	320
628	886
260	300
730	858
286	330
438	656
339	359
556	614
365	447
412	464
411	419
554	664
506	630
514	710
252	356
709	1063
408	552
493	739
813	829
594	890
233	329
364	402
450	550
682	818
195	233
783	997
277	367
731	1051
336	474
172	178
313	451
