HFSDDW
100	30	10
0	65	1	43	2	77	3	20	4	65	5	13	6	1	7	14	8	81	9	19
0	34	1	27	2	25	3	20	4	96	5	17	6	80	7	85	8	94	9	55
0	17	1	78	2	97	3	19	4	89	5	40	6	81	7	75	8	80	9	1
0	31	1	67	2	66	3	87	4	51	5	38	6	27	7	87	8	86	9	75
0	56	1	60	2	9	3	49	4	46	5	45	6	91	7	88	8	50	9	60
0	41	1	8	2	18	3	50	4	56	5	87	6	46	7	58	8	30	9	25
0	31	1	25	2	33	3	81	4	88	5	67	6	60	7	37	8	69	9	59
0	90	1	92	2	99	3	19	4	98	5	56	6	69	7	48	8	73	9	44
0	49	1	92	2	25	3	21	4	60	5	24	6	49	7	17	8	32	9	63
0	91	1	68	2	57	3	62	4	44	5	31	6	27	7	28	8	61	9	78
0	85	1	54	2	19	3	91	4	70	5	48	6	9	7	99	8	51	9	99
0	18	1	97	2	85	3	86	4	75	5	38	6	99	7	13	8	22	9	64
0	18	1	44	2	5	3	7	4	67	5	22	6	35	7	37	8	74	9	68
0	30	1	42	2	87	3	94	4	59	5	94	6	74	7	34	8	50	9	12
0	16	1	50	2	65	3	33	4	46	5	94	6	83	7	71	8	86	9	7
0	31	1	14	2	7	3	96	4	61	5	41	6	50	7	13	8	25	9	48
0	14	1	71	2	25	3	83	4	70	5	76	6	11	7	91	8	28	9	80
0	64	1	66	2	62	3	10	4	49	5	67	6	78	7	71	8	61	9	73
0	38	1	64	2	51	3	68	4	37	5	16	6	36	7	90	8	34	9	18
0	45	1	61	2	10	3	3	4	98	5	45	6	26	7	82	8	63	9	70
0	83	1	92	2	43	3	6	4	42	5	65	6	52	7	96	8	47	9	93
0	62	1	79	2	52	3	52	4	10	5	50	6	20	7	57	8	46	9	54
0	40	1	20	2	57	3	10	4	36	5	4	6	57	7	60	8	12	9	5
0	42	1	96	2	9	3	90	4	89	5	46	6	21	7	45	8	26	9	72
0	64	1	39	2	44	3	41	4	56	5	66	6	9	7	58	8	92	9	49
0	25	1	69	2	37	3	10	4	30	5	64	6	35	7	33	8	69	9	39
0	8	1	91	2	85	3	43	4	51	5	66	6	70	7	61	8	62	9	64
0	29	1	74	2	31	3	73	4	90	5	2	6	76	7	16	8	54	9	70
0	94	1	99	2	68	3	63	4	80	5	73	6	59	7	99	8	61	9	25
0	11	1	87	2	76	3	87	4	64	5	73	6	54	7	2	8	90	9	89
0	95	1	48	2	95	3	28	4	20	5	50	6	39	7	63	8	19	9	28
0	88	1	19	2	79	3	99	4	44	5	9	6	23	7	22	8	62	9	77
0	7	1	71	2	99	3	37	4	53	5	41	6	98	7	43	8	9	9	17
0	47	1	74	2	26	3	64	4	75	5	46	6	5	7	40	8	44	9	30
0	35	1	95	2	80	3	33	4	37	5	92	6	9	7	76	8	43	9	56
0	50	1	33	2	39	3	13	4	83	5	24	6	48	7	58	8	75	9	78
0	52	1	95	2	55	3	3	4	80	5	14	6	93	7	15	8	24	9	97
0	5	1	83	2	78	3	33	4	43	5	12	6	91	7	67	8	1	9	61
0	32	1	22	2	99	3	53	4	67	5	15	6	36	7	14	8	81	9	52
0	98	1	46	2	64	3	65	4	78	5	39	6	41	7	78	8	52	9	24
0	98	1	94	2	52	3	46	4	52	5	67	6	54	7	7	8	69	9	72
0	32	1	81	2	58	3	15	4	47	5	30	6	96	7	2	8	35	9	65
0	77	1	79	2	33	3	72	4	99	5	58	6	19	7	14	8	54	9	5
0	70	1	14	2	15	3	76	4	62	5	38	6	69	7	54	8	1	9	1
0	61	1	30	2	44	3	10	4	20	5	17	6	88	7	50	8	18	9	49
0	42	1	39	2	43	3	87	4	46	5	19	6	62	7	80	8	46	9	93
0	49	1	41	2	52	3	65	4	2	5	18	6	67	7	81	8	53	9	10
0	60	1	43	2	2	3	35	4	5	5	48	6	36	7	23	8	53	9	82
0	69	1	68	2	95	3	6	4	62	5	31	6	71	7	27	8	30	9	43
0	75	1	89	2	8	3	8	4	52	5	20	6	78	7	78	8	9	9	3
0	50	1	8	2	97	3	9	4	88	5	99	6	38	7	9	8	82	9	98
0	83	1	39	2	28	3	64	4	25	5	80	6	46	7	46	8	4	9	71
0	47	1	40	2	51	3	10	4	34	5	70	6	35	7	94	8	82	9	84
0	70	1	57	2	15	3	50	4	32	5	62	6	71	7	86	8	18	9	63
0	92	1	62	2	45	3	32	4	60	5	37	6	62	7	44	8	83	9	72
0	74	1	32	2	75	3	37	4	55	5	11	6	56	7	87	8	75	9	18
0	64	1	44	2	26	3	97	4	28	5	26	6	25	7	77	8	32	9	62
0	9	1	60	2	29	3	40	4	78	5	84	6	94	7	20	8	50	9	97
0	9	1	91	2	12	3	11	4	11	5	38	6	81	7	77	8	95	9	22
0	7	1	83	2	12	3	99	4	99	5	49	6	37	7	48	8	5	9	34
0	12	1	85	2	13	3	21	4	63	5	15	6	4	7	35	8	59	9	71
0	16	1	37	2	38	3	77	4	10	5	72	6	33	7	15	8	86	9	89
0	44	1	47	2	82	3	10	4	55	5	26	6	48	7	29	8	41	9	29
0	48	1	47	2	15	3	17	4	85	5	23	6	78	7	90	8	48	9	96
0	35	1	47	2	18	3	24	4	7	5	70	6	46	7	34	8	89	9	27
0	17	1	22	2	61	3	15	4	89	5	65	6	4	7	4	8	66	9	38
0	66	1	74	2	94	3	31	4	24	5	68	6	22	7	22	8	92	9	86
0	93	1	43	2	67	3	90	4	54	5	97	6	30	7	58	8	3	9	85
0	79	1	15	2	40	3	15	4	13	5	26	6	86	7	1	8	27	9	21
0	20	1	75	2	25	3	11	4	31	5	61	6	52	7	87	8	1	9	39
0	49	1	24	2	41	3	3	4	33	5	73	6	55	7	70	8	60	9	91
0	36	1	46	2	1	3	80	4	58	5	51	6	35	7	79	8	18	9	97
0	81	1	21	2	94	3	72	4	67	5	19	6	18	7	56	8	60	9	93
0	46	1	42	2	57	3	64	4	36	5	55	6	74	7	37	8	82	9	39
0	70	1	16	2	40	3	36	4	85	5	74	6	75	7	44	8	53	9	79
0	26	1	73	2	69	3	3	4	57	5	28	6	30	7	69	8	36	9	15
0	56	1	98	2	11	3	66	4	46	5	93	6	88	7	37	8	44	9	3
0	77	1	97	2	97	3	78	4	28	5	65	6	81	7	58	8	87	9	93
0	43	1	74	2	4	3	80	4	67	5	73	6	72	7	54	8	7	9	9
0	26	1	5	2	2	3	68	4	83	5	71	6	5	7	73	8	90	9	91
0	85	1	39	2	99	3	50	4	3	5	29	6	75	7	90	8	75	9	91
0	47	1	71	2	82	3	42	4	71	5	81	6	95	7	31	8	98	9	73
0	21	1	34	2	30	3	36	4	77	5	72	6	95	7	30	8	95	9	56
0	61	1	8	2	68	3	95	4	8	5	5	6	74	7	53	8	77	9	39
0	97	1	81	2	79	3	15	4	62	5	54	6	23	7	60	8	97	9	2
0	76	1	74	2	75	3	18	4	71	5	52	6	9	7	64	8	73	9	31
0	34	1	46	2	95	3	19	4	31	5	40	6	4	7	86	8	35	9	66
0	8	1	42	2	53	3	60	4	75	5	39	6	54	7	16	8	74	9	23
0	49	1	36	2	33	3	93	4	79	5	86	6	33	7	50	8	25	9	56
0	96	1	11	2	80	3	47	4	6	5	51	6	86	7	60	8	83	9	23
0	50	1	36	2	25	3	31	4	94	5	35	6	21	7	15	8	42	9	32
0	97	1	92	2	89	3	51	4	81	5	97	6	14	7	3	8	39	9	44
0	7	1	53	2	62	3	78	4	69	5	96	6	61	7	7	8	55	9	24
0	53	1	94	2	32	3	52	4	72	5	14	6	11	7	2	8	98	9	45
0	66	1	18	2	9	3	92	4	59	5	5	6	21	7	30	8	66	9	8
0	38	1	83	2	21	3	39	4	16	5	97	6	74	7	47	8	61	9	97
0	73	1	15	2	60	3	18	4	79	5	3	6	60	7	38	8	78	9	68
0	87	1	13	2	4	3	94	4	78	5	89	6	45	7	70	8	20	9	65
0	76	1	32	2	40	3	48	4	86	5	69	6	73	7	93	8	37	9	75
0	39	1	64	2	40	3	1	4	71	5	52	6	57	7	90	8	14	9	56
LBCmax: 2098
RELDUE
-1	1180	8	7
-1	1675	7	5
-1	1279	7	4
-1	1868	6	8
-1	880	8	4
-1	954	4	9
-1	1639	7	7
-1	962	1	3
-1	1395	5	1
-1	954	8	1
-1	1286	1	9
-1	680	3	3
-1	966	2	3
-1	1841	6	5
-1	906	6	1
-1	1150	4	4
-1	1568	7	5
-1	786	1	2
-1	1033	6	7
-1	754	3	1
-1	1003	3	1
-1	1472	7	9
-1	646	1	2
-1	657	6	9
-1	987	2	8
-1	924	6	3
-1	1540	2	1
-1	662	3	9
-1	919	5	4
-1	960	3	4
-1	1033	8	1
-1	1316	2	7
-1	1337	1	1
-1	1436	2	2
-1	900	7	9
-1	1797	6	8
-1	1641	8	8
-1	1151	8	9
-1	976	3	3
-1	1387	3	9
-1	1748	7	7
-1	1218	3	8
-1	1037	5	1
-1	763	3	6
-1	924	3	2
-1	1073	6	2
-1	1096	4	8
-1	1177	2	2
-1	1622	9	9
-1	1007	9	9
-1	1602	1	4
-1	1194	3	3
-1	1361	2	8
-1	672	5	3
-1	957	3	3
-1	1596	7	2
-1	1658	2	4
-1	1250	7	2
-1	1510	7	4
-1	1844	2	9
-1	1302	8	5
-1	1606	8	6
-1	672	4	4
-1	1064	4	1
-1	1810	6	6
-1	1859	1	3
-1	1231	4	3
-1	1418	9	3
-1	1570	4	1
-1	997	6	7
-1	1398	6	9
-1	1045	3	9
-1	1698	5	4
-1	1535	1	1
-1	895	2	1
-1	1673	5	5
-1	1064	7	9
-1	1772	2	5
-1	1622	5	6
-1	1802	8	7
-1	1717	4	5
-1	991	7	7
-1	928	3	4
-1	1800	8	8
-1	1246	4	4
-1	1727	7	6
-1	1843	7	5
-1	1293	4	8
-1	1107	2	9
-1	1193	2	9
-1	768	4	3
-1	1019	8	5
-1	1529	2	5
-1	1021	5	4
-1	713	2	5
-1	771	7	7
-1	1175	3	9
-1	1862	4	2
-1	841	2	6
-1	953	6	1
DDW
1027	1333
1574	1776
1087	1471
1588	2148
818	942
792	1116
1377	1901
895	1029
1228	1562
897	1011
1209	1363
592	768
860	1072
1491	2191
834	978
1116	1184
1380	1756
747	825
899	1167
626	882
812	1194
1354	1590
556	736
532	782
839	1135
739	1109
1401	1679
556	768
891	947
912	1008
888	1178
1145	1487
1257	1417
1407	1465
837	963
1761	1833
1444	1838
1116	1186
937	1015
1304	1470
1486	2010
1169	1267
850	1224
626	900
887	961
1041	1105
1041	1151
1106	1248
1444	1800
957	1057
1410	1794
955	1433
1089	1633
558	786
928	986
1516	1676
1442	1874
1050	1450
1495	1525
1696	1992
1185	1419
1285	1927
638	706
979	1149
1593	2027
1599	2119
1145	1317
1276	1560
1366	1774
927	1067
1230	1566
940	1150
1681	1715
1428	1642
877	913
1405	1941
947	1181
1488	2056
1362	1882
1586	2018
1459	1975
961	1021
872	984
1458	2142
1072	1420
1468	1986
1603	2083
1177	1409
897	1317
1169	1217
699	837
856	1182
1483	1575
858	1184
585	841
655	887
940	1410
1657	2067
791	891
858	1048
