HFSDDW
100	50	10
0	19	1	81	2	74	3	76	4	24	5	51	6	59	7	48	8	12	9	88
0	45	1	98	2	1	3	55	4	45	5	43	6	39	7	14	8	8	9	10
0	39	1	24	2	25	3	89	4	56	5	64	6	27	7	5	8	46	9	20
0	35	1	21	2	46	3	19	4	42	5	85	6	9	7	43	8	59	9	17
0	60	1	25	2	18	3	62	4	99	5	7	6	51	7	26	8	83	9	11
0	80	1	88	2	23	3	42	4	47	5	95	6	57	7	84	8	20	9	59
0	24	1	54	2	2	3	92	4	54	5	25	6	52	7	82	8	14	9	60
0	35	1	96	2	54	3	91	4	50	5	15	6	7	7	62	8	90	9	50
0	14	1	2	2	21	3	36	4	39	5	46	6	97	7	5	8	72	9	46
0	29	1	24	2	23	3	99	4	92	5	6	6	23	7	25	8	9	9	75
0	54	1	69	2	13	3	24	4	75	5	84	6	34	7	32	8	92	9	32
0	89	1	94	2	94	3	70	4	46	5	22	6	33	7	66	8	53	9	8
0	27	1	48	2	11	3	67	4	32	5	11	6	74	7	54	8	98	9	45
0	92	1	81	2	54	3	15	4	96	5	45	6	89	7	97	8	60	9	55
0	13	1	66	2	12	3	40	4	57	5	34	6	30	7	53	8	54	9	70
0	72	1	57	2	72	3	1	4	49	5	6	6	58	7	45	8	92	9	64
0	10	1	80	2	33	3	48	4	40	5	9	6	41	7	79	8	74	9	2
0	33	1	36	2	6	3	97	4	95	5	60	6	36	7	71	8	11	9	97
0	80	1	21	2	1	3	28	4	72	5	35	6	9	7	53	8	66	9	90
0	86	1	45	2	6	3	95	4	45	5	33	6	34	7	64	8	99	9	48
0	92	1	51	2	79	3	53	4	38	5	37	6	52	7	75	8	5	9	88
0	70	1	87	2	34	3	94	4	83	5	89	6	79	7	5	8	75	9	6
0	99	1	88	2	14	3	83	4	15	5	88	6	30	7	10	8	52	9	63
0	27	1	71	2	71	3	62	4	6	5	30	6	42	7	47	8	90	9	36
0	83	1	34	2	48	3	78	4	20	5	98	6	11	7	12	8	12	9	56
0	53	1	29	2	89	3	94	4	49	5	5	6	37	7	95	8	38	9	49
0	7	1	43	2	23	3	42	4	61	5	98	6	17	7	72	8	89	9	54
0	48	1	32	2	15	3	40	4	22	5	66	6	40	7	36	8	64	9	17
0	78	1	19	2	97	3	96	4	11	5	98	6	82	7	77	8	14	9	1
0	93	1	46	2	10	3	41	4	30	5	41	6	12	7	7	8	17	9	21
0	82	1	39	2	22	3	58	4	9	5	21	6	15	7	50	8	72	9	83
0	65	1	2	2	32	3	22	4	71	5	87	6	46	7	27	8	31	9	62
0	17	1	39	2	58	3	88	4	60	5	2	6	23	7	73	8	10	9	81
0	54	1	33	2	19	3	43	4	35	5	40	6	96	7	39	8	88	9	90
0	84	1	33	2	5	3	31	4	36	5	92	6	15	7	88	8	70	9	42
0	95	1	85	2	75	3	54	4	5	5	43	6	80	7	34	8	98	9	7
0	97	1	42	2	40	3	91	4	29	5	32	6	82	7	88	8	86	9	32
0	90	1	7	2	39	3	41	4	78	5	83	6	34	7	28	8	52	9	68
0	87	1	35	2	3	3	68	4	86	5	69	6	58	7	65	8	38	9	91
0	59	1	63	2	40	3	81	4	92	5	42	6	93	7	14	8	3	9	5
0	10	1	26	2	2	3	39	4	52	5	88	6	46	7	34	8	75	9	22
0	9	1	53	2	81	3	30	4	20	5	63	6	39	7	71	8	5	9	59
0	73	1	18	2	51	3	95	4	73	5	28	6	67	7	57	8	49	9	37
0	90	1	21	2	25	3	48	4	58	5	61	6	33	7	64	8	16	9	98
0	23	1	24	2	89	3	17	4	82	5	6	6	81	7	11	8	61	9	29
0	3	1	22	2	9	3	43	4	31	5	92	6	74	7	7	8	66	9	25
0	22	1	89	2	85	3	39	4	31	5	88	6	28	7	33	8	71	9	58
0	30	1	75	2	56	3	7	4	36	5	50	6	28	7	35	8	13	9	67
0	46	1	56	2	95	3	20	4	34	5	69	6	12	7	82	8	18	9	66
0	86	1	27	2	97	3	91	4	77	5	34	6	38	7	50	8	85	9	94
0	77	1	48	2	39	3	3	4	98	5	28	6	66	7	3	8	7	9	80
0	65	1	40	2	93	3	98	4	79	5	65	6	93	7	66	8	6	9	62
0	77	1	46	2	16	3	6	4	72	5	4	6	77	7	64	8	30	9	3
0	12	1	77	2	49	3	19	4	89	5	97	6	18	7	92	8	21	9	6
0	4	1	9	2	75	3	37	4	2	5	46	6	33	7	99	8	13	9	12
0	41	1	72	2	45	3	24	4	17	5	32	6	33	7	33	8	31	9	95
0	50	1	2	2	72	3	5	4	69	5	87	6	91	7	75	8	10	9	81
0	47	1	1	2	45	3	99	4	59	5	68	6	71	7	78	8	5	9	26
0	70	1	78	2	52	3	18	4	61	5	39	6	33	7	26	8	2	9	58
0	64	1	84	2	62	3	26	4	56	5	2	6	37	7	70	8	67	9	14
0	55	1	58	2	90	3	31	4	64	5	41	6	27	7	46	8	64	9	49
0	60	1	54	2	29	3	6	4	25	5	72	6	49	7	55	8	44	9	31
0	55	1	66	2	73	3	51	4	17	5	63	6	39	7	20	8	44	9	57
0	32	1	1	2	12	3	90	4	71	5	13	6	88	7	22	8	53	9	21
0	12	1	86	2	61	3	53	4	97	5	11	6	56	7	56	8	1	9	84
0	53	1	82	2	27	3	37	4	59	5	88	6	84	7	39	8	14	9	2
0	3	1	8	2	3	3	7	4	17	5	60	6	43	7	38	8	34	9	12
0	83	1	28	2	2	3	23	4	19	5	68	6	6	7	20	8	53	9	7
0	7	1	82	2	19	3	59	4	5	5	50	6	74	7	74	8	32	9	82
0	28	1	49	2	8	3	52	4	19	5	5	6	84	7	54	8	37	9	38
0	67	1	19	2	23	3	88	4	1	5	25	6	80	7	4	8	19	9	90
0	83	1	65	2	85	3	8	4	94	5	21	6	88	7	43	8	3	9	67
0	85	1	69	2	6	3	52	4	83	5	34	6	21	7	50	8	5	9	15
0	83	1	51	2	83	3	16	4	39	5	88	6	60	7	31	8	59	9	80
0	69	1	70	2	55	3	41	4	99	5	63	6	64	7	1	8	57	9	98
0	16	1	42	2	52	3	69	4	52	5	98	6	13	7	70	8	5	9	66
0	5	1	31	2	98	3	5	4	7	5	32	6	81	7	70	8	68	9	7
0	61	1	58	2	83	3	23	4	98	5	15	6	14	7	64	8	53	9	21
0	70	1	20	2	92	3	7	4	98	5	42	6	99	7	15	8	63	9	40
0	76	1	89	2	26	3	92	4	75	5	38	6	72	7	51	8	35	9	67
0	82	1	93	2	33	3	50	4	38	5	58	6	58	7	29	8	71	9	37
0	85	1	48	2	18	3	84	4	95	5	85	6	39	7	92	8	6	9	65
0	33	1	67	2	8	3	28	4	31	5	71	6	32	7	91	8	47	9	61
0	43	1	62	2	30	3	85	4	38	5	77	6	87	7	43	8	69	9	40
0	84	1	70	2	43	3	26	4	55	5	28	6	71	7	41	8	96	9	90
0	99	1	79	2	46	3	70	4	35	5	15	6	86	7	5	8	20	9	66
0	26	1	67	2	82	3	10	4	93	5	23	6	18	7	33	8	46	9	19
0	97	1	96	2	23	3	66	4	80	5	62	6	24	7	81	8	72	9	3
0	1	1	91	2	94	3	56	4	61	5	63	6	17	7	60	8	51	9	23
0	90	1	82	2	23	3	4	4	14	5	18	6	88	7	34	8	32	9	32
0	10	1	39	2	94	3	78	4	92	5	4	6	57	7	79	8	89	9	72
0	91	1	6	2	32	3	18	4	65	5	35	6	72	7	26	8	48	9	31
0	7	1	58	2	81	3	23	4	28	5	16	6	73	7	20	8	52	9	63
0	73	1	90	2	49	3	41	4	92	5	62	6	96	7	17	8	64	9	58
0	7	1	37	2	71	3	78	4	32	5	85	6	50	7	5	8	38	9	79
0	45	1	63	2	85	3	2	4	25	5	52	6	57	7	71	8	50	9	77
0	30	1	37	2	28	3	26	4	98	5	2	6	56	7	91	8	25	9	4
0	38	1	56	2	62	3	90	4	24	5	70	6	86	7	3	8	91	9	42
0	65	1	68	2	82	3	73	4	19	5	11	6	6	7	47	8	16	9	40
0	5	1	25	2	66	3	86	4	29	5	70	6	10	7	46	8	80	9	31
LBCmax: 1335
RELDUE
-1	1012	2	3
-1	1091	6	7
-1	1147	9	1
-1	1026	3	6
-1	1044	2	5
-1	1171	8	7
-1	936	8	8
-1	1188	6	6
-1	1143	3	4
-1	1082	8	8
-1	1109	2	1
-1	1079	9	1
-1	1148	8	8
-1	955	9	2
-1	966	4	9
-1	1098	1	9
-1	1081	5	6
-1	1080	3	4
-1	951	7	3
-1	1169	9	3
-1	1191	7	4
-1	958	2	7
-1	1137	2	6
-1	1161	1	3
-1	1198	4	6
-1	968	6	4
-1	1176	6	7
-1	1136	3	2
-1	1098	3	6
-1	1077	8	2
-1	1096	2	2
-1	1044	2	2
-1	995	4	8
-1	1096	2	3
-1	969	6	2
-1	951	9	9
-1	1171	4	5
-1	1061	2	8
-1	1019	8	2
-1	1015	8	3
-1	959	7	7
-1	961	7	8
-1	1118	4	7
-1	1095	4	7
-1	1134	3	1
-1	1069	1	1
-1	1054	5	8
-1	1088	2	6
-1	1132	2	9
-1	1114	4	3
-1	973	4	8
-1	1080	6	3
-1	1038	7	7
-1	1180	9	1
-1	1026	6	5
-1	987	4	2
-1	1155	7	6
-1	1187	5	4
-1	1030	4	4
-1	1010	8	7
-1	1197	5	4
-1	1002	9	5
-1	1024	1	8
-1	999	5	6
-1	1187	4	5
-1	998	6	8
-1	1018	8	6
-1	986	8	8
-1	1188	1	5
-1	949	1	6
-1	1128	7	4
-1	954	1	8
-1	995	7	9
-1	1138	4	8
-1	1143	4	8
-1	1163	3	8
-1	1042	2	7
-1	975	8	9
-1	961	9	2
-1	1062	2	8
-1	1115	3	4
-1	1021	7	1
-1	937	8	5
-1	1185	4	2
-1	1037	7	6
-1	950	3	8
-1	940	3	2
-1	1017	9	2
-1	1004	4	2
-1	1184	7	2
-1	997	5	6
-1	1186	3	5
-1	965	3	7
-1	943	7	1
-1	1019	7	9
-1	1159	9	9
-1	1139	4	3
-1	1052	4	4
-1	1109	6	1
-1	1070	9	2
DDW
951	1073
1069	1113
1136	1158
954	1098
992	1096
1112	1230
889	983
1069	1307
1052	1234
995	1169
1031	1187
993	1165
1091	1205
945	965
927	1005
1021	1175
1059	1103
1058	1102
865	1037
1146	1192
1084	1298
929	987
1080	1194
1057	1265
1114	1282
920	1016
1117	1235
1125	1147
1010	1186
1012	1142
1041	1151
1002	1086
975	1015
1030	1162
911	1027
913	989
1101	1241
997	1125
1009	1029
924	1106
930	988
884	1038
1084	1152
986	1204
1100	1168
1048	1090
1001	1107
1044	1132
1019	1245
1025	1203
944	1002
1026	1134
1017	1059
1074	1286
975	1077
957	1017
1063	1247
1151	1223
927	1133
1000	1020
1077	1317
952	1052
1004	1044
969	1029
1151	1223
968	1028
957	1079
897	1075
1129	1247
854	1044
1105	1151
897	1011
975	1015
1127	1149
1040	1246
1151	1175
1032	1052
926	1024
903	1019
998	1126
1004	1226
1001	1041
918	956
1066	1304
1006	1068
940	960
921	959
976	1058
984	1024
1148	1220
937	1057
1139	1233
907	1023
849	1037
927	1111
1055	1263
1071	1207
947	1157
1020	1198
1059	1081
