HFSDDW
100	25	5
0	72	1	32	2	7	3	53	4	88
0	14	1	74	2	88	3	73	4	7
0	19	1	59	2	48	3	47	4	61
0	14	1	64	2	71	3	24	4	14
0	21	1	44	2	32	3	82	4	96
0	90	1	41	2	15	3	40	4	72
0	59	1	34	2	49	3	91	4	54
0	38	1	4	2	68	3	18	4	51
0	30	1	8	2	26	3	33	4	77
0	83	1	12	2	17	3	42	4	90
0	69	1	30	2	79	3	23	4	93
0	29	1	1	2	24	3	57	4	98
0	72	1	60	2	49	3	2	4	48
0	85	1	10	2	57	3	92	4	24
0	11	1	95	2	53	3	73	4	84
0	13	1	19	2	98	3	6	4	13
0	78	1	25	2	72	3	49	4	3
0	29	1	54	2	27	3	97	4	26
0	37	1	79	2	12	3	20	4	78
0	69	1	59	2	25	3	85	4	92
0	74	1	55	2	25	3	19	4	80
0	74	1	76	2	7	3	39	4	81
0	11	1	3	2	19	3	44	4	20
0	48	1	88	2	99	3	98	4	19
0	31	1	83	2	59	3	66	4	86
0	31	1	83	2	34	3	95	4	15
0	54	1	93	2	13	3	14	4	39
0	23	1	99	2	53	3	69	4	29
0	53	1	48	2	87	3	17	4	16
0	35	1	61	2	68	3	99	4	30
0	81	1	59	2	26	3	66	4	61
0	90	1	95	2	58	3	32	4	49
0	90	1	42	2	11	3	25	4	27
0	17	1	89	2	5	3	6	4	97
0	48	1	35	2	30	3	69	4	66
0	82	1	96	2	43	3	51	4	51
0	69	1	16	2	35	3	65	4	34
0	95	1	68	2	46	3	52	4	48
0	28	1	42	2	22	3	20	4	39
0	11	1	38	2	63	3	89	4	98
0	46	1	56	2	62	3	3	4	81
0	47	1	29	2	56	3	1	4	78
0	94	1	52	2	7	3	81	4	80
0	75	1	8	2	45	3	90	4	32
0	48	1	43	2	53	3	58	4	69
0	7	1	14	2	11	3	31	4	55
0	45	1	33	2	54	3	53	4	5
0	14	1	53	2	32	3	84	4	87
0	66	1	12	2	46	3	74	4	53
0	75	1	35	2	40	3	40	4	63
0	3	1	92	2	72	3	58	4	50
0	4	1	4	2	5	3	33	4	75
0	33	1	19	2	26	3	46	4	33
0	62	1	98	2	54	3	76	4	66
0	23	1	75	2	61	3	4	4	65
0	37	1	97	2	78	3	5	4	94
0	72	1	73	2	70	3	68	4	52
0	53	1	61	2	95	3	3	4	2
0	10	1	49	2	99	3	10	4	54
0	48	1	86	2	99	3	41	4	91
0	76	1	80	2	64	3	73	4	41
0	28	1	31	2	68	3	92	4	14
0	7	1	25	2	1	3	39	4	3
0	60	1	48	2	57	3	93	4	79
0	1	1	3	2	52	3	74	4	57
0	74	1	76	2	52	3	50	4	18
0	50	1	97	2	37	3	13	4	18
0	91	1	9	2	97	3	28	4	25
0	22	1	92	2	4	3	88	4	95
0	85	1	48	2	61	3	7	4	93
0	1	1	30	2	7	3	61	4	90
0	73	1	29	2	89	3	17	4	66
0	52	1	79	2	19	3	75	4	64
0	9	1	87	2	87	3	21	4	12
0	51	1	51	2	30	3	69	4	58
0	9	1	99	2	63	3	79	4	71
0	26	1	15	2	46	3	56	4	17
0	21	1	91	2	76	3	22	4	45
0	62	1	19	2	80	3	61	4	73
0	43	1	74	2	29	3	25	4	86
0	97	1	60	2	41	3	94	4	42
0	50	1	99	2	37	3	4	4	82
0	74	1	65	2	11	3	45	4	41
0	37	1	34	2	62	3	58	4	43
0	18	1	12	2	66	3	75	4	49
0	33	1	70	2	69	3	95	4	15
0	35	1	70	2	39	3	93	4	73
0	65	1	74	2	51	3	14	4	67
0	21	1	54	2	72	3	40	4	71
0	96	1	9	2	35	3	20	4	37
0	10	1	13	2	71	3	81	4	68
0	86	1	94	2	65	3	46	4	10
0	79	1	31	2	41	3	89	4	48
0	4	1	27	2	17	3	72	4	76
0	62	1	82	2	48	3	90	4	23
0	63	1	40	2	27	3	5	4	52
0	24	1	35	2	49	3	59	4	5
0	22	1	99	2	57	3	26	4	87
0	71	1	10	2	6	3	5	4	88
0	90	1	14	2	82	3	92	4	67
LBCmax: 1157
RELDUE
-1	1157	7	3
-1	1410	1	6
-1	1080	7	3
-1	858	4	9
-1	1215	9	7
-1	661	3	3
-1	1094	4	4
-1	1282	2	8
-1	1033	9	2
-1	400	1	4
-1	887	3	6
-1	1132	5	3
-1	1051	2	8
-1	1426	2	4
-1	1339	8	3
-1	861	5	1
-1	1298	1	9
-1	1295	3	8
-1	1327	6	6
-1	641	8	9
-1	399	8	7
-1	1157	7	9
-1	1401	5	1
-1	1327	6	3
-1	406	4	4
-1	951	4	2
-1	1239	7	3
-1	851	2	1
-1	374	7	7
-1	719	4	9
-1	929	2	9
-1	1007	2	7
-1	748	3	3
-1	773	3	4
-1	1299	1	4
-1	720	2	4
-1	1177	3	1
-1	398	5	6
-1	1322	9	5
-1	1245	7	2
-1	1014	2	8
-1	559	9	4
-1	1478	9	3
-1	589	4	7
-1	815	7	3
-1	380	1	9
-1	910	2	9
-1	488	7	8
-1	561	6	1
-1	851	6	3
-1	438	7	2
-1	708	3	1
-1	1480	2	1
-1	1117	8	6
-1	1075	8	6
-1	1504	1	2
-1	355	9	2
-1	1258	7	4
-1	799	1	7
-1	610	7	1
-1	927	9	5
-1	589	7	7
-1	1254	4	3
-1	660	2	4
-1	975	3	6
-1	1385	1	9
-1	731	8	5
-1	624	5	1
-1	473	6	9
-1	966	2	8
-1	1189	4	7
-1	1247	9	2
-1	1478	2	8
-1	428	9	9
-1	1131	3	4
-1	1344	8	8
-1	1184	3	6
-1	1159	4	2
-1	858	5	5
-1	372	6	9
-1	388	8	5
-1	1097	3	2
-1	637	5	2
-1	1028	4	5
-1	628	7	6
-1	568	7	2
-1	1032	6	9
-1	1136	7	2
-1	1203	6	5
-1	1300	6	5
-1	711	4	3
-1	1424	1	9
-1	1104	7	2
-1	1058	7	3
-1	665	1	3
-1	772	5	2
-1	810	3	3
-1	1165	9	8
-1	1119	5	7
-1	935	6	1
DDW
1041	1273
1297	1523
1026	1134
746	970
1045	1385
562	760
1028	1160
1192	1372
837	1229
384	416
789	985
906	1358
851	1251
1383	1469
1192	1486
749	973
1168	1428
1191	1399
1208	1446
596	686
359	439
1122	1192
1261	1541
1194	1460
394	418
827	1075
1016	1462
800	902
303	445
590	848
790	1068
806	1208
606	890
688	858
1273	1325
713	727
1165	1189
358	438
1256	1388
1233	1257
811	1217
514	604
1375	1581
477	701
685	945
334	426
864	956
473	503
471	651
783	919
403	473
694	722
1406	1554
1039	1195
946	1204
1384	1624
288	422
1057	1459
711	887
598	622
760	1094
471	707
1154	1354
647	673
878	1072
1219	1551
724	738
574	674
464	482
869	1063
1034	1344
998	1496
1419	1537
389	467
1041	1221
1317	1371
983	1385
1032	1286
738	978
331	413
353	423
932	1262
567	707
905	1151
565	691
494	642
877	1187
988	1284
962	1444
1105	1495
697	725
1339	1509
883	1325
1016	1100
638	692
618	926
648	972
1107	1223
1018	1220
898	972
