HFSDDW
50	15	5
0	8	1	8	2	62	3	41	4	87
0	80	1	47	2	31	3	38	4	12
0	90	1	27	2	12	3	14	4	70
0	99	1	92	2	27	3	65	4	23
0	83	1	67	2	64	3	67	4	34
0	26	1	17	2	11	3	57	4	60
0	67	1	44	2	36	3	12	4	87
0	25	1	98	2	18	3	75	4	60
0	94	1	23	2	6	3	26	4	48
0	77	1	75	2	26	3	25	4	24
0	2	1	74	2	46	3	45	4	83
0	40	1	43	2	95	3	8	4	62
0	64	1	36	2	73	3	78	4	44
0	46	1	91	2	99	3	27	4	46
0	1	1	74	2	51	3	6	4	29
0	61	1	62	2	38	3	19	4	56
0	50	1	91	2	86	3	34	4	58
0	93	1	97	2	90	3	29	4	47
0	81	1	4	2	11	3	14	4	96
0	58	1	49	2	27	3	81	4	3
0	86	1	76	2	99	3	78	4	23
0	28	1	23	2	41	3	17	4	23
0	77	1	6	2	76	3	51	4	12
0	72	1	50	2	40	3	20	4	51
0	49	1	1	2	71	3	79	4	65
0	97	1	63	2	38	3	9	4	70
0	12	1	35	2	56	3	17	4	70
0	74	1	92	2	8	3	11	4	30
0	71	1	57	2	74	3	7	4	70
0	75	1	27	2	60	3	3	4	24
0	9	1	10	2	7	3	31	4	53
0	85	1	6	2	20	3	14	4	26
0	65	1	85	2	32	3	46	4	12
0	42	1	49	2	60	3	81	4	37
0	80	1	42	2	29	3	90	4	80
0	91	1	27	2	64	3	10	4	89
0	70	1	4	2	35	3	84	4	61
0	2	1	28	2	26	3	63	4	84
0	68	1	72	2	94	3	85	4	64
0	85	1	25	2	28	3	95	4	28
0	27	1	67	2	78	3	65	4	43
0	66	1	80	2	17	3	51	4	62
0	59	1	41	2	10	3	24	4	56
0	62	1	50	2	47	3	85	4	10
0	14	1	24	2	97	3	96	4	68
0	8	1	48	2	44	3	27	4	94
0	67	1	98	2	69	3	81	4	63
0	4	1	25	2	70	3	42	4	95
0	22	1	12	2	74	3	2	4	26
0	28	1	63	2	70	3	29	4	3
LBCmax: 1005
RELDUE
-1	258	6	4
-1	676	1	7
-1	330	6	6
-1	761	7	5
-1	38	9	2
-1	0	5	7
-1	595	1	6
-1	720	9	4
-1	874	2	6
-1	254	9	1
-1	86	1	8
-1	265	6	1
-1	804	2	9
-1	468	1	9
-1	849	2	1
-1	511	8	3
-1	616	9	1
-1	182	8	1
-1	513	7	4
-1	430	6	1
-1	271	2	1
-1	705	8	6
-1	0	1	6
-1	804	3	2
-1	780	2	4
-1	0	6	6
-1	398	2	1
-1	868	6	7
-1	618	7	1
-1	309	6	7
-1	353	5	7
-1	678	4	9
-1	48	3	2
-1	140	8	1
-1	488	7	8
-1	803	7	8
-1	456	1	9
-1	742	8	1
-1	581	1	1
-1	507	9	6
-1	239	6	9
-1	334	8	8
-1	632	4	3
-1	0	2	8
-1	666	5	2
-1	755	4	6
-1	117	8	8
-1	77	5	5
-1	0	6	9
-1	547	3	8
DDW
217	299
629	723
297	363
700	822
33	43
0	0
536	654
684	756
839	909
224	284
74	98
225	305
772	836
374	562
824	874
450	572
505	727
158	206
451	575
421	439
266	276
564	846
0	0
708	900
710	850
0	0
394	402
825	911
562	674
284	334
325	381
658	698
40	56
137	143
405	571
747	859
410	502
668	816
558	604
446	568
201	277
274	394
537	727
0	0
599	733
649	861
106	128
64	90
0	0
438	656
