HFSDDW
50	15	5
0	70	1	87	2	60	3	62	4	95
0	62	1	44	2	55	3	27	4	59
0	60	1	16	2	17	3	22	4	76
0	85	1	69	2	43	3	29	4	21
0	69	1	89	2	35	3	70	4	66
0	43	1	14	2	48	3	41	4	4
0	16	1	19	2	75	3	91	4	87
0	58	1	13	2	33	3	56	4	60
0	34	1	18	2	55	3	13	4	19
0	85	1	83	2	79	3	11	4	9
0	75	1	32	2	24	3	51	4	76
0	81	1	53	2	90	3	95	4	52
0	48	1	96	2	15	3	24	4	43
0	42	1	41	2	26	3	34	4	18
0	73	1	37	2	86	3	69	4	87
0	51	1	34	2	22	3	51	4	81
0	60	1	34	2	37	3	32	4	28
0	84	1	94	2	24	3	16	4	7
0	6	1	23	2	38	3	5	4	12
0	38	1	4	2	32	3	70	4	77
0	45	1	58	2	46	3	92	4	36
0	38	1	45	2	55	3	64	4	25
0	47	1	32	2	39	3	15	4	92
0	15	1	59	2	82	3	95	4	59
0	47	1	17	2	10	3	27	4	13
0	51	1	99	2	82	3	57	4	49
0	47	1	3	2	52	3	74	4	36
0	3	1	87	2	44	3	96	4	90
0	39	1	39	2	59	3	90	4	59
0	74	1	83	2	24	3	12	4	96
0	78	1	22	2	36	3	11	4	30
0	28	1	48	2	20	3	79	4	84
0	39	1	63	2	97	3	15	4	78
0	45	1	79	2	65	3	78	4	89
0	27	1	15	2	85	3	6	4	20
0	9	1	58	2	19	3	67	4	39
0	67	1	75	2	70	3	61	4	70
0	26	1	66	2	41	3	44	4	8
0	54	1	68	2	64	3	12	4	51
0	76	1	41	2	44	3	13	4	15
0	94	1	19	2	45	3	23	4	70
0	63	1	36	2	31	3	90	4	22
0	70	1	30	2	52	3	41	4	17
0	63	1	92	2	37	3	44	4	53
0	78	1	38	2	21	3	70	4	35
0	58	1	51	2	73	3	54	4	44
0	67	1	14	2	6	3	52	4	45
0	48	1	30	2	48	3	90	4	8
0	89	1	36	2	51	3	23	4	37
0	25	1	17	2	24	3	95	4	87
LBCmax: 974
RELDUE
-1	455	1	2
-1	300	3	3
-1	487	5	4
-1	409	6	6
-1	364	9	9
-1	401	7	1
-1	484	4	7
-1	438	7	8
-1	462	8	1
-1	314	8	9
-1	317	4	8
-1	414	8	1
-1	442	2	7
-1	383	8	7
-1	397	4	4
-1	403	8	8
-1	338	3	5
-1	486	1	3
-1	479	9	5
-1	426	2	2
-1	357	1	5
-1	380	5	2
-1	382	2	5
-1	364	2	8
-1	416	1	1
-1	375	4	5
-1	464	2	8
-1	483	4	3
-1	356	3	2
-1	313	1	7
-1	373	5	9
-1	344	2	6
-1	446	1	8
-1	422	7	9
-1	410	6	5
-1	415	8	3
-1	318	9	6
-1	382	8	9
-1	321	3	6
-1	466	8	7
-1	390	6	9
-1	400	6	4
-1	410	9	4
-1	446	6	5
-1	476	2	8
-1	344	9	7
-1	406	5	4
-1	299	7	2
-1	427	3	9
-1	449	1	4
DDW
382	528
285	315
468	506
356	462
349	379
389	413
431	537
390	486
374	550
286	342
257	377
356	472
407	477
352	414
385	409
359	447
314	362
399	573
412	546
362	490
343	371
361	399
325	439
306	422
370	462
364	386
380	548
420	546
285	427
266	360
325	421
316	372
397	495
380	464
332	488
382	448
264	372
309	455
311	331
387	545
320	460
388	412
361	459
379	513
386	566
327	361
369	443
293	305
406	448
436	462
