HFSDDW
200	25	5
0	79	1	1	2	12	3	53	4	75
0	56	1	99	2	15	3	65	4	74
0	5	1	89	2	56	3	9	4	69
0	23	1	69	2	62	3	99	4	41
0	37	1	42	2	28	3	97	4	99
0	23	1	7	2	3	3	78	4	15
0	53	1	90	2	17	3	66	4	34
0	1	1	80	2	13	3	41	4	69
0	14	1	2	2	94	3	59	4	58
0	36	1	46	2	28	3	92	4	62
0	58	1	2	2	56	3	66	4	41
0	37	1	73	2	14	3	54	4	52
0	49	1	97	2	36	3	50	4	21
0	15	1	73	2	89	3	74	4	69
0	42	1	56	2	21	3	31	4	28
0	35	1	47	2	68	3	39	4	63
0	77	1	79	2	10	3	17	4	57
0	52	1	35	2	50	3	26	4	96
0	28	1	67	2	59	3	89	4	20
0	17	1	66	2	44	3	38	4	44
0	63	1	56	2	53	3	24	4	20
0	2	1	80	2	25	3	39	4	7
0	90	1	5	2	75	3	90	4	75
0	70	1	87	2	19	3	93	4	69
0	79	1	23	2	64	3	78	4	42
0	75	1	96	2	32	3	11	4	11
0	68	1	3	2	31	3	95	4	1
0	22	1	26	2	86	3	97	4	55
0	71	1	10	2	12	3	20	4	7
0	23	1	92	2	69	3	14	4	50
0	30	1	47	2	51	3	68	4	64
0	40	1	91	2	75	3	82	4	44
0	5	1	49	2	15	3	28	4	38
0	87	1	74	2	79	3	89	4	54
0	44	1	2	2	22	3	39	4	98
0	70	1	12	2	44	3	71	4	19
0	83	1	28	2	19	3	60	4	80
0	22	1	52	2	62	3	31	4	60
0	30	1	51	2	4	3	53	4	50
0	23	1	94	2	83	3	81	4	19
0	49	1	13	2	80	3	60	4	7
0	29	1	26	2	12	3	70	4	93
0	29	1	47	2	4	3	64	4	60
0	77	1	31	2	54	3	47	4	17
0	35	1	12	2	49	3	29	4	24
0	93	1	97	2	68	3	89	4	75
0	76	1	28	2	63	3	52	4	69
0	71	1	48	2	58	3	54	4	52
0	95	1	40	2	91	3	38	4	32
0	82	1	47	2	40	3	92	4	72
0	92	1	40	2	36	3	65	4	83
0	38	1	64	2	51	3	36	4	14
0	31	1	57	2	23	3	94	4	18
0	1	1	84	2	52	3	94	4	89
0	30	1	72	2	1	3	95	4	21
0	95	1	20	2	11	3	97	4	42
0	46	1	58	2	75	3	17	4	83
0	36	1	91	2	97	3	68	4	32
0	8	1	96	2	23	3	41	4	22
0	39	1	18	2	97	3	20	4	31
0	97	1	95	2	46	3	4	4	42
0	20	1	40	2	41	3	45	4	88
0	18	1	53	2	53	3	94	4	67
0	73	1	81	2	6	3	11	4	82
0	10	1	87	2	83	3	62	4	82
0	33	1	50	2	60	3	73	4	81
0	77	1	23	2	91	3	67	4	44
0	51	1	12	2	72	3	75	4	64
0	95	1	51	2	53	3	80	4	15
0	54	1	43	2	28	3	73	4	49
0	57	1	12	2	86	3	38	4	22
0	11	1	13	2	83	3	21	4	9
0	70	1	80	2	68	3	63	4	11
0	94	1	61	2	86	3	50	4	16
0	61	1	10	2	31	3	47	4	86
0	58	1	34	2	3	3	47	4	28
0	89	1	22	2	86	3	24	4	25
0	65	1	37	2	54	3	45	4	34
0	39	1	29	2	51	3	66	4	93
0	16	1	83	2	90	3	69	4	21
0	92	1	57	2	77	3	57	4	88
0	48	1	81	2	39	3	51	4	63
0	76	1	10	2	37	3	92	4	20
0	48	1	93	2	44	3	38	4	45
0	58	1	8	2	41	3	17	4	77
0	33	1	58	2	65	3	53	4	71
0	75	1	44	2	34	3	27	4	35
0	33	1	44	2	29	3	36	4	77
0	84	1	97	2	4	3	82	4	57
0	30	1	91	2	58	3	47	4	45
0	22	1	40	2	52	3	24	4	62
0	85	1	16	2	61	3	80	4	56
0	89	1	16	2	86	3	79	4	88
0	33	1	75	2	10	3	57	4	86
0	5	1	65	2	8	3	61	4	61
0	60	1	5	2	59	3	59	4	48
0	41	1	99	2	19	3	8	4	49
0	35	1	91	2	11	3	64	4	50
0	17	1	83	2	48	3	80	4	88
0	68	1	12	2	24	3	93	4	25
0	54	1	82	2	1	3	60	4	41
0	57	1	32	2	91	3	63	4	3
0	81	1	57	2	2	3	33	4	16
0	89	1	97	2	78	3	31	4	53
0	41	1	65	2	45	3	8	4	69
0	22	1	17	2	28	3	73	4	92
0	48	1	80	2	65	3	34	4	93
0	58	1	99	2	58	3	67	4	91
0	4	1	1	2	47	3	62	4	69
0	60	1	81	2	16	3	64	4	98
0	71	1	34	2	93	3	41	4	84
0	88	1	37	2	93	3	91	4	20
0	41	1	5	2	19	3	71	4	54
0	1	1	91	2	68	3	39	4	57
0	90	1	39	2	11	3	39	4	50
0	41	1	18	2	83	3	39	4	10
0	41	1	1	2	63	3	74	4	21
0	15	1	86	2	25	3	50	4	6
0	22	1	6	2	67	3	48	4	51
0	98	1	82	2	76	3	8	4	68
0	68	1	14	2	76	3	8	4	9
0	33	1	23	2	55	3	90	4	44
0	70	1	54	2	54	3	82	4	78
0	41	1	41	2	44	3	50	4	40
0	14	1	67	2	18	3	34	4	36
0	84	1	71	2	63	3	88	4	51
0	58	1	42	2	75	3	71	4	41
0	28	1	24	2	56	3	66	4	88
0	91	1	32	2	34	3	7	4	35
0	67	1	51	2	85	3	69	4	10
0	58	1	38	2	27	3	68	4	54
0	1	1	95	2	43	3	71	4	24
0	61	1	60	2	67	3	40	4	85
0	29	1	79	2	83	3	41	4	51
0	17	1	85	2	78	3	61	4	48
0	82	1	34	2	12	3	98	4	68
0	33	1	86	2	94	3	78	4	93
0	21	1	15	2	7	3	17	4	40
0	32	1	81	2	84	3	42	4	28
0	32	1	65	2	94	3	21	4	6
0	88	1	67	2	45	3	18	4	93
0	73	1	60	2	65	3	21	4	72
0	67	1	83	2	44	3	3	4	90
0	74	1	65	2	89	3	46	4	65
0	15	1	72	2	66	3	1	4	20
0	36	1	1	2	37	3	34	4	16
0	17	1	39	2	91	3	93	4	80
0	66	1	42	2	76	3	84	4	20
0	60	1	50	2	85	3	45	4	73
0	48	1	37	2	81	3	51	4	53
0	66	1	76	2	48	3	56	4	91
0	16	1	1	2	44	3	98	4	57
0	73	1	24	2	32	3	6	4	55
0	28	1	92	2	51	3	23	4	25
0	33	1	89	2	5	3	27	4	5
0	64	1	86	2	22	3	27	4	71
0	99	1	19	2	86	3	80	4	49
0	41	1	91	2	35	3	2	4	64
0	65	1	97	2	78	3	27	4	47
0	37	1	18	2	80	3	90	4	46
0	56	1	85	2	59	3	26	4	20
0	77	1	72	2	22	3	51	4	27
0	29	1	79	2	17	3	27	4	58
0	54	1	38	2	51	3	56	4	14
0	37	1	57	2	50	3	58	4	60
0	36	1	11	2	77	3	79	4	67
0	47	1	7	2	31	3	81	4	16
0	14	1	59	2	60	3	60	4	72
0	69	1	70	2	84	3	74	4	36
0	85	1	80	2	51	3	69	4	93
0	99	1	67	2	25	3	77	4	9
0	98	1	36	2	2	3	65	4	84
0	66	1	94	2	42	3	83	4	80
0	23	1	49	2	36	3	12	4	45
0	94	1	77	2	90	3	84	4	44
0	66	1	73	2	75	3	23	4	75
0	56	1	60	2	9	3	86	4	68
0	79	1	82	2	54	3	72	4	17
0	78	1	58	2	94	3	76	4	6
0	74	1	28	2	1	3	94	4	13
0	36	1	45	2	39	3	24	4	98
0	23	1	76	2	41	3	33	4	42
0	25	1	60	2	79	3	90	4	29
0	6	1	86	2	56	3	16	4	1
0	41	1	95	2	63	3	95	4	66
0	37	1	82	2	15	3	78	4	69
0	39	1	73	2	81	3	10	4	39
0	12	1	22	2	84	3	88	4	45
0	4	1	42	2	21	3	30	4	91
0	18	1	78	2	5	3	47	4	99
0	88	1	72	2	84	3	93	4	72
0	41	1	81	2	44	3	58	4	61
0	40	1	62	2	62	3	63	4	4
0	52	1	79	2	70	3	51	4	18
0	84	1	2	2	67	3	71	4	97
0	98	1	74	2	33	3	4	4	48
0	58	1	77	2	67	3	78	4	81
0	67	1	88	2	88	3	37	4	98
0	30	1	77	2	27	3	27	4	5
0	41	1	79	2	58	3	27	4	39
LBCmax: 2233
RELDUE
-1	1093	2	1
-1	423	9	8
-1	1424	2	5
-1	896	1	2
-1	561	1	1
-1	2173	8	9
-1	318	5	7
-1	527	2	3
-1	2352	6	9
-1	1862	2	6
-1	1715	8	7
-1	1320	6	1
-1	1110	1	5
-1	436	5	6
-1	286	2	4
-1	1629	8	7
-1	2336	1	2
-1	2103	9	7
-1	2057	1	7
-1	1042	6	7
-1	1649	6	1
-1	2253	7	6
-1	950	8	4
-1	1404	2	8
-1	2183	3	7
-1	377	8	7
-1	1899	4	2
-1	1132	2	5
-1	1696	4	9
-1	1487	7	6
-1	661	1	4
-1	578	1	6
-1	354	3	2
-1	1667	9	3
-1	433	7	5
-1	1325	2	8
-1	750	4	5
-1	1050	1	8
-1	1630	9	1
-1	2311	3	7
-1	1621	4	6
-1	1895	4	4
-1	2296	5	2
-1	1646	3	9
-1	923	1	5
-1	2019	3	2
-1	1072	9	1
-1	601	6	2
-1	761	9	1
-1	1157	4	6
-1	1264	4	8
-1	2347	1	8
-1	1923	6	9
-1	2233	4	9
-1	1905	1	3
-1	1297	5	3
-1	1929	6	1
-1	242	3	4
-1	1169	9	6
-1	407	2	1
-1	497	8	9
-1	1643	3	3
-1	1287	2	9
-1	1088	9	3
-1	1424	8	9
-1	1360	8	8
-1	1189	7	6
-1	1899	3	5
-1	226	6	6
-1	1418	8	5
-1	1102	7	3
-1	1509	9	7
-1	695	9	9
-1	2202	5	8
-1	1877	7	3
-1	2210	3	4
-1	2413	9	3
-1	1761	8	5
-1	704	6	8
-1	387	6	6
-1	1762	1	1
-1	1521	2	1
-1	593	4	7
-1	762	6	1
-1	445	8	7
-1	771	8	3
-1	1111	8	6
-1	577	4	5
-1	2219	1	5
-1	1592	3	2
-1	1852	4	1
-1	731	6	6
-1	2337	6	5
-1	1446	9	4
-1	2037	8	8
-1	2435	9	8
-1	831	1	3
-1	1430	5	7
-1	445	2	8
-1	2020	3	3
-1	1053	3	5
-1	1629	1	9
-1	597	4	9
-1	1799	5	3
-1	278	9	3
-1	2212	4	1
-1	1875	6	5
-1	2177	2	9
-1	579	5	6
-1	2151	5	8
-1	1340	7	3
-1	391	2	9
-1	1995	8	1
-1	1005	3	6
-1	1101	2	6
-1	1432	4	3
-1	1272	3	9
-1	747	8	9
-1	866	1	6
-1	875	2	6
-1	471	1	6
-1	834	5	6
-1	2137	4	8
-1	1090	3	6
-1	2023	1	6
-1	594	3	6
-1	1628	4	4
-1	1705	6	1
-1	388	3	1
-1	1898	1	4
-1	1601	7	9
-1	1205	1	3
-1	1539	9	2
-1	1140	8	6
-1	1791	6	3
-1	355	8	8
-1	1146	4	8
-1	1251	8	1
-1	707	8	6
-1	689	5	1
-1	1352	8	7
-1	1390	5	6
-1	2455	4	7
-1	291	9	8
-1	475	4	8
-1	1684	6	9
-1	1192	5	8
-1	1555	9	1
-1	568	6	2
-1	827	7	3
-1	1386	9	6
-1	307	9	7
-1	787	7	4
-1	2026	3	5
-1	1772	5	5
-1	441	3	7
-1	1949	5	1
-1	1964	5	9
-1	2233	5	5
-1	2141	8	2
-1	806	2	1
-1	392	3	7
-1	2012	7	9
-1	1137	3	5
-1	772	8	8
-1	357	5	6
-1	1308	9	3
-1	1077	1	3
-1	1670	7	7
-1	969	9	1
-1	509	5	4
-1	244	3	8
-1	263	6	8
-1	399	4	5
-1	1980	4	9
-1	1537	6	1
-1	836	3	5
-1	2068	1	9
-1	837	3	3
-1	562	1	8
-1	1858	1	7
-1	296	7	6
-1	1360	9	6
-1	2017	8	3
-1	735	9	3
-1	1517	3	7
-1	641	6	8
-1	1969	7	8
-1	1825	7	4
-1	1572	2	8
-1	862	5	8
-1	1639	2	8
-1	1475	3	5
-1	1023	3	4
-1	2340	2	2
-1	1183	9	5
-1	1835	7	1
-1	1540	9	7
-1	1975	7	6
-1	341	9	9
DDW
984	1202
419	427
1353	1495
887	905
516	606
1977	2369
299	337
501	553
2140	2564
1788	1936
1664	1766
1188	1452
1099	1121
423	449
277	295
1580	1678
2196	2476
1914	2292
1975	2139
990	1094
1583	1715
2140	2366
922	978
1278	1530
2096	2270
347	407
1709	2089
1075	1189
1543	1849
1338	1636
654	668
572	584
336	372
1617	1717
394	472
1259	1391
720	780
1029	1071
1597	1663
2219	2403
1459	1783
1724	2066
2158	2434
1498	1794
831	1015
1999	2039
1018	1126
571	631
693	829
1064	1250
1226	1302
2136	2558
1865	1981
2121	2345
1791	2019
1219	1375
1755	2103
225	259
1075	1263
366	448
452	542
1627	1659
1197	1377
990	1186
1381	1467
1333	1387
1130	1248
1747	2051
217	235
1290	1546
1003	1201
1434	1584
639	751
1982	2422
1764	1990
2077	2343
2172	2654
1691	1831
634	774
375	399
1692	1832
1430	1612
551	635
747	777
409	481
756	786
1011	1211
519	635
2041	2397
1528	1656
1741	1963
673	789
2244	2430
1417	1475
1935	2139
2216	2654
814	848
1330	1530
418	472
1838	2202
990	1116
1515	1743
585	609
1619	1979
253	303
2013	2411
1838	1912
2112	2242
521	637
1936	2366
1246	1434
371	411
1855	2135
955	1055
1024	1178
1375	1489
1221	1323
710	784
849	883
866	884
457	485
792	876
2116	2158
1079	1101
1942	2104
588	600
1612	1644
1603	1807
369	407
1765	2031
1537	1665
1169	1241
1416	1662
1117	1163
1648	1934
327	383
1100	1192
1151	1351
686	728
627	751
1338	1366
1307	1473
2430	2480
268	314
437	513
1667	1701
1180	1204
1400	1710
540	596
810	844
1303	1469
286	328
748	826
1904	2148
1666	1878
437	445
1832	2066
1925	2003
2077	2389
1970	2312
742	870
368	416
1851	2173
1103	1171
726	818
343	371
1216	1400
1012	1142
1536	1804
872	1066
458	560
227	261
255	271
383	415
1782	2178
1414	1660
794	878
2006	2130
812	862
545	579
1839	1877
290	302
1333	1387
1936	2098
720	750
1396	1638
590	692
1910	2028
1716	1934
1462	1682
845	879
1590	1688
1460	1490
962	1084
2317	2363
1124	1242
1688	1982
1417	1663
1936	2014
327	355
