HFSDDW
50	25	5
0	23	1	97	2	65	3	27	4	16
0	20	1	76	2	9	3	39	4	3
0	18	1	94	2	60	3	10	4	26
0	27	1	19	2	10	3	53	4	58
0	22	1	64	2	11	3	39	4	79
0	27	1	35	2	58	3	50	4	47
0	5	1	30	2	44	3	38	4	77
0	49	1	58	2	65	3	41	4	99
0	10	1	57	2	78	3	70	4	83
0	83	1	63	2	55	3	84	4	99
0	59	1	64	2	92	3	68	4	12
0	59	1	87	2	26	3	48	4	89
0	84	1	19	2	58	3	91	4	97
0	87	1	50	2	22	3	32	4	77
0	68	1	53	2	69	3	53	4	49
0	65	1	86	2	40	3	56	4	95
0	63	1	80	2	73	3	50	4	88
0	41	1	38	2	75	3	27	4	19
0	62	1	32	2	18	3	51	4	15
0	90	1	99	2	87	3	73	4	95
0	33	1	42	2	24	3	8	4	32
0	6	1	94	2	39	3	20	4	47
0	73	1	47	2	70	3	52	4	27
0	5	1	45	2	8	3	3	4	57
0	50	1	74	2	95	3	13	4	15
0	37	1	36	2	19	3	38	4	58
0	66	1	98	2	66	3	60	4	63
0	22	1	57	2	65	3	19	4	83
0	46	1	98	2	55	3	80	4	46
0	15	1	61	2	66	3	24	4	11
0	45	1	91	2	84	3	17	4	46
0	58	1	46	2	11	3	92	4	95
0	69	1	76	2	2	3	62	4	80
0	74	1	80	2	10	3	89	4	6
0	48	1	80	2	88	3	20	4	11
0	51	1	20	2	16	3	67	4	1
0	75	1	70	2	94	3	27	4	13
0	74	1	15	2	50	3	15	4	5
0	75	1	47	2	72	3	24	4	14
0	69	1	97	2	93	3	99	4	72
0	34	1	52	2	77	3	18	4	63
0	65	1	4	2	65	3	6	4	94
0	39	1	30	2	43	3	92	4	20
0	99	1	82	2	74	3	50	4	7
0	60	1	31	2	95	3	84	4	31
0	1	1	8	2	65	3	6	4	42
0	54	1	26	2	17	3	94	4	67
0	24	1	93	2	76	3	64	4	48
0	71	1	49	2	44	3	21	4	65
0	45	1	4	2	80	3	4	4	15
LBCmax: 649
RELDUE
-1	308	3	5
-1	224	5	1
-1	251	1	8
-1	315	2	4
-1	211	6	1
-1	198	2	8
-1	268	7	1
-1	314	6	3
-1	309	7	7
-1	275	1	1
-1	269	3	9
-1	244	6	6
-1	272	3	1
-1	278	2	1
-1	247	2	1
-1	212	2	1
-1	213	9	7
-1	258	5	4
-1	228	7	5
-1	320	8	7
-1	202	2	4
-1	202	6	8
-1	208	5	8
-1	197	3	8
-1	240	4	6
-1	208	6	2
-1	307	7	7
-1	292	2	4
-1	220	8	9
-1	305	8	1
-1	322	6	1
-1	231	3	6
-1	274	8	1
-1	312	8	1
-1	265	5	2
-1	235	6	3
-1	302	8	4
-1	225	9	9
-1	302	3	8
-1	277	2	4
-1	282	7	3
-1	196	7	5
-1	310	5	1
-1	197	4	3
-1	312	5	2
-1	238	5	8
-1	311	7	7
-1	298	1	2
-1	298	1	1
-1	262	9	4
DDW
246	370
213	235
231	271
302	328
209	213
184	212
249	287
292	336
260	358
256	294
261	277
242	246
228	316
259	297
232	262
197	227
198	228
217	299
223	233
269	371
172	232
176	228
183	233
183	211
206	274
175	241
276	338
283	301
207	233
256	354
270	374
222	240
225	323
262	362
238	292
209	261
245	359
198	252
272	332
269	285
243	321
192	200
279	341
189	205
250	374
212	264
308	314
271	325
268	328
220	304
