HFSDDW
100	50	10
0	45	1	57	2	68	3	71	4	72	5	8	6	11	7	17	8	78	9	95
0	14	1	92	2	55	3	13	4	54	5	97	6	60	7	78	8	4	9	52
0	19	1	60	2	71	3	10	4	64	5	40	6	43	7	73	8	59	9	43
0	72	1	26	2	35	3	30	4	51	5	13	6	58	7	16	8	62	9	11
0	7	1	80	2	49	3	19	4	79	5	2	6	25	7	55	8	55	9	45
0	36	1	78	2	19	3	78	4	13	5	85	6	86	7	59	8	7	9	33
0	65	1	37	2	58	3	35	4	24	5	87	6	57	7	26	8	62	9	41
0	40	1	45	2	17	3	93	4	45	5	39	6	11	7	52	8	30	9	62
0	15	1	87	2	19	3	15	4	7	5	93	6	7	7	57	8	17	9	66
0	27	1	98	2	9	3	30	4	45	5	70	6	23	7	15	8	94	9	91
0	45	1	99	2	93	3	14	4	5	5	91	6	62	7	25	8	34	9	74
0	74	1	34	2	30	3	44	4	18	5	77	6	19	7	43	8	29	9	31
0	81	1	1	2	9	3	96	4	15	5	41	6	37	7	86	8	49	9	74
0	16	1	96	2	58	3	38	4	18	5	16	6	94	7	5	8	10	9	16
0	31	1	81	2	23	3	43	4	91	5	92	6	69	7	64	8	13	9	68
0	52	1	79	2	85	3	64	4	11	5	45	6	90	7	96	8	99	9	64
0	55	1	76	2	76	3	59	4	58	5	78	6	76	7	91	8	27	9	2
0	82	1	14	2	34	3	13	4	99	5	99	6	77	7	66	8	5	9	22
0	71	1	72	2	74	3	80	4	23	5	37	6	11	7	93	8	28	9	73
0	26	1	97	2	6	3	46	4	61	5	54	6	6	7	64	8	84	9	14
0	16	1	78	2	38	3	11	4	85	5	38	6	46	7	72	8	64	9	12
0	68	1	25	2	92	3	77	4	92	5	82	6	3	7	96	8	36	9	22
0	67	1	83	2	63	3	53	4	76	5	84	6	9	7	88	8	52	9	45
0	94	1	13	2	81	3	91	4	7	5	93	6	34	7	64	8	95	9	85
0	91	1	38	2	29	3	17	4	6	5	1	6	6	7	28	8	53	9	78
0	52	1	9	2	29	3	63	4	46	5	33	6	15	7	85	8	34	9	1
0	30	1	57	2	21	3	20	4	17	5	55	6	43	7	1	8	71	9	99
0	48	1	38	2	2	3	51	4	30	5	29	6	54	7	47	8	48	9	75
0	79	1	81	2	35	3	73	4	93	5	85	6	84	7	18	8	45	9	73
0	78	1	49	2	30	3	94	4	56	5	34	6	18	7	10	8	99	9	50
0	58	1	5	2	56	3	54	4	31	5	14	6	8	7	77	8	34	9	17
0	78	1	68	2	37	3	58	4	22	5	48	6	23	7	47	8	26	9	32
0	71	1	26	2	56	3	97	4	22	5	98	6	9	7	7	8	95	9	96
0	12	1	45	2	47	3	97	4	18	5	74	6	25	7	81	8	43	9	79
0	77	1	7	2	84	3	29	4	95	5	10	6	13	7	72	8	73	9	8
0	12	1	71	2	83	3	68	4	79	5	32	6	49	7	58	8	32	9	32
0	6	1	1	2	82	3	38	4	6	5	33	6	21	7	39	8	40	9	47
0	24	1	41	2	4	3	47	4	54	5	65	6	41	7	27	8	3	9	12
0	86	1	36	2	34	3	87	4	84	5	41	6	62	7	79	8	19	9	86
0	26	1	66	2	49	3	12	4	73	5	77	6	24	7	47	8	24	9	62
0	88	1	73	2	33	3	26	4	84	5	70	6	67	7	36	8	14	9	14
0	91	1	22	2	56	3	21	4	45	5	70	6	66	7	95	8	53	9	65
0	71	1	42	2	21	3	54	4	21	5	57	6	91	7	92	8	73	9	77
0	41	1	94	2	4	3	40	4	23	5	14	6	4	7	9	8	4	9	14
0	73	1	26	2	65	3	5	4	95	5	4	6	11	7	28	8	66	9	4
0	11	1	29	2	93	3	59	4	90	5	47	6	52	7	79	8	5	9	27
0	78	1	75	2	63	3	37	4	73	5	96	6	19	7	16	8	97	9	32
0	67	1	58	2	91	3	39	4	91	5	46	6	76	7	16	8	59	9	18
0	47	1	63	2	26	3	70	4	67	5	13	6	1	7	45	8	50	9	76
0	61	1	25	2	4	3	77	4	35	5	97	6	62	7	29	8	32	9	98
0	85	1	94	2	31	3	35	4	37	5	52	6	37	7	54	8	67	9	44
0	70	1	37	2	20	3	87	4	80	5	15	6	50	7	93	8	70	9	60
0	96	1	73	2	66	3	22	4	70	5	43	6	55	7	15	8	5	9	94
0	84	1	47	2	84	3	60	4	32	5	53	6	33	7	91	8	33	9	15
0	75	1	46	2	78	3	6	4	6	5	25	6	5	7	16	8	96	9	20
0	48	1	69	2	59	3	71	4	2	5	12	6	28	7	9	8	64	9	94
0	97	1	23	2	50	3	73	4	60	5	24	6	53	7	59	8	56	9	28
0	81	1	58	2	60	3	55	4	84	5	50	6	95	7	60	8	17	9	46
0	38	1	40	2	18	3	84	4	46	5	15	6	88	7	13	8	59	9	21
0	25	1	25	2	27	3	39	4	17	5	53	6	95	7	5	8	46	9	82
0	71	1	45	2	60	3	69	4	38	5	89	6	9	7	4	8	86	9	52
0	16	1	67	2	91	3	18	4	56	5	58	6	5	7	66	8	27	9	45
0	35	1	40	2	1	3	35	4	3	5	57	6	31	7	22	8	39	9	32
0	54	1	90	2	15	3	35	4	75	5	93	6	79	7	48	8	46	9	56
0	6	1	84	2	26	3	7	4	5	5	57	6	34	7	10	8	83	9	59
0	48	1	30	2	78	3	1	4	47	5	32	6	44	7	25	8	66	9	81
0	59	1	87	2	65	3	55	4	97	5	25	6	53	7	57	8	43	9	62
0	78	1	56	2	20	3	71	4	40	5	51	6	14	7	93	8	31	9	46
0	23	1	22	2	39	3	79	4	83	5	24	6	13	7	15	8	88	9	43
0	49	1	55	2	81	3	65	4	97	5	18	6	20	7	71	8	10	9	79
0	5	1	77	2	67	3	21	4	81	5	91	6	11	7	8	8	60	9	96
0	18	1	50	2	94	3	21	4	58	5	37	6	49	7	85	8	71	9	73
0	13	1	38	2	68	3	99	4	13	5	23	6	74	7	55	8	73	9	22
0	31	1	42	2	84	3	51	4	42	5	46	6	55	7	18	8	98	9	91
0	14	1	6	2	54	3	92	4	26	5	99	6	61	7	61	8	7	9	60
0	69	1	34	2	1	3	37	4	67	5	66	6	9	7	67	8	8	9	58
0	17	1	56	2	34	3	39	4	65	5	75	6	66	7	43	8	78	9	12
0	82	1	31	2	87	3	80	4	60	5	8	6	83	7	76	8	73	9	14
0	61	1	14	2	48	3	13	4	53	5	96	6	42	7	48	8	83	9	75
0	38	1	87	2	11	3	40	4	74	5	58	6	71	7	16	8	27	9	50
0	33	1	18	2	83	3	94	4	78	5	38	6	47	7	20	8	76	9	60
0	83	1	32	2	93	3	93	4	96	5	4	6	8	7	22	8	85	9	68
0	33	1	19	2	60	3	4	4	74	5	95	6	21	7	47	8	6	9	3
0	36	1	67	2	49	3	24	4	80	5	44	6	31	7	54	8	35	9	16
0	50	1	23	2	71	3	23	4	92	5	6	6	93	7	17	8	43	9	70
0	50	1	50	2	31	3	59	4	18	5	15	6	58	7	80	8	21	9	82
0	18	1	99	2	15	3	74	4	25	5	16	6	82	7	70	8	14	9	53
0	73	1	54	2	86	3	70	4	19	5	11	6	47	7	37	8	11	9	68
0	2	1	4	2	4	3	36	4	52	5	86	6	37	7	90	8	6	9	65
0	86	1	50	2	33	3	52	4	98	5	50	6	8	7	96	8	98	9	77
0	23	1	23	2	4	3	90	4	96	5	96	6	63	7	60	8	40	9	7
0	68	1	21	2	69	3	52	4	80	5	14	6	95	7	79	8	23	9	38
0	78	1	92	2	64	3	48	4	67	5	23	6	21	7	34	8	72	9	68
0	3	1	50	2	39	3	33	4	45	5	78	6	99	7	14	8	39	9	55
0	23	1	77	2	51	3	99	4	97	5	65	6	81	7	81	8	71	9	84
0	54	1	29	2	74	3	60	4	99	5	31	6	59	7	56	8	24	9	73
0	76	1	29	2	88	3	72	4	4	5	18	6	82	7	36	8	7	9	3
0	15	1	82	2	40	3	68	4	15	5	2	6	42	7	65	8	50	9	2
0	42	1	39	2	63	3	87	4	14	5	73	6	76	7	78	8	34	9	15
0	20	1	43	2	90	3	65	4	78	5	94	6	88	7	78	8	95	9	80
LBCmax: 1293
RELDUE
-1	1036	1	1
-1	735	6	9
-1	964	7	5
-1	928	1	1
-1	927	2	7
-1	949	1	7
-1	1079	2	3
-1	433	6	6
-1	742	7	7
-1	1151	3	6
-1	1082	8	2
-1	1117	1	6
-1	435	8	9
-1	557	7	6
-1	633	6	7
-1	678	2	6
-1	903	2	7
-1	393	5	4
-1	842	6	4
-1	624	8	4
-1	705	2	4
-1	419	8	6
-1	407	3	8
-1	1106	7	7
-1	1025	6	1
-1	943	9	8
-1	1102	7	9
-1	972	2	8
-1	1084	9	9
-1	550	2	8
-1	486	8	4
-1	878	5	4
-1	926	5	4
-1	932	6	5
-1	528	7	3
-1	1144	9	3
-1	892	8	9
-1	1111	4	4
-1	530	4	4
-1	710	4	9
-1	1044	2	9
-1	938	1	5
-1	639	7	3
-1	664	8	3
-1	583	5	7
-1	590	4	6
-1	676	3	1
-1	920	5	7
-1	646	9	4
-1	705	1	8
-1	603	2	3
-1	1069	9	3
-1	543	1	7
-1	894	9	8
-1	692	5	7
-1	1004	5	5
-1	715	6	2
-1	1022	6	9
-1	1067	4	9
-1	1148	7	3
-1	1011	6	3
-1	494	9	1
-1	514	9	4
-1	579	1	8
-1	1052	4	6
-1	592	5	9
-1	578	4	5
-1	667	7	9
-1	416	9	8
-1	654	5	1
-1	950	3	1
-1	956	8	8
-1	1027	3	8
-1	520	9	1
-1	744	4	6
-1	932	4	9
-1	944	7	8
-1	908	3	9
-1	911	3	9
-1	822	4	7
-1	655	6	2
-1	570	4	8
-1	714	2	5
-1	766	2	2
-1	1111	4	6
-1	582	9	6
-1	722	5	6
-1	419	9	5
-1	627	5	2
-1	689	7	1
-1	816	5	1
-1	1034	5	8
-1	432	3	5
-1	546	2	5
-1	863	2	8
-1	937	7	1
-1	812	4	7
-1	448	4	2
-1	777	6	9
-1	1155	6	8
DDW
891	1181
625	845
848	1080
770	1086
816	1038
797	1101
971	1187
420	446
608	876
955	1347
995	1169
1072	1162
418	452
524	590
601	665
597	759
777	1029
346	440
741	943
537	711
663	747
365	473
403	411
973	1239
830	1220
764	1122
1058	1146
826	1118
1041	1127
456	644
399	573
773	983
824	1028
746	1118
486	570
972	1316
803	981
967	1255
504	556
632	788
1023	1065
910	966
550	728
611	717
525	641
531	649
561	791
883	957
568	724
585	825
543	663
1048	1090
500	586
733	1055
623	761
994	1014
615	815
1012	1032
875	1259
999	1297
880	1142
420	568
416	612
567	591
852	1252
491	693
503	653
634	700
341	491
589	719
922	978
946	966
955	1099
510	530
655	833
895	969
755	1133
781	1035
893	929
748	896
635	675
456	684
685	743
705	827
1033	1189
483	681
693	751
365	473
564	690
634	744
808	824
931	1137
363	501
480	612
699	1027
862	1012
780	844
390	506
707	847
993	1317
