HFSDDW
50	15	5
0	79	1	71	2	9	3	10	4	69
0	81	1	73	2	48	3	64	4	11
0	61	1	85	2	30	3	94	4	40
0	98	1	26	2	24	3	1	4	58
0	7	1	20	2	42	3	18	4	8
0	10	1	37	2	94	3	76	4	88
0	16	1	18	2	16	3	35	4	89
0	9	1	1	2	49	3	98	4	31
0	62	1	75	2	28	3	39	4	77
0	77	1	98	2	40	3	11	4	17
0	74	1	13	2	14	3	87	4	91
0	59	1	30	2	90	3	2	4	59
0	45	1	79	2	71	3	76	4	94
0	43	1	69	2	95	3	6	4	31
0	98	1	76	2	26	3	70	4	96
0	31	1	91	2	4	3	41	4	31
0	12	1	96	2	84	3	60	4	14
0	4	1	5	2	29	3	43	4	30
0	79	1	10	2	47	3	40	4	85
0	82	1	4	2	52	3	45	4	34
0	9	1	4	2	34	3	79	4	19
0	97	1	86	2	44	3	91	4	60
0	67	1	26	2	50	3	71	4	48
0	48	1	95	2	12	3	62	4	90
0	39	1	40	2	52	3	75	4	52
0	89	1	30	2	86	3	84	4	14
0	28	1	40	2	59	3	8	4	22
0	8	1	63	2	5	3	42	4	17
0	17	1	60	2	38	3	83	4	62
0	53	1	60	2	75	3	91	4	38
0	86	1	92	2	89	3	55	4	94
0	68	1	51	2	59	3	27	4	30
0	67	1	1	2	59	3	77	4	33
0	28	1	67	2	43	3	50	4	40
0	85	1	90	2	70	3	46	4	73
0	78	1	3	2	69	3	13	4	98
0	30	1	55	2	94	3	46	4	27
0	36	1	50	2	4	3	13	4	54
0	57	1	4	2	77	3	13	4	49
0	17	1	1	2	61	3	50	4	34
0	86	1	17	2	26	3	51	4	52
0	96	1	22	2	44	3	82	4	16
0	66	1	82	2	46	3	29	4	1
0	13	1	7	2	14	3	50	4	96
0	78	1	63	2	30	3	95	4	83
0	81	1	13	2	58	3	96	4	57
0	78	1	42	2	19	3	79	4	13
0	13	1	29	2	44	3	94	4	31
0	14	1	6	2	22	3	96	4	88
0	74	1	58	2	49	3	13	4	36
LBCmax: 995
RELDUE
-1	556	2	9
-1	1022	3	3
-1	561	5	5
-1	816	7	9
-1	833	7	8
-1	630	8	5
-1	1018	3	6
-1	677	5	2
-1	898	2	8
-1	922	8	5
-1	995	9	9
-1	882	4	3
-1	778	6	8
-1	647	8	9
-1	725	7	4
-1	642	2	5
-1	873	7	4
-1	897	9	3
-1	594	3	2
-1	1022	1	9
-1	998	2	4
-1	871	9	4
-1	611	1	7
-1	612	7	2
-1	995	7	3
-1	929	3	7
-1	745	2	1
-1	695	7	2
-1	539	5	1
-1	551	6	7
-1	635	6	7
-1	880	2	4
-1	768	7	4
-1	861	8	8
-1	777	6	2
-1	1037	8	9
-1	680	7	8
-1	889	3	5
-1	633	1	1
-1	1037	2	9
-1	647	1	7
-1	1090	2	4
-1	956	1	4
-1	634	3	6
-1	781	7	8
-1	792	8	3
-1	850	6	4
-1	1077	4	5
-1	848	2	6
-1	880	7	7
DDW
500	612
920	1124
527	595
767	865
791	875
605	655
916	1120
650	704
817	979
904	940
975	1015
838	926
700	856
595	699
682	768
578	706
821	925
825	969
570	618
981	1063
978	1018
854	888
605	617
563	661
955	1035
864	994
715	775
667	723
512	566
507	595
610	660
836	924
737	799
818	904
699	855
1016	1058
673	687
827	951
627	639
954	1120
615	679
992	1188
880	1032
596	672
719	843
752	832
816	884
980	1174
772	924
836	924
