HFSDDW
100	15	5
0	66	1	90	2	91	3	93	4	97
0	32	1	54	2	75	3	7	4	61
0	49	1	59	2	52	3	90	4	12
0	34	1	92	2	58	3	38	4	69
0	6	1	81	2	39	3	71	4	69
0	56	1	69	2	59	3	27	4	44
0	32	1	86	2	33	3	53	4	8
0	57	1	60	2	65	3	71	4	3
0	48	1	11	2	91	3	40	4	53
0	19	1	54	2	69	3	41	4	3
0	97	1	48	2	20	3	80	4	95
0	84	1	51	2	20	3	25	4	42
0	62	1	94	2	48	3	63	4	29
0	62	1	27	2	98	3	83	4	54
0	73	1	28	2	87	3	35	4	21
0	94	1	90	2	99	3	19	4	51
0	2	1	1	2	19	3	25	4	46
0	83	1	67	2	52	3	57	4	23
0	7	1	41	2	40	3	29	4	41
0	53	1	62	2	28	3	11	4	90
0	92	1	55	2	85	3	87	4	30
0	70	1	61	2	85	3	59	4	2
0	94	1	51	2	2	3	74	4	41
0	61	1	76	2	24	3	17	4	46
0	95	1	74	2	42	3	60	4	48
0	33	1	87	2	58	3	94	4	68
0	32	1	62	2	88	3	28	4	58
0	46	1	15	2	32	3	95	4	76
0	23	1	81	2	92	3	56	4	29
0	55	1	39	2	66	3	88	4	79
0	76	1	39	2	12	3	65	4	95
0	18	1	14	2	25	3	39	4	96
0	82	1	3	2	90	3	91	4	70
0	33	1	62	2	74	3	16	4	94
0	47	1	45	2	29	3	40	4	23
0	14	1	81	2	86	3	32	4	92
0	93	1	22	2	70	3	16	4	92
0	92	1	51	2	24	3	32	4	41
0	33	1	89	2	92	3	98	4	94
0	20	1	91	2	2	3	85	4	96
0	92	1	65	2	50	3	93	4	32
0	31	1	11	2	71	3	42	4	82
0	36	1	27	2	93	3	47	4	3
0	60	1	33	2	75	3	98	4	77
0	81	1	39	2	42	3	75	4	61
0	57	1	53	2	30	3	46	4	4
0	23	1	80	2	1	3	36	4	1
0	29	1	71	2	76	3	83	4	61
0	82	1	79	2	81	3	50	4	5
0	6	1	96	2	46	3	95	4	34
0	87	1	17	2	4	3	8	4	15
0	53	1	23	2	75	3	32	4	75
0	78	1	80	2	25	3	39	4	60
0	56	1	27	2	57	3	46	4	73
0	88	1	56	2	91	3	37	4	94
0	2	1	58	2	92	3	70	4	56
0	60	1	8	2	34	3	12	4	17
0	6	1	77	2	92	3	22	4	47
0	7	1	95	2	44	3	9	4	83
0	3	1	55	2	42	3	89	4	49
0	79	1	39	2	99	3	23	4	45
0	31	1	25	2	66	3	14	4	13
0	95	1	31	2	6	3	76	4	15
0	71	1	46	2	14	3	23	4	54
0	79	1	34	2	36	3	99	4	67
0	93	1	12	2	83	3	54	4	92
0	47	1	16	2	3	3	22	4	76
0	22	1	8	2	12	3	66	4	85
0	81	1	12	2	79	3	9	4	51
0	76	1	90	2	68	3	93	4	12
0	56	1	41	2	20	3	36	4	70
0	46	1	3	2	1	3	55	4	52
0	19	1	42	2	12	3	21	4	65
0	80	1	28	2	84	3	99	4	92
0	63	1	35	2	48	3	37	4	73
0	68	1	54	2	28	3	48	4	91
0	3	1	44	2	89	3	42	4	37
0	7	1	95	2	66	3	52	4	31
0	19	1	8	2	56	3	14	4	67
0	39	1	99	2	59	3	44	4	70
0	48	1	7	2	68	3	1	4	49
0	21	1	93	2	82	3	63	4	2
0	91	1	75	2	52	3	63	4	50
0	74	1	53	2	69	3	83	4	59
0	84	1	61	2	32	3	68	4	74
0	56	1	78	2	34	3	70	4	34
0	68	1	94	2	83	3	78	4	44
0	95	1	75	2	88	3	93	4	17
0	13	1	13	2	4	3	50	4	40
0	44	1	56	2	92	3	63	4	92
0	86	1	31	2	76	3	85	4	86
0	86	1	74	2	99	3	27	4	92
0	42	1	60	2	13	3	29	4	34
0	96	1	91	2	73	3	20	4	54
0	99	1	64	2	75	3	66	4	46
0	72	1	58	2	82	3	29	4	30
0	99	1	85	2	70	3	77	4	48
0	38	1	19	2	98	3	92	4	58
0	22	1	75	2	61	3	1	4	74
0	53	1	99	2	74	3	16	4	43
LBCmax: 1923
RELDUE
-1	1199	1	2
-1	1779	4	3
-1	1600	7	4
-1	373	2	4
-1	1990	1	9
-1	611	3	9
-1	1245	8	7
-1	382	5	8
-1	939	2	4
-1	465	2	4
-1	730	5	8
-1	1964	6	1
-1	1554	6	4
-1	2063	5	4
-1	1986	5	1
-1	1285	8	2
-1	1913	7	5
-1	882	9	9
-1	1761	9	4
-1	2048	1	9
-1	1698	9	5
-1	1976	4	3
-1	1763	9	2
-1	1384	2	2
-1	824	6	3
-1	643	9	5
-1	252	9	1
-1	1633	3	3
-1	1965	6	4
-1	1981	7	3
-1	1574	9	7
-1	1807	8	9
-1	1475	2	1
-1	1852	3	3
-1	1682	7	5
-1	520	8	7
-1	428	4	2
-1	1361	4	9
-1	1801	4	4
-1	688	1	4
-1	1785	2	3
-1	356	7	2
-1	1345	2	3
-1	1687	2	7
-1	764	2	7
-1	754	4	5
-1	284	6	7
-1	1423	1	3
-1	336	6	5
-1	527	2	8
-1	1414	9	9
-1	1423	4	1
-1	1973	4	2
-1	561	1	7
-1	1432	6	4
-1	1339	9	3
-1	207	3	3
-1	407	1	6
-1	1665	9	7
-1	1539	7	8
-1	551	8	6
-1	1727	2	9
-1	533	2	3
-1	1074	2	7
-1	1007	2	2
-1	1038	3	9
-1	680	3	3
-1	1817	5	3
-1	572	9	7
-1	1657	8	1
-1	1049	3	5
-1	744	1	8
-1	1196	8	2
-1	1265	2	4
-1	454	6	5
-1	1533	3	9
-1	823	7	3
-1	268	9	3
-1	812	7	4
-1	262	9	1
-1	550	1	4
-1	944	6	5
-1	1488	1	1
-1	1630	9	1
-1	758	8	7
-1	343	6	3
-1	1949	9	7
-1	1105	6	4
-1	612	5	4
-1	535	2	9
-1	505	1	8
-1	212	1	7
-1	1812	9	3
-1	454	2	9
-1	329	3	2
-1	249	6	6
-1	1939	7	7
-1	463	1	8
-1	872	8	6
-1	1841	7	8
DDW
1163	1235
1743	1815
1504	1696
339	407
1811	2169
550	672
1220	1270
378	386
873	1005
437	493
672	788
1905	2023
1507	1601
2042	2084
1966	2006
1246	1324
1836	1990
803	961
1655	1867
1884	2212
1545	1851
1956	1996
1622	1904
1287	1481
808	840
637	649
237	267
1584	1682
1827	2103
1823	2139
1480	1668
1626	1988
1372	1578
1778	1926
1547	1817
468	572
415	441
1334	1388
1639	1963
619	757
1731	1839
349	363
1291	1399
1552	1822
726	802
724	784
273	295
1323	1523
312	360
485	569
1329	1499
1281	1565
1953	1993
555	567
1289	1575
1312	1366
197	217
370	444
1532	1798
1416	1662
529	573
1572	1882
512	554
967	1181
906	1108
955	1121
632	728
1635	1999
555	589
1640	1674
944	1154
729	759
1184	1208
1176	1354
431	477
1410	1656
757	889
241	295
796	828
238	286
506	594
850	1038
1399	1577
1483	1777
735	781
322	364
1754	2144
1028	1182
588	636
503	567
480	530
204	220
1721	1903
449	459
309	349
239	259
1784	2094
444	482
802	942
1712	1970
