HFSDDW
50	15	5
0	72	1	11	2	76	3	14	4	13
0	6	1	7	2	87	3	50	4	70
0	55	1	93	2	26	3	12	4	78
0	30	1	86	2	88	3	45	4	60
0	44	1	75	2	82	3	18	4	71
0	86	1	12	2	20	3	84	4	51
0	4	1	2	2	45	3	71	4	93
0	68	1	46	2	59	3	92	4	16
0	99	1	76	2	49	3	27	4	78
0	49	1	65	2	17	3	60	4	89
0	43	1	23	2	70	3	93	4	7
0	97	1	28	2	59	3	42	4	27
0	94	1	87	2	4	3	98	4	66
0	53	1	48	2	54	3	18	4	11
0	84	1	27	2	95	3	29	4	61
0	67	1	27	2	55	3	39	4	23
0	22	1	94	2	60	3	94	4	9
0	81	1	32	2	52	3	64	4	96
0	40	1	87	2	18	3	66	4	22
0	12	1	72	2	50	3	60	4	26
0	1	1	11	2	98	3	49	4	6
0	16	1	27	2	41	3	33	4	39
0	70	1	73	2	20	3	20	4	6
0	99	1	27	2	9	3	90	4	84
0	22	1	96	2	89	3	22	4	70
0	97	1	10	2	29	3	8	4	49
0	94	1	77	2	95	3	14	4	23
0	12	1	96	2	11	3	89	4	92
0	54	1	90	2	20	3	25	4	26
0	67	1	67	2	97	3	61	4	22
0	85	1	64	2	59	3	76	4	4
0	4	1	21	2	77	3	79	4	9
0	6	1	97	2	34	3	84	4	45
0	93	1	77	2	7	3	96	4	94
0	4	1	17	2	20	3	98	4	31
0	31	1	76	2	64	3	95	4	3
0	30	1	12	2	68	3	85	4	63
0	31	1	18	2	19	3	10	4	19
0	90	1	19	2	31	3	80	4	86
0	56	1	57	2	36	3	80	4	33
0	89	1	61	2	2	3	67	4	18
0	68	1	44	2	61	3	45	4	72
0	28	1	56	2	82	3	76	4	78
0	93	1	30	2	48	3	21	4	14
0	75	1	59	2	96	3	78	4	4
0	85	1	85	2	39	3	12	4	74
0	74	1	41	2	84	3	62	4	13
0	69	1	11	2	2	3	68	4	95
0	87	1	57	2	73	3	37	4	91
0	35	1	37	2	54	3	2	4	93
LBCmax: 1023
RELDUE
-1	361	6	2
-1	324	9	9
-1	338	1	9
-1	444	3	9
-1	424	4	4
-1	370	5	1
-1	437	4	9
-1	353	8	5
-1	436	7	3
-1	375	3	3
-1	475	6	5
-1	316	2	8
-1	409	1	9
-1	452	9	5
-1	507	2	4
-1	484	2	8
-1	455	2	8
-1	347	1	3
-1	437	4	5
-1	326	1	5
-1	477	4	4
-1	364	7	6
-1	471	4	1
-1	358	5	4
-1	361	5	6
-1	345	2	7
-1	481	8	1
-1	429	4	1
-1	485	1	1
-1	448	8	2
-1	405	1	8
-1	371	8	9
-1	383	3	6
-1	344	8	5
-1	404	8	5
-1	442	1	3
-1	359	3	7
-1	341	9	3
-1	317	8	5
-1	475	5	1
-1	318	4	5
-1	487	9	5
-1	385	3	4
-1	377	1	2
-1	333	4	1
-1	475	3	3
-1	321	6	9
-1	312	4	5
-1	387	6	8
-1	316	4	7
DDW
354	368
292	356
318	358
400	488
399	449
333	407
411	463
349	357
427	445
368	382
461	489
297	335
380	438
411	493
466	548
450	518
414	496
337	357
406	468
297	355
448	506
335	393
462	480
326	390
350	372
317	373
447	515
412	446
466	504
426	470
377	433
334	408
379	387
316	372
368	440
420	464
327	391
338	344
285	349
456	494
289	347
438	536
381	389
366	388
306	360
437	513
299	343
287	337
375	399
291	341
