HFSDDW
50	30	10
0	68	1	66	2	87	3	86	4	35	5	74	6	49	7	72	8	67	9	7
0	35	1	58	2	86	3	38	4	90	5	59	6	2	7	30	8	48	9	62
0	92	1	79	2	31	3	3	4	38	5	87	6	39	7	80	8	81	9	13
0	77	1	9	2	8	3	40	4	51	5	49	6	49	7	33	8	50	9	67
0	32	1	32	2	91	3	42	4	81	5	61	6	79	7	33	8	47	9	11
0	21	1	57	2	80	3	15	4	89	5	89	6	36	7	85	8	49	9	48
0	36	1	68	2	90	3	54	4	30	5	27	6	51	7	47	8	87	9	41
0	11	1	68	2	79	3	80	4	30	5	60	6	87	7	88	8	21	9	77
0	9	1	6	2	34	3	71	4	92	5	20	6	28	7	92	8	50	9	62
0	14	1	63	2	84	3	3	4	32	5	63	6	42	7	38	8	13	9	54
0	10	1	32	2	46	3	7	4	99	5	52	6	77	7	99	8	85	9	29
0	2	1	47	2	65	3	71	4	39	5	30	6	34	7	19	8	62	9	10
0	99	1	58	2	96	3	25	4	27	5	48	6	84	7	77	8	49	9	66
0	19	1	49	2	76	3	66	4	67	5	76	6	60	7	28	8	71	9	40
0	43	1	28	2	8	3	22	4	60	5	66	6	98	7	14	8	63	9	2
0	29	1	23	2	76	3	3	4	55	5	52	6	35	7	21	8	79	9	52
0	68	1	99	2	51	3	19	4	11	5	53	6	71	7	98	8	4	9	62
0	69	1	7	2	47	3	22	4	67	5	71	6	50	7	75	8	65	9	61
0	49	1	71	2	15	3	47	4	37	5	95	6	73	7	74	8	12	9	15
0	42	1	39	2	49	3	20	4	71	5	43	6	77	7	89	8	12	9	8
0	95	1	99	2	10	3	1	4	33	5	23	6	75	7	54	8	36	9	83
0	3	1	60	2	56	3	18	4	3	5	97	6	85	7	4	8	81	9	15
0	79	1	96	2	87	3	89	4	21	5	30	6	57	7	28	8	50	9	24
0	94	1	61	2	64	3	57	4	65	5	50	6	62	7	15	8	15	9	15
0	21	1	19	2	39	3	28	4	13	5	82	6	83	7	31	8	17	9	74
0	58	1	73	2	8	3	96	4	28	5	98	6	12	7	20	8	79	9	3
0	65	1	48	2	5	3	12	4	89	5	42	6	96	7	98	8	53	9	53
0	36	1	70	2	89	3	67	4	94	5	61	6	58	7	60	8	76	9	39
0	47	1	27	2	11	3	76	4	66	5	21	6	53	7	67	8	30	9	66
0	38	1	42	2	35	3	12	4	49	5	73	6	15	7	27	8	38	9	71
0	86	1	84	2	78	3	64	4	39	5	87	6	84	7	41	8	3	9	66
0	41	1	52	2	44	3	41	4	55	5	39	6	37	7	28	8	46	9	69
0	89	1	29	2	69	3	86	4	15	5	93	6	35	7	77	8	18	9	22
0	47	1	31	2	23	3	6	4	52	5	62	6	48	7	46	8	37	9	78
0	37	1	12	2	64	3	63	4	26	5	86	6	97	7	94	8	56	9	11
0	36	1	86	2	81	3	68	4	82	5	57	6	16	7	92	8	50	9	45
0	52	1	7	2	24	3	81	4	20	5	10	6	29	7	39	8	88	9	92
0	90	1	90	2	91	3	67	4	33	5	77	6	65	7	6	8	60	9	28
0	96	1	41	2	21	3	7	4	85	5	60	6	50	7	54	8	23	9	95
0	47	1	56	2	96	3	91	4	26	5	31	6	88	7	82	8	44	9	17
0	57	1	59	2	6	3	64	4	21	5	46	6	94	7	14	8	36	9	5
0	91	1	11	2	33	3	22	4	49	5	11	6	85	7	17	8	96	9	59
0	59	1	75	2	16	3	93	4	46	5	34	6	94	7	99	8	41	9	2
0	89	1	83	2	61	3	43	4	70	5	37	6	36	7	57	8	86	9	40
0	65	1	36	2	18	3	18	4	4	5	36	6	24	7	74	8	42	9	15
0	45	1	71	2	86	3	84	4	57	5	82	6	43	7	13	8	18	9	86
0	52	1	94	2	73	3	34	4	16	5	9	6	49	7	89	8	52	9	12
0	75	1	28	2	31	3	57	4	94	5	24	6	57	7	97	8	89	9	10
0	11	1	20	2	57	3	26	4	57	5	18	6	97	7	77	8	86	9	87
0	94	1	23	2	40	3	99	4	88	5	70	6	63	7	84	8	2	9	95
LBCmax: 1226
RELDUE
-1	1253	3	2
-1	868	1	1
-1	779	8	2
-1	836	3	6
-1	903	2	8
-1	742	3	1
-1	914	6	7
-1	829	7	5
-1	1279	5	3
-1	861	8	1
-1	800	4	1
-1	946	6	4
-1	783	2	4
-1	670	8	5
-1	1173	1	7
-1	849	5	6
-1	888	1	2
-1	961	9	5
-1	1183	6	9
-1	1339	1	1
-1	696	4	4
-1	1146	2	9
-1	635	1	6
-1	1084	1	2
-1	745	8	1
-1	1002	9	7
-1	1262	5	3
-1	840	2	3
-1	1117	5	7
-1	785	8	4
-1	1060	3	8
-1	1151	6	4
-1	1321	4	7
-1	1306	1	5
-1	782	7	3
-1	1170	8	6
-1	1327	2	7
-1	813	6	9
-1	1249	9	6
-1	900	3	5
-1	1177	4	6
-1	1112	7	9
-1	1250	7	8
-1	998	1	8
-1	1072	9	7
-1	972	9	9
-1	1347	2	7
-1	847	8	6
-1	787	8	7
-1	1025	6	4
DDW
1090	1416
764	972
709	849
744	928
858	948
675	809
813	1015
705	953
1100	1458
818	904
752	848
766	1126
720	846
630	710
1161	1185
739	959
870	906
826	1096
1006	1360
1192	1486
606	786
1100	1192
559	711
1062	1106
685	805
822	1182
1148	1376
756	924
894	1340
636	934
1018	1102
1093	1209
1070	1572
1058	1554
633	931
983	1357
1261	1393
780	846
1074	1424
846	954
1095	1259
1023	1201
1200	1300
858	1138
986	1158
778	1166
1185	1509
695	999
677	897
984	1066
