HFSDDW
50	15	5
0	35	1	33	2	60	3	52	4	43
0	24	1	82	2	5	3	23	4	50
0	68	1	86	2	66	3	4	4	69
0	89	1	28	2	77	3	15	4	63
0	59	1	56	2	39	3	26	4	97
0	4	1	8	2	4	3	94	4	65
0	54	1	99	2	85	3	37	4	60
0	97	1	19	2	7	3	74	4	68
0	96	1	86	2	38	3	16	4	64
0	30	1	8	2	59	3	45	4	18
0	93	1	27	2	73	3	28	4	66
0	79	1	94	2	35	3	55	4	39
0	16	1	78	2	10	3	57	4	96
0	68	1	1	2	29	3	43	4	71
0	70	1	21	2	3	3	46	4	67
0	73	1	18	2	23	3	61	4	67
0	95	1	49	2	58	3	76	4	72
0	28	1	27	2	58	3	71	4	80
0	4	1	83	2	52	3	35	4	52
0	18	1	76	2	80	3	20	4	96
0	30	1	78	2	16	3	74	4	47
0	72	1	24	2	27	3	61	4	93
0	62	1	71	2	74	3	87	4	44
0	67	1	21	2	34	3	84	4	68
0	42	1	43	2	58	3	63	4	68
0	87	1	69	2	68	3	93	4	49
0	96	1	37	2	4	3	65	4	38
0	17	1	33	2	84	3	29	4	1
0	4	1	1	2	96	3	78	4	19
0	32	1	10	2	64	3	90	4	85
0	97	1	43	2	95	3	51	4	55
0	87	1	21	2	53	3	6	4	60
0	3	1	55	2	33	3	13	4	96
0	25	1	68	2	10	3	50	4	27
0	35	1	37	2	5	3	84	4	64
0	41	1	47	2	80	3	44	4	36
0	78	1	6	2	77	3	9	4	52
0	54	1	42	2	52	3	10	4	51
0	96	1	79	2	78	3	69	4	97
0	48	1	67	2	83	3	81	4	94
0	64	1	99	2	15	3	64	4	51
0	60	1	38	2	12	3	86	4	14
0	40	1	40	2	10	3	69	4	82
0	97	1	78	2	25	3	61	4	42
0	83	1	17	2	99	3	99	4	31
0	55	1	59	2	36	3	86	4	16
0	74	1	63	2	98	3	50	4	72
0	78	1	90	2	14	3	58	4	91
0	17	1	30	2	65	3	96	4	11
0	56	1	70	2	9	3	87	4	1
LBCmax: 1069
RELDUE
-1	860	2	1
-1	567	2	8
-1	348	9	1
-1	530	7	5
-1	226	2	6
-1	616	9	9
-1	110	3	6
-1	267	1	5
-1	464	5	4
-1	1131	3	1
-1	116	4	8
-1	133	2	7
-1	368	3	3
-1	862	8	1
-1	532	8	2
-1	934	5	6
-1	552	5	6
-1	747	6	7
-1	1148	4	6
-1	145	9	4
-1	180	5	8
-1	795	5	8
-1	819	3	8
-1	847	5	2
-1	381	5	4
-1	673	6	7
-1	651	7	5
-1	140	9	3
-1	1060	8	4
-1	900	6	6
-1	1015	2	7
-1	645	7	1
-1	624	1	4
-1	1035	5	7
-1	595	9	4
-1	436	2	9
-1	539	4	8
-1	738	5	5
-1	518	4	4
-1	370	5	5
-1	941	8	6
-1	916	5	4
-1	966	5	8
-1	770	8	9
-1	1080	6	3
-1	255	8	1
-1	167	1	3
-1	1120	2	8
-1	712	2	4
-1	459	7	8
DDW
800	920
471	663
331	365
514	546
212	240
524	708
104	116
222	312
376	552
1018	1244
94	138
120	146
298	438
836	888
442	622
822	1046
530	574
687	807
1022	1274
135	155
160	200
708	882
803	835
720	974
339	423
653	693
540	762
136	144
912	1208
765	1035
934	1096
522	768
530	718
911	1159
577	613
432	440
490	588
679	797
508	528
307	433
828	1054
907	925
947	985
747	793
1004	1156
235	275
164	170
907	1333
634	790
404	514
