HFSDDW
100	15	5
0	81	1	76	2	89	3	37	4	42
0	30	1	7	2	70	3	47	4	85
0	18	1	60	2	88	3	98	4	4
0	53	1	75	2	43	3	45	4	34
0	89	1	50	2	85	3	3	4	30
0	48	1	96	2	57	3	38	4	98
0	80	1	67	2	94	3	40	4	73
0	86	1	52	2	56	3	82	4	16
0	1	1	41	2	46	3	45	4	52
0	21	1	36	2	78	3	29	4	60
0	7	1	72	2	2	3	62	4	59
0	31	1	90	2	86	3	8	4	93
0	34	1	50	2	32	3	49	4	5
0	50	1	65	2	49	3	26	4	17
0	1	1	19	2	61	3	29	4	34
0	49	1	5	2	41	3	51	4	9
0	13	1	18	2	28	3	78	4	92
0	8	1	66	2	33	3	81	4	42
0	96	1	65	2	49	3	89	4	82
0	50	1	9	2	97	3	40	4	2
0	55	1	86	2	53	3	13	4	59
0	88	1	12	2	72	3	28	4	10
0	26	1	50	2	36	3	98	4	80
0	16	1	23	2	54	3	56	4	96
0	84	1	33	2	68	3	83	4	20
0	36	1	69	2	71	3	46	4	83
0	40	1	8	2	1	3	49	4	53
0	27	1	65	2	15	3	19	4	5
0	96	1	93	2	5	3	71	4	16
0	47	1	30	2	51	3	9	4	67
0	28	1	55	2	41	3	44	4	17
0	23	1	19	2	70	3	92	4	24
0	19	1	40	2	27	3	44	4	70
0	19	1	50	2	86	3	45	4	54
0	50	1	8	2	35	3	52	4	1
0	91	1	29	2	97	3	67	4	73
0	6	1	19	2	62	3	78	4	56
0	85	1	66	2	56	3	32	4	31
0	9	1	95	2	22	3	94	4	85
0	56	1	66	2	60	3	1	4	97
0	96	1	43	2	6	3	55	4	18
0	20	1	20	2	89	3	43	4	26
0	94	1	21	2	4	3	20	4	18
0	1	1	78	2	48	3	88	4	85
0	53	1	93	2	55	3	14	4	46
0	55	1	86	2	41	3	67	4	45
0	25	1	68	2	96	3	70	4	76
0	62	1	13	2	8	3	61	4	37
0	65	1	77	2	14	3	7	4	37
0	87	1	92	2	3	3	76	4	84
0	78	1	19	2	72	3	16	4	44
0	4	1	88	2	92	3	10	4	63
0	33	1	79	2	22	3	98	4	1
0	26	1	25	2	34	3	43	4	56
0	88	1	71	2	86	3	51	4	20
0	75	1	80	2	49	3	77	4	58
0	62	1	83	2	64	3	82	4	67
0	7	1	95	2	80	3	26	4	73
0	74	1	21	2	97	3	98	4	4
0	86	1	55	2	15	3	6	4	11
0	63	1	59	2	60	3	21	4	96
0	7	1	32	2	22	3	96	4	68
0	24	1	40	2	15	3	52	4	1
0	50	1	15	2	40	3	32	4	94
0	30	1	44	2	8	3	70	4	81
0	67	1	73	2	88	3	47	4	34
0	21	1	65	2	43	3	66	4	95
0	4	1	24	2	44	3	86	4	60
0	74	1	74	2	84	3	57	4	49
0	34	1	6	2	46	3	97	4	54
0	71	1	16	2	82	3	11	4	81
0	20	1	51	2	90	3	39	4	29
0	34	1	44	2	74	3	63	4	48
0	58	1	96	2	49	3	56	4	97
0	27	1	71	2	53	3	72	4	20
0	55	1	59	2	51	3	21	4	48
0	62	1	28	2	90	3	93	4	62
0	5	1	83	2	33	3	85	4	76
0	52	1	33	2	5	3	57	4	27
0	31	1	1	2	22	3	9	4	90
0	37	1	57	2	89	3	1	4	28
0	1	1	62	2	11	3	90	4	26
0	60	1	1	2	69	3	91	4	67
0	6	1	53	2	81	3	1	4	43
0	75	1	64	2	63	3	80	4	45
0	93	1	67	2	96	3	46	4	89
0	55	1	38	2	42	3	30	4	11
0	5	1	39	2	89	3	66	4	61
0	42	1	72	2	42	3	60	4	16
0	52	1	64	2	13	3	90	4	21
0	78	1	20	2	21	3	66	4	16
0	72	1	93	2	9	3	56	4	34
0	34	1	66	2	64	3	2	4	70
0	23	1	58	2	39	3	80	4	62
0	67	1	63	2	16	3	40	4	1
0	3	1	23	2	4	3	64	4	92
0	30	1	54	2	6	3	25	4	12
0	36	1	17	2	76	3	15	4	38
0	12	1	30	2	34	3	32	4	28
0	76	1	8	2	41	3	89	4	93
LBCmax: 1766
RELDUE
-1	1839	5	1
-1	607	1	3
-1	748	9	3
-1	673	1	6
-1	1120	5	2
-1	439	4	7
-1	245	4	5
-1	1615	6	3
-1	1323	6	1
-1	396	3	9
-1	1065	4	2
-1	1766	9	8
-1	966	9	3
-1	1302	8	2
-1	247	8	9
-1	1588	1	9
-1	1243	4	4
-1	871	8	4
-1	1769	5	3
-1	793	7	7
-1	276	3	7
-1	1629	1	6
-1	615	5	3
-1	931	9	5
-1	1069	9	8
-1	845	5	6
-1	698	4	9
-1	1650	8	3
-1	385	2	3
-1	619	4	6
-1	1855	5	9
-1	1621	7	6
-1	426	2	4
-1	1422	4	9
-1	1913	6	2
-1	272	7	4
-1	556	3	5
-1	1553	6	6
-1	1445	1	3
-1	1879	3	6
-1	738	3	3
-1	800	2	9
-1	373	5	5
-1	214	6	4
-1	1726	5	5
-1	558	3	3
-1	1674	9	2
-1	1413	3	4
-1	672	1	5
-1	1022	5	1
-1	451	9	9
-1	1390	8	7
-1	1069	2	1
-1	1139	3	8
-1	1735	3	2
-1	386	2	9
-1	1936	9	7
-1	1760	4	2
-1	1548	7	7
-1	451	2	7
-1	1684	8	9
-1	538	5	2
-1	1407	9	4
-1	881	5	2
-1	485	3	3
-1	1388	6	6
-1	1517	7	3
-1	1488	7	3
-1	1332	4	4
-1	1918	8	4
-1	1208	2	7
-1	1633	2	4
-1	1369	3	3
-1	1833	4	2
-1	232	7	1
-1	1419	6	3
-1	1433	4	8
-1	577	3	9
-1	1148	5	7
-1	687	8	7
-1	1114	6	1
-1	1229	6	9
-1	1155	6	6
-1	1306	2	6
-1	344	9	1
-1	641	7	3
-1	728	9	7
-1	1230	5	1
-1	1630	7	1
-1	1704	8	6
-1	279	1	4
-1	740	4	3
-1	182	7	4
-1	1171	3	9
-1	371	1	8
-1	376	7	7
-1	1336	6	1
-1	1436	8	1
-1	1673	2	2
-1	515	8	7
DDW
1765	1913
516	698
718	778
572	774
1053	1187
408	470
228	262
1405	1825
1230	1416
384	408
1022	1108
1607	1925
782	1150
1263	1341
212	282
1509	1667
1069	1417
810	932
1663	1875
761	825
254	298
1548	1710
541	689
894	968
1005	1133
828	862
607	789
1370	1930
312	458
557	681
1484	2226
1426	1816
396	456
1379	1465
1741	2085
253	291
534	578
1336	1770
1170	1720
1747	2011
723	753
696	904
325	421
173	255
1502	1950
519	597
1406	1942
1258	1568
612	732
899	1145
410	492
1168	1612
866	1272
991	1287
1614	1856
309	463
1878	1994
1408	2112
1393	1703
428	474
1431	1937
484	592
1210	1604
722	1040
466	504
1208	1568
1471	1563
1235	1741
1146	1518
1765	2071
1184	1232
1306	1960
1259	1479
1485	2181
227	237
1206	1632
1261	1605
496	658
1010	1286
556	818
1036	1192
1192	1266
1051	1259
1215	1397
341	347
615	667
626	830
1046	1414
1369	1891
1534	1874
268	290
710	770
175	189
995	1347
323	419
327	425
1069	1603
1206	1666
1405	1941
510	520
