HFSDDW
50	15	5
0	49	1	51	2	83	3	29	4	9
0	7	1	18	2	63	3	64	4	36
0	29	1	77	2	86	3	98	4	23
0	45	1	6	2	30	3	27	4	58
0	12	1	73	2	24	3	10	4	32
0	14	1	29	2	48	3	27	4	72
0	14	1	28	2	77	3	62	4	22
0	21	1	90	2	84	3	3	4	21
0	46	1	94	2	54	3	76	4	78
0	39	1	89	2	79	3	76	4	26
0	34	1	23	2	91	3	45	4	61
0	76	1	27	2	74	3	97	4	94
0	77	1	70	2	36	3	91	4	22
0	1	1	1	2	25	3	77	4	2
0	55	1	21	2	28	3	7	4	12
0	17	1	20	2	48	3	31	4	92
0	25	1	50	2	71	3	2	4	39
0	90	1	36	2	33	3	2	4	46
0	93	1	17	2	86	3	8	4	43
0	75	1	59	2	62	3	54	4	77
0	39	1	64	2	2	3	74	4	71
0	13	1	95	2	85	3	33	4	44
0	57	1	79	2	43	3	6	4	69
0	28	1	99	2	34	3	53	4	32
0	65	1	68	2	24	3	32	4	8
0	38	1	35	2	20	3	64	4	36
0	58	1	57	2	93	3	53	4	53
0	60	1	49	2	96	3	31	4	26
0	95	1	51	2	99	3	57	4	88
0	15	1	74	2	81	3	39	4	16
0	76	1	25	2	10	3	23	4	13
0	71	1	41	2	70	3	66	4	34
0	78	1	75	2	21	3	96	4	86
0	99	1	86	2	89	3	52	4	10
0	78	1	3	2	4	3	27	4	37
0	14	1	68	2	66	3	43	4	93
0	64	1	53	2	81	3	49	4	60
0	33	1	48	2	71	3	41	4	82
0	19	1	78	2	31	3	97	4	48
0	20	1	30	2	3	3	70	4	88
0	29	1	84	2	29	3	30	4	37
0	74	1	22	2	82	3	85	4	98
0	3	1	74	2	27	3	72	4	69
0	25	1	94	2	72	3	37	4	54
0	52	1	15	2	49	3	69	4	90
0	99	1	72	2	7	3	78	4	17
0	83	1	65	2	96	3	54	4	65
0	79	1	24	2	52	3	12	4	86
0	12	1	65	2	85	3	42	4	80
0	45	1	52	2	58	3	28	4	23
LBCmax: 974
RELDUE
-1	541	6	8
-1	857	5	4
-1	935	2	8
-1	455	9	2
-1	647	7	5
-1	427	8	3
-1	639	7	9
-1	875	8	8
-1	675	4	5
-1	652	8	9
-1	312	4	9
-1	433	5	6
-1	330	5	4
-1	966	3	8
-1	439	7	5
-1	652	3	2
-1	1058	8	5
-1	1004	8	7
-1	365	6	4
-1	1172	3	1
-1	301	3	8
-1	705	1	7
-1	881	6	2
-1	788	9	2
-1	702	8	9
-1	1145	6	2
-1	574	4	4
-1	357	1	6
-1	1164	3	9
-1	736	9	8
-1	763	5	2
-1	427	5	3
-1	1065	2	7
-1	832	5	3
-1	1179	2	2
-1	541	3	9
-1	1262	2	7
-1	1064	6	5
-1	463	9	8
-1	791	9	3
-1	717	4	1
-1	916	9	7
-1	414	8	2
-1	1021	7	4
-1	1109	4	2
-1	1237	5	7
-1	885	5	5
-1	451	5	2
-1	554	4	7
-1	711	5	9
DDW
503	579
797	917
926	944
423	487
595	699
397	457
575	703
814	936
621	729
613	691
287	337
416	450
327	333
908	1024
417	461
619	685
1037	1079
924	1084
347	383
1160	1184
271	331
698	712
802	960
780	796
646	758
1076	1214
545	603
332	382
1141	1187
699	773
748	778
418	436
1012	1118
749	915
1096	1262
498	584
1249	1275
1021	1107
458	468
775	807
703	731
907	925
385	443
929	1113
1054	1164
1212	1262
823	947
406	496
548	560
697	725
