HFSDDW
100	15	5
0	69	1	29	2	1	3	57	4	28
0	82	1	72	2	4	3	64	4	2
0	82	1	86	2	52	3	36	4	95
0	78	1	23	2	92	3	9	4	37
0	79	1	39	2	82	3	94	4	79
0	13	1	77	2	24	3	85	4	71
0	36	1	71	2	37	3	26	4	92
0	72	1	90	2	51	3	61	4	80
0	73	1	65	2	36	3	53	4	68
0	73	1	23	2	24	3	8	4	63
0	25	1	45	2	53	3	78	4	13
0	31	1	46	2	7	3	78	4	16
0	5	1	49	2	18	3	92	4	66
0	11	1	49	2	26	3	43	4	24
0	88	1	72	2	32	3	29	4	63
0	14	1	3	2	30	3	26	4	6
0	89	1	53	2	16	3	23	4	46
0	90	1	18	2	58	3	14	4	62
0	26	1	84	2	73	3	45	4	75
0	25	1	47	2	44	3	86	4	58
0	24	1	96	2	81	3	84	4	75
0	53	1	14	2	25	3	16	4	99
0	29	1	17	2	80	3	72	4	26
0	51	1	33	2	95	3	46	4	76
0	92	1	90	2	13	3	81	4	98
0	4	1	99	2	86	3	53	4	39
0	66	1	59	2	43	3	68	4	81
0	93	1	72	2	32	3	47	4	93
0	77	1	93	2	43	3	14	4	34
0	10	1	4	2	1	3	19	4	24
0	91	1	52	2	97	3	11	4	65
0	33	1	83	2	1	3	85	4	71
0	54	1	27	2	72	3	77	4	33
0	69	1	73	2	13	3	91	4	33
0	79	1	2	2	48	3	53	4	98
0	99	1	48	2	98	3	47	4	89
0	1	1	99	2	67	3	29	4	47
0	15	1	61	2	32	3	3	4	48
0	11	1	71	2	46	3	76	4	40
0	50	1	21	2	66	3	81	4	64
0	36	1	90	2	10	3	86	4	45
0	90	1	4	2	45	3	12	4	66
0	85	1	84	2	53	3	96	4	70
0	54	1	59	2	43	3	30	4	18
0	8	1	41	2	11	3	43	4	23
0	8	1	55	2	72	3	13	4	49
0	78	1	81	2	18	3	83	4	53
0	10	1	89	2	81	3	84	4	57
0	12	1	17	2	21	3	37	4	63
0	26	1	19	2	49	3	6	4	85
0	90	1	77	2	36	3	63	4	56
0	94	1	80	2	67	3	64	4	37
0	35	1	31	2	32	3	63	4	87
0	4	1	67	2	70	3	44	4	61
0	65	1	78	2	59	3	73	4	7
0	91	1	21	2	74	3	79	4	96
0	89	1	7	2	66	3	27	4	59
0	2	1	46	2	54	3	27	4	58
0	30	1	23	2	17	3	48	4	22
0	80	1	84	2	57	3	49	4	59
0	59	1	49	2	6	3	45	4	21
0	12	1	19	2	63	3	57	4	65
0	74	1	7	2	87	3	67	4	47
0	29	1	65	2	6	3	5	4	85
0	58	1	14	2	43	3	85	4	31
0	42	1	61	2	12	3	52	4	26
0	7	1	63	2	25	3	21	4	38
0	41	1	2	2	21	3	7	4	47
0	83	1	83	2	96	3	61	4	84
0	23	1	36	2	50	3	1	4	93
0	16	1	79	2	53	3	63	4	2
0	46	1	6	2	20	3	14	4	79
0	51	1	7	2	11	3	32	4	59
0	11	1	82	2	67	3	30	4	7
0	27	1	44	2	98	3	57	4	3
0	75	1	17	2	81	3	2	4	9
0	6	1	12	2	11	3	58	4	10
0	28	1	10	2	61	3	19	4	92
0	35	1	81	2	7	3	28	4	95
0	76	1	72	2	64	3	3	4	73
0	41	1	69	2	20	3	93	4	66
0	71	1	80	2	95	3	61	4	26
0	29	1	25	2	19	3	6	4	73
0	40	1	95	2	53	3	22	4	32
0	1	1	21	2	48	3	38	4	72
0	46	1	38	2	71	3	62	4	27
0	4	1	52	2	79	3	28	4	67
0	37	1	91	2	18	3	91	4	39
0	47	1	14	2	1	3	92	4	63
0	11	1	63	2	1	3	54	4	56
0	80	1	19	2	42	3	71	4	72
0	20	1	21	2	82	3	22	4	21
0	34	1	10	2	34	3	35	4	23
0	76	1	45	2	90	3	39	4	37
0	48	1	78	2	61	3	83	4	85
0	87	1	21	2	55	3	74	4	61
0	83	1	37	2	17	3	6	4	46
0	84	1	11	2	8	3	56	4	47
0	16	1	10	2	95	3	71	4	5
0	37	1	80	2	66	3	70	4	86
LBCmax: 1843
RELDUE
-1	1642	7	8
-1	1724	7	1
-1	1608	8	5
-1	1111	2	3
-1	1013	2	1
-1	945	2	7
-1	1561	3	3
-1	1572	4	7
-1	1875	2	1
-1	1866	4	3
-1	2022	7	3
-1	1651	5	9
-1	1003	5	2
-1	1589	8	1
-1	1335	2	5
-1	1999	4	3
-1	1945	7	4
-1	1237	1	5
-1	1900	7	5
-1	1349	8	5
-1	1654	4	5
-1	1336	4	6
-1	1302	6	9
-1	1938	8	8
-1	1157	9	5
-1	1342	5	6
-1	1838	5	7
-1	1912	4	4
-1	1793	3	7
-1	1452	5	6
-1	998	6	2
-1	1528	2	6
-1	1866	6	8
-1	1892	1	8
-1	1986	2	8
-1	1034	9	6
-1	1744	2	8
-1	2025	8	2
-1	1997	9	9
-1	1404	4	6
-1	1213	4	1
-1	1488	2	7
-1	1159	1	8
-1	1700	8	1
-1	1445	1	6
-1	1467	3	1
-1	946	9	2
-1	1309	9	2
-1	1297	3	7
-1	1001	1	8
-1	1411	9	9
-1	1488	6	1
-1	1777	6	8
-1	1264	4	6
-1	1148	8	2
-1	1226	5	4
-1	1343	4	9
-1	1698	3	5
-1	1982	1	4
-1	1699	6	8
-1	1135	9	9
-1	1676	8	6
-1	1807	6	9
-1	1344	7	9
-1	1789	9	7
-1	1415	9	2
-1	1813	9	6
-1	1139	6	5
-1	1631	5	1
-1	1221	1	3
-1	1175	4	2
-1	1947	2	9
-1	1268	1	8
-1	1417	6	1
-1	1057	9	4
-1	1087	2	9
-1	1097	2	2
-1	1629	8	9
-1	1413	2	9
-1	1717	5	6
-1	1316	2	4
-1	1449	7	2
-1	1535	3	3
-1	1713	5	7
-1	961	4	8
-1	1537	1	1
-1	1778	4	3
-1	1523	4	7
-1	1664	8	8
-1	1680	5	7
-1	1719	3	6
-1	966	1	6
-1	964	5	9
-1	1219	1	7
-1	1189	7	6
-1	1564	3	5
-1	1709	5	5
-1	1842	2	9
-1	1939	5	1
-1	951	7	7
DDW
1576	1708
1569	1879
1495	1721
1089	1133
972	1054
926	964
1467	1655
1431	1713
1725	2025
1847	1885
1982	2062
1585	1717
953	1053
1462	1716
1282	1388
1899	2099
1848	2042
1212	1262
1767	2033
1309	1389
1604	1704
1229	1443
1172	1432
1802	2074
1099	1215
1261	1423
1728	1948
1740	2084
1757	1829
1379	1525
958	1038
1406	1650
1829	1903
1741	2043
1907	2065
982	1086
1570	1918
1843	2207
1937	2057
1348	1460
1152	1274
1458	1518
1043	1275
1564	1836
1373	1517
1320	1614
937	955
1217	1401
1284	1310
931	1071
1326	1496
1428	1548
1706	1848
1201	1327
1091	1205
1152	1300
1222	1464
1528	1868
1843	2121
1563	1835
1067	1203
1559	1793
1662	1952
1290	1398
1646	1932
1344	1486
1777	1849
1048	1230
1566	1696
1099	1343
1104	1246
1830	2064
1154	1382
1374	1460
972	1142
1065	1109
998	1196
1580	1678
1371	1455
1631	1803
1237	1395
1319	1579
1412	1658
1627	1799
875	1047
1522	1552
1707	1849
1401	1645
1614	1714
1529	1831
1616	1822
869	1063
945	983
1146	1292
1094	1284
1439	1689
1624	1794
1731	1953
1745	2133
941	961
