HFSDDW
50	25	5
0	32	1	90	2	3	3	10	4	42
0	75	1	57	2	83	3	70	4	37
0	16	1	85	2	83	3	21	4	12
0	63	1	66	2	85	3	67	4	45
0	53	1	50	2	4	3	63	4	62
0	1	1	98	2	22	3	5	4	77
0	16	1	74	2	40	3	78	4	80
0	52	1	76	2	76	3	99	4	84
0	29	1	17	2	38	3	90	4	6
0	19	1	86	2	65	3	73	4	94
0	7	1	39	2	15	3	65	4	52
0	81	1	87	2	40	3	47	4	42
0	76	1	36	2	79	3	93	4	21
0	42	1	45	2	5	3	41	4	60
0	86	1	90	2	86	3	83	4	17
0	36	1	12	2	13	3	57	4	44
0	15	1	34	2	48	3	10	4	71
0	77	1	60	2	75	3	27	4	98
0	64	1	37	2	29	3	57	4	8
0	92	1	38	2	45	3	70	4	64
0	74	1	81	2	24	3	14	4	9
0	16	1	52	2	31	3	48	4	16
0	69	1	75	2	82	3	4	4	28
0	43	1	88	2	69	3	22	4	44
0	81	1	69	2	78	3	42	4	95
0	50	1	61	2	29	3	75	4	24
0	98	1	66	2	42	3	93	4	69
0	33	1	10	2	34	3	2	4	55
0	25	1	29	2	27	3	11	4	29
0	88	1	55	2	26	3	30	4	65
0	5	1	68	2	24	3	26	4	82
0	6	1	4	2	81	3	18	4	58
0	55	1	23	2	56	3	25	4	18
0	3	1	33	2	89	3	34	4	94
0	33	1	54	2	68	3	66	4	20
0	53	1	42	2	67	3	14	4	8
0	95	1	36	2	99	3	11	4	19
0	31	1	43	2	17	3	11	4	64
0	30	1	28	2	16	3	43	4	1
0	2	1	73	2	3	3	93	4	27
0	55	1	65	2	91	3	36	4	32
0	51	1	99	2	57	3	7	4	30
0	63	1	36	2	68	3	11	4	63
0	19	1	24	2	45	3	6	4	87
0	60	1	17	2	78	3	69	4	65
0	6	1	38	2	25	3	65	4	18
0	80	1	39	2	74	3	87	4	52
0	30	1	45	2	64	3	79	4	68
0	31	1	86	2	11	3	81	4	1
0	93	1	59	2	6	3	80	4	82
LBCmax: 603
RELDUE
-1	344	3	7
-1	162	5	5
-1	411	1	2
-1	82	6	6
-1	301	5	9
-1	199	3	9
-1	375	5	9
-1	139	8	8
-1	315	3	1
-1	155	5	9
-1	105	8	9
-1	332	6	5
-1	392	9	5
-1	382	6	2
-1	240	8	1
-1	148	8	8
-1	284	6	9
-1	355	4	7
-1	273	8	9
-1	181	7	2
-1	329	9	8
-1	276	2	3
-1	300	8	5
-1	194	7	9
-1	265	7	7
-1	327	3	8
-1	81	7	4
-1	413	9	4
-1	309	2	1
-1	319	6	6
-1	227	5	5
-1	179	8	5
-1	223	2	5
-1	363	3	6
-1	201	6	2
-1	247	9	3
-1	213	3	3
-1	306	1	9
-1	133	7	4
-1	109	6	4
-1	215	8	7
-1	142	4	1
-1	398	7	9
-1	250	2	3
-1	263	9	1
-1	261	5	8
-1	402	4	2
-1	138	7	4
-1	174	1	7
-1	337	2	3
DDW
323	365
159	165
378	444
71	93
250	352
161	237
334	416
126	152
296	334
126	184
91	119
276	388
361	423
367	397
204	276
123	173
278	290
298	412
232	314
172	190
303	355
224	328
261	339
171	217
233	297
320	334
66	96
401	425
269	349
274	364
182	272
175	183
212	234
338	388
197	205
210	284
196	230
257	355
126	140
90	128
198	232
122	162
390	406
248	252
239	287
224	298
362	442
131	145
158	190
276	398
