HFSDDW
100	25	5
0	40	1	49	2	77	3	92	4	82
0	66	1	55	2	98	3	40	4	16
0	57	1	58	2	40	3	27	4	80
0	65	1	70	2	95	3	26	4	23
0	20	1	75	2	13	3	87	4	87
0	67	1	56	2	38	3	18	4	91
0	47	1	3	2	47	3	16	4	45
0	84	1	25	2	26	3	71	4	59
0	12	1	69	2	49	3	34	4	89
0	29	1	65	2	72	3	58	4	40
0	56	1	30	2	68	3	33	4	50
0	64	1	37	2	90	3	5	4	15
0	10	1	18	2	80	3	49	4	69
0	54	1	12	2	24	3	82	4	95
0	41	1	44	2	25	3	66	4	12
0	51	1	26	2	78	3	97	4	59
0	3	1	84	2	79	3	78	4	35
0	17	1	35	2	15	3	66	4	80
0	47	1	34	2	21	3	57	4	50
0	93	1	88	2	1	3	65	4	35
0	17	1	42	2	89	3	62	4	99
0	13	1	6	2	2	3	21	4	99
0	39	1	59	2	92	3	46	4	12
0	25	1	38	2	3	3	14	4	52
0	20	1	96	2	58	3	3	4	49
0	7	1	23	2	67	3	17	4	18
0	62	1	26	2	13	3	63	4	42
0	61	1	95	2	18	3	79	4	23
0	12	1	33	2	93	3	67	4	41
0	88	1	42	2	75	3	45	4	25
0	55	1	86	2	86	3	14	4	16
0	21	1	83	2	87	3	14	4	92
0	89	1	38	2	85	3	4	4	37
0	14	1	46	2	30	3	4	4	51
0	30	1	21	2	24	3	91	4	40
0	86	1	4	2	90	3	61	4	60
0	65	1	48	2	23	3	91	4	63
0	76	1	39	2	98	3	47	4	22
0	77	1	8	2	5	3	86	4	34
0	73	1	47	2	90	3	30	4	28
0	42	1	12	2	71	3	93	4	94
0	35	1	62	2	95	3	73	4	29
0	18	1	93	2	27	3	53	4	27
0	42	1	16	2	93	3	40	4	61
0	75	1	48	2	83	3	82	4	74
0	22	1	17	2	37	3	57	4	67
0	39	1	13	2	61	3	33	4	18
0	54	1	76	2	29	3	96	4	29
0	14	1	43	2	25	3	18	4	5
0	84	1	81	2	51	3	60	4	91
0	58	1	53	2	50	3	69	4	53
0	94	1	29	2	88	3	20	4	72
0	19	1	26	2	38	3	7	4	89
0	5	1	33	2	93	3	36	4	73
0	65	1	86	2	97	3	12	4	48
0	32	1	23	2	65	3	78	4	90
0	41	1	65	2	77	3	66	4	9
0	86	1	63	2	91	3	80	4	24
0	26	1	87	2	10	3	24	4	11
0	87	1	5	2	18	3	29	4	99
0	51	1	88	2	16	3	86	4	26
0	71	1	56	2	38	3	22	4	21
0	71	1	64	2	10	3	29	4	32
0	53	1	48	2	72	3	98	4	4
0	41	1	41	2	14	3	12	4	48
0	77	1	77	2	73	3	2	4	60
0	28	1	5	2	36	3	78	4	39
0	53	1	50	2	90	3	40	4	38
0	30	1	25	2	70	3	59	4	52
0	61	1	77	2	80	3	92	4	57
0	40	1	32	2	20	3	25	4	58
0	11	1	74	2	4	3	39	4	48
0	94	1	83	2	37	3	62	4	93
0	67	1	28	2	32	3	89	4	79
0	3	1	58	2	33	3	60	4	74
0	17	1	71	2	54	3	60	4	86
0	1	1	96	2	80	3	44	4	21
0	96	1	85	2	12	3	21	4	29
0	78	1	47	2	52	3	91	4	44
0	46	1	88	2	9	3	66	4	85
0	34	1	46	2	91	3	13	4	54
0	82	1	99	2	60	3	51	4	42
0	40	1	20	2	44	3	53	4	48
0	97	1	3	2	92	3	42	4	97
0	82	1	16	2	12	3	61	4	2
0	56	1	7	2	42	3	17	4	28
0	29	1	63	2	88	3	74	4	52
0	54	1	6	2	68	3	90	4	39
0	97	1	25	2	60	3	78	4	89
0	58	1	4	2	98	3	43	4	46
0	43	1	95	2	67	3	69	4	4
0	18	1	35	2	30	3	11	4	97
0	75	1	57	2	44	3	23	4	13
0	76	1	32	2	69	3	1	4	94
0	92	1	35	2	3	3	4	4	1
0	57	1	56	2	33	3	72	4	44
0	53	1	8	2	98	3	70	4	84
0	33	1	96	2	20	3	71	4	34
0	19	1	75	2	57	3	92	4	63
0	40	1	81	2	37	3	65	4	13
LBCmax: 1126
RELDUE
-1	182	8	2
-1	271	4	2
-1	992	4	7
-1	430	5	4
-1	490	5	8
-1	0	5	6
-1	934	4	2
-1	603	4	5
-1	660	2	7
-1	413	3	1
-1	589	3	5
-1	0	7	5
-1	542	4	8
-1	640	3	7
-1	389	2	8
-1	659	4	2
-1	549	2	7
-1	712	8	8
-1	322	5	4
-1	784	2	1
-1	794	2	8
-1	16	4	4
-1	989	5	2
-1	639	4	6
-1	742	4	9
-1	79	4	3
-1	757	2	5
-1	6	1	3
-1	343	5	9
-1	570	8	5
-1	736	4	7
-1	95	2	6
-1	641	5	4
-1	552	4	7
-1	86	4	5
-1	103	9	7
-1	0	6	2
-1	456	8	4
-1	75	2	3
-1	741	9	3
-1	341	4	6
-1	253	3	2
-1	466	4	1
-1	161	1	7
-1	694	6	5
-1	69	4	5
-1	80	6	6
-1	906	6	4
-1	420	7	7
-1	947	9	1
-1	795	7	7
-1	0	3	9
-1	998	1	6
-1	856	7	9
-1	248	6	6
-1	53	1	2
-1	296	9	6
-1	240	2	7
-1	702	4	9
-1	297	3	4
-1	241	4	7
-1	814	1	8
-1	146	2	5
-1	0	2	1
-1	690	5	5
-1	381	7	5
-1	287	3	8
-1	1003	5	7
-1	440	3	4
-1	173	2	8
-1	556	4	1
-1	0	1	9
-1	524	5	2
-1	595	5	1
-1	329	5	8
-1	428	9	7
-1	563	5	6
-1	714	7	1
-1	958	7	5
-1	559	7	5
-1	1012	5	6
-1	865	4	2
-1	599	9	5
-1	409	8	1
-1	788	2	5
-1	645	5	9
-1	111	8	4
-1	798	1	3
-1	190	6	1
-1	0	3	1
-1	821	9	1
-1	762	6	6
-1	767	5	1
-1	791	1	7
-1	386	2	4
-1	540	1	8
-1	0	7	6
-1	376	4	7
-1	485	6	9
-1	199	1	9
DDW
175	189
257	285
893	1091
426	434
466	514
0	0
850	1018
597	609
620	700
392	434
560	618
0	0
531	553
595	685
366	412
633	685
544	554
655	769
299	345
713	855
754	834
16	16
890	1088
588	690
705	779
73	85
734	780
6	6
340	346
553	587
684	788
88	102
577	705
530	574
80	92
97	109
0	0
429	483
73	77
697	785
334	348
250	256
457	475
148	174
625	763
66	72
74	86
897	915
416	424
938	956
731	859
0	0
958	1038
830	882
236	260
51	55
281	311
235	245
660	744
270	324
222	260
749	879
131	161
0	0
635	745
347	415
267	307
923	1083
436	444
171	175
545	567
0	0
493	555
583	607
306	352
407	449
507	619
693	735
872	1044
553	565
911	1113
839	891
593	605
405	413
749	827
593	697
108	114
734	862
171	209
0	0
813	829
686	838
759	775
751	831
355	417
513	567
0	0
342	410
436	534
195	203
