HFSDDW
100	30	10
0	73	1	73	2	49	3	87	4	31	5	10	6	18	7	77	8	57	9	63
0	84	1	44	2	13	3	93	4	78	5	88	6	90	7	22	8	35	9	40
0	7	1	44	2	25	3	27	4	11	5	36	6	78	7	26	8	47	9	7
0	38	1	81	2	28	3	77	4	73	5	59	6	88	7	30	8	58	9	98
0	2	1	65	2	17	3	88	4	49	5	11	6	93	7	78	8	19	9	16
0	91	1	41	2	27	3	82	4	56	5	30	6	49	7	22	8	76	9	94
0	31	1	92	2	31	3	50	4	25	5	3	6	16	7	36	8	20	9	19
0	99	1	61	2	64	3	36	4	39	5	42	6	27	7	37	8	78	9	1
0	42	1	1	2	7	3	31	4	15	5	97	6	55	7	45	8	21	9	44
0	11	1	67	2	53	3	63	4	68	5	9	6	35	7	67	8	64	9	46
0	94	1	58	2	59	3	1	4	16	5	31	6	77	7	91	8	44	9	15
0	4	1	12	2	44	3	75	4	53	5	31	6	86	7	99	8	35	9	28
0	48	1	71	2	16	3	76	4	9	5	33	6	8	7	1	8	67	9	30
0	7	1	59	2	73	3	33	4	7	5	83	6	41	7	6	8	15	9	84
0	20	1	64	2	2	3	6	4	40	5	98	6	24	7	77	8	10	9	38
0	23	1	35	2	33	3	36	4	97	5	23	6	43	7	83	8	92	9	83
0	23	1	76	2	24	3	15	4	9	5	44	6	39	7	11	8	69	9	69
0	89	1	80	2	84	3	51	4	8	5	84	6	70	7	10	8	36	9	10
0	10	1	31	2	91	3	30	4	8	5	71	6	27	7	37	8	35	9	83
0	41	1	58	2	14	3	32	4	61	5	44	6	40	7	87	8	97	9	96
0	59	1	13	2	9	3	41	4	49	5	42	6	50	7	81	8	29	9	14
0	53	1	33	2	47	3	82	4	74	5	91	6	85	7	94	8	7	9	37
0	17	1	3	2	76	3	85	4	28	5	31	6	66	7	53	8	89	9	63
0	44	1	82	2	13	3	39	4	50	5	97	6	23	7	50	8	81	9	65
0	21	1	45	2	8	3	22	4	30	5	9	6	12	7	31	8	58	9	69
0	59	1	45	2	80	3	60	4	79	5	57	6	37	7	23	8	13	9	18
0	75	1	97	2	92	3	65	4	69	5	71	6	21	7	8	8	32	9	77
0	69	1	35	2	14	3	41	4	16	5	71	6	94	7	54	8	55	9	20
0	20	1	35	2	95	3	21	4	5	5	99	6	3	7	52	8	59	9	93
0	60	1	1	2	38	3	63	4	90	5	24	6	53	7	43	8	52	9	59
0	87	1	4	2	99	3	81	4	1	5	24	6	32	7	39	8	45	9	9
0	62	1	82	2	67	3	92	4	98	5	40	6	2	7	72	8	60	9	70
0	68	1	69	2	49	3	39	4	17	5	69	6	97	7	50	8	51	9	92
0	19	1	52	2	2	3	96	4	33	5	16	6	36	7	15	8	20	9	81
0	67	1	63	2	7	3	51	4	31	5	78	6	33	7	45	8	65	9	50
0	22	1	81	2	82	3	82	4	91	5	19	6	55	7	60	8	65	9	32
0	27	1	81	2	88	3	53	4	90	5	11	6	80	7	71	8	60	9	82
0	5	1	87	2	52	3	79	4	3	5	6	6	62	7	97	8	8	9	38
0	36	1	52	2	85	3	2	4	70	5	37	6	69	7	20	8	6	9	14
0	61	1	75	2	50	3	88	4	54	5	85	6	75	7	54	8	61	9	21
0	98	1	62	2	85	3	82	4	46	5	35	6	30	7	4	8	79	9	85
0	56	1	57	2	53	3	27	4	95	5	75	6	96	7	87	8	83	9	53
0	42	1	61	2	66	3	46	4	21	5	29	6	38	7	63	8	25	9	18
0	31	1	8	2	36	3	87	4	40	5	74	6	66	7	4	8	56	9	35
0	7	1	65	2	40	3	20	4	57	5	5	6	23	7	23	8	93	9	79
0	89	1	88	2	71	3	9	4	78	5	37	6	96	7	39	8	62	9	18
0	97	1	67	2	78	3	62	4	55	5	49	6	21	7	65	8	86	9	22
0	9	1	92	2	32	3	48	4	46	5	76	6	21	7	46	8	88	9	17
0	6	1	15	2	69	3	46	4	28	5	43	6	37	7	28	8	9	9	3
0	78	1	28	2	42	3	38	4	37	5	40	6	87	7	78	8	64	9	9
0	83	1	57	2	36	3	72	4	70	5	96	6	57	7	23	8	62	9	3
0	17	1	50	2	51	3	45	4	12	5	83	6	97	7	32	8	34	9	13
0	13	1	93	2	57	3	84	4	44	5	81	6	51	7	93	8	11	9	7
0	89	1	43	2	82	3	79	4	34	5	48	6	78	7	97	8	76	9	32
0	85	1	14	2	66	3	7	4	86	5	28	6	76	7	96	8	27	9	54
0	42	1	55	2	44	3	52	4	96	5	89	6	1	7	52	8	28	9	88
0	45	1	64	2	12	3	56	4	14	5	73	6	68	7	71	8	12	9	63
0	5	1	1	2	55	3	3	4	27	5	98	6	28	7	50	8	97	9	16
0	5	1	55	2	66	3	57	4	64	5	34	6	99	7	30	8	83	9	44
0	48	1	27	2	69	3	87	4	86	5	22	6	2	7	10	8	93	9	14
0	60	1	6	2	85	3	63	4	50	5	42	6	99	7	41	8	25	9	97
0	62	1	50	2	55	3	13	4	84	5	90	6	97	7	55	8	91	9	79
0	74	1	38	2	87	3	67	4	15	5	78	6	31	7	68	8	17	9	5
0	96	1	18	2	57	3	84	4	55	5	99	6	70	7	3	8	7	9	23
0	34	1	58	2	6	3	85	4	81	5	98	6	71	7	57	8	4	9	95
0	25	1	47	2	19	3	14	4	39	5	23	6	18	7	18	8	49	9	72
0	11	1	32	2	25	3	20	4	2	5	45	6	93	7	70	8	57	9	84
0	21	1	94	2	48	3	68	4	46	5	17	6	32	7	3	8	86	9	17
0	7	1	74	2	64	3	21	4	80	5	50	6	99	7	43	8	45	9	32
0	81	1	53	2	54	3	35	4	13	5	2	6	33	7	85	8	84	9	37
0	5	1	2	2	99	3	19	4	75	5	30	6	98	7	50	8	68	9	23
0	91	1	15	2	31	3	32	4	65	5	37	6	68	7	5	8	40	9	51
0	45	1	50	2	26	3	26	4	4	5	68	6	41	7	14	8	56	9	45
0	83	1	46	2	19	3	49	4	12	5	6	6	74	7	45	8	45	9	50
0	52	1	49	2	75	3	22	4	41	5	66	6	22	7	23	8	70	9	75
0	34	1	29	2	46	3	33	4	91	5	55	6	75	7	74	8	16	9	8
0	89	1	85	2	93	3	23	4	39	5	45	6	96	7	82	8	20	9	60
0	63	1	23	2	59	3	89	4	99	5	96	6	74	7	4	8	84	9	37
0	47	1	18	2	44	3	80	4	12	5	54	6	1	7	85	8	57	9	57
0	30	1	1	2	30	3	37	4	60	5	66	6	55	7	52	8	82	9	95
0	70	1	39	2	4	3	10	4	13	5	11	6	70	7	56	8	34	9	95
0	80	1	71	2	89	3	78	4	61	5	72	6	42	7	13	8	12	9	85
0	45	1	12	2	25	3	62	4	30	5	62	6	93	7	22	8	29	9	33
0	41	1	23	2	21	3	88	4	67	5	8	6	15	7	34	8	68	9	1
0	84	1	44	2	51	3	62	4	77	5	59	6	11	7	51	8	76	9	88
0	25	1	42	2	41	3	97	4	51	5	58	6	15	7	41	8	80	9	50
0	17	1	48	2	28	3	2	4	55	5	58	6	50	7	1	8	12	9	54
0	57	1	9	2	45	3	11	4	1	5	2	6	60	7	63	8	85	9	71
0	51	1	43	2	46	3	41	4	8	5	98	6	81	7	24	8	38	9	9
0	92	1	74	2	53	3	18	4	83	5	37	6	16	7	50	8	7	9	20
0	9	1	11	2	39	3	23	4	32	5	17	6	97	7	30	8	97	9	50
0	98	1	52	2	55	3	10	4	99	5	74	6	3	7	86	8	93	9	57
0	76	1	27	2	63	3	3	4	61	5	83	6	55	7	28	8	27	9	64
0	85	1	10	2	56	3	66	4	62	5	41	6	4	7	23	8	9	9	91
0	2	1	52	2	26	3	88	4	10	5	41	6	19	7	44	8	19	9	10
0	34	1	29	2	57	3	50	4	43	5	81	6	48	7	37	8	61	9	48
0	62	1	70	2	3	3	34	4	64	5	89	6	95	7	89	8	47	9	58
0	71	1	79	2	78	3	2	4	56	5	24	6	2	7	75	8	92	9	20
0	65	1	11	2	9	3	18	4	30	5	56	6	53	7	7	8	23	9	81
0	93	1	67	2	62	3	61	4	30	5	32	6	49	7	92	8	24	9	21
LBCmax: 1915
RELDUE
-1	720	9	5
-1	521	5	3
-1	1308	4	6
-1	882	6	6
-1	626	2	5
-1	816	8	9
-1	782	7	5
-1	826	5	4
-1	1268	9	9
-1	411	2	4
-1	1109	5	8
-1	1025	8	5
-1	693	7	6
-1	667	6	6
-1	1150	9	4
-1	780	3	3
-1	888	1	4
-1	1166	5	3
-1	235	5	1
-1	286	5	9
-1	608	5	6
-1	1205	3	4
-1	961	3	7
-1	947	2	1
-1	938	9	9
-1	243	7	3
-1	394	3	3
-1	387	8	2
-1	1022	6	1
-1	473	6	8
-1	1052	1	1
-1	299	7	8
-1	780	2	5
-1	1015	9	3
-1	1039	1	2
-1	606	9	8
-1	345	4	2
-1	753	8	8
-1	1112	6	4
-1	1059	2	9
-1	243	4	5
-1	1311	6	9
-1	342	6	9
-1	230	1	8
-1	204	5	3
-1	429	6	4
-1	456	5	7
-1	425	9	5
-1	1079	9	5
-1	1091	2	8
-1	1003	8	8
-1	931	9	7
-1	1204	1	9
-1	367	9	1
-1	1165	4	9
-1	855	5	2
-1	900	8	6
-1	551	5	5
-1	1284	4	8
-1	573	2	3
-1	612	5	2
-1	585	8	7
-1	1144	6	5
-1	986	3	7
-1	699	3	4
-1	1000	9	2
-1	436	3	4
-1	1018	2	6
-1	968	6	9
-1	735	8	6
-1	625	1	9
-1	325	4	6
-1	244	8	4
-1	516	6	9
-1	234	3	5
-1	638	1	1
-1	1054	3	9
-1	922	3	7
-1	934	1	3
-1	700	2	5
-1	1127	6	3
-1	1310	8	1
-1	649	9	4
-1	1272	9	5
-1	810	5	8
-1	312	9	5
-1	436	9	5
-1	604	2	5
-1	1191	8	3
-1	374	9	2
-1	1047	9	4
-1	1135	4	8
-1	810	3	8
-1	729	8	3
-1	637	1	5
-1	998	6	4
-1	357	7	3
-1	697	1	8
-1	871	2	3
-1	545	6	4
DDW
655	785
505	537
1177	1439
811	953
551	701
710	922
751	813
702	950
1052	1484
345	477
909	1309
861	1189
651	735
660	674
1000	1300
741	819
737	1039
1154	1178
195	275
277	295
541	675
1024	1386
875	1047
938	956
872	1004
216	270
331	457
337	437
920	1124
445	501
957	1147
266	332
679	881
893	1137
883	1195
509	703
279	411
745	761
1056	1168
921	1197
209	277
1259	1363
311	373
216	244
180	228
360	498
447	465
361	489
928	1230
895	1287
993	1013
912	950
1096	1312
330	404
955	1375
727	983
765	1035
501	601
1258	1310
567	579
508	716
521	649
1075	1213
868	1104
650	748
920	1080
419	453
875	1161
900	1036
603	867
588	662
273	377
203	285
490	542
213	255
593	683
991	1117
894	950
850	1018
623	777
1014	1240
1284	1336
526	772
1107	1437
770	850
290	334
427	445
580	628
1024	1358
299	449
1037	1057
1022	1248
648	972
700	758
529	745
958	1038
289	425
572	822
697	1045
523	567
