HFSDDW
50	50	10
0	35	1	30	2	28	3	21	4	43	5	71	6	94	7	17	8	76	9	7
0	62	1	59	2	83	3	97	4	59	5	6	6	93	7	95	8	74	9	35
0	50	1	5	2	90	3	89	4	46	5	9	6	91	7	74	8	2	9	2
0	19	1	57	2	25	3	83	4	98	5	74	6	13	7	41	8	13	9	83
0	41	1	92	2	15	3	95	4	79	5	41	6	81	7	81	8	98	9	49
0	62	1	38	2	3	3	88	4	1	5	30	6	39	7	39	8	75	9	34
0	79	1	21	2	16	3	75	4	88	5	5	6	35	7	99	8	98	9	84
0	93	1	53	2	83	3	91	4	93	5	57	6	90	7	95	8	10	9	6
0	28	1	11	2	76	3	53	4	39	5	81	6	54	7	36	8	83	9	69
0	35	1	73	2	65	3	78	4	4	5	21	6	77	7	40	8	8	9	75
0	6	1	81	2	82	3	14	4	55	5	10	6	54	7	12	8	95	9	43
0	40	1	44	2	30	3	70	4	7	5	69	6	45	7	63	8	37	9	8
0	50	1	98	2	16	3	30	4	50	5	20	6	87	7	5	8	88	9	73
0	80	1	51	2	87	3	35	4	99	5	46	6	28	7	62	8	97	9	29
0	27	1	43	2	41	3	41	4	29	5	91	6	44	7	95	8	72	9	34
0	76	1	14	2	3	3	1	4	25	5	8	6	65	7	53	8	64	9	35
0	23	1	50	2	24	3	22	4	62	5	89	6	56	7	95	8	70	9	60
0	42	1	82	2	65	3	8	4	81	5	8	6	58	7	75	8	2	9	58
0	76	1	91	2	33	3	54	4	97	5	66	6	48	7	87	8	11	9	92
0	80	1	75	2	98	3	62	4	7	5	76	6	19	7	19	8	79	9	39
0	35	1	48	2	25	3	12	4	92	5	93	6	49	7	95	8	19	9	17
0	49	1	90	2	52	3	6	4	59	5	31	6	17	7	69	8	25	9	95
0	42	1	69	2	85	3	78	4	79	5	67	6	84	7	4	8	2	9	5
0	88	1	39	2	96	3	62	4	24	5	28	6	66	7	22	8	62	9	5
0	18	1	52	2	68	3	93	4	43	5	90	6	24	7	92	8	4	9	75
0	60	1	50	2	94	3	83	4	97	5	66	6	63	7	47	8	32	9	25
0	10	1	45	2	94	3	15	4	29	5	11	6	94	7	89	8	82	9	31
0	64	1	95	2	8	3	21	4	78	5	89	6	2	7	91	8	35	9	89
0	43	1	91	2	1	3	26	4	44	5	39	6	44	7	13	8	65	9	57
0	65	1	20	2	89	3	37	4	94	5	72	6	58	7	53	8	64	9	33
0	96	1	34	2	11	3	72	4	12	5	64	6	43	7	74	8	6	9	8
0	65	1	71	2	13	3	43	4	81	5	19	6	45	7	69	8	70	9	90
0	67	1	81	2	25	3	25	4	66	5	45	6	7	7	70	8	26	9	6
0	32	1	48	2	28	3	3	4	93	5	10	6	80	7	28	8	15	9	80
0	95	1	69	2	8	3	57	4	92	5	93	6	7	7	46	8	55	9	76
0	28	1	88	2	82	3	74	4	66	5	15	6	9	7	85	8	7	9	66
0	58	1	72	2	49	3	1	4	75	5	17	6	44	7	10	8	50	9	72
0	38	1	17	2	55	3	90	4	94	5	97	6	73	7	67	8	32	9	73
0	38	1	60	2	15	3	49	4	77	5	43	6	65	7	53	8	37	9	78
0	1	1	94	2	22	3	48	4	22	5	24	6	21	7	8	8	82	9	76
0	49	1	96	2	96	3	83	4	39	5	11	6	34	7	92	8	80	9	68
0	41	1	42	2	54	3	34	4	28	5	98	6	58	7	99	8	23	9	32
0	52	1	91	2	73	3	71	4	72	5	43	6	95	7	7	8	68	9	71
0	77	1	66	2	85	3	56	4	24	5	41	6	63	7	32	8	11	9	67
0	10	1	72	2	72	3	68	4	37	5	59	6	41	7	88	8	20	9	24
0	65	1	21	2	84	3	50	4	24	5	58	6	24	7	25	8	12	9	96
0	15	1	28	2	24	3	10	4	91	5	75	6	56	7	97	8	10	9	86
0	35	1	27	2	89	3	56	4	23	5	79	6	19	7	6	8	35	9	13
0	2	1	8	2	86	3	45	4	6	5	57	6	82	7	36	8	32	9	66
0	18	1	39	2	21	3	14	4	52	5	82	6	49	7	63	8	77	9	62
LBCmax: 863
RELDUE
-1	0	4	7
-1	290	6	4
-1	591	7	8
-1	201	8	4
-1	680	6	9
-1	250	3	5
-1	176	3	8
-1	162	2	8
-1	148	9	2
-1	301	8	4
-1	252	8	8
-1	67	3	4
-1	692	1	4
-1	762	2	8
-1	729	2	7
-1	0	5	8
-1	263	6	6
-1	595	9	6
-1	0	9	8
-1	210	1	3
-1	717	8	9
-1	91	8	6
-1	477	4	7
-1	288	3	2
-1	506	7	4
-1	746	2	3
-1	0	4	8
-1	568	7	5
-1	0	5	2
-1	267	4	3
-1	175	7	1
-1	393	2	9
-1	161	4	5
-1	544	9	6
-1	1	8	5
-1	416	8	1
-1	167	2	6
-1	376	6	8
-1	399	9	6
-1	488	1	4
-1	142	2	9
-1	373	1	7
-1	0	6	2
-1	669	5	7
-1	147	9	5
-1	0	2	7
-1	332	5	7
-1	105	6	8
-1	84	7	9
-1	301	2	8
DDW
0	0
270	310
567	615
197	205
639	721
248	252
172	180
149	175
144	152
274	328
237	267
61	73
678	706
686	838
714	744
0	0
237	289
565	625
0	0
204	216
645	789
88	94
439	515
274	302
481	531
731	761
0	0
545	591
0	0
246	288
173	177
389	397
155	167
528	560
1	1
395	437
157	177
342	410
391	407
464	512
128	156
343	403
0	0
662	676
134	160
0	0
312	352
99	111
79	89
277	325
