HFSDDW
50	25	5
0	88	1	16	2	49	3	16	4	8
0	68	1	44	2	76	3	34	4	35
0	56	1	27	2	86	3	11	4	60
0	14	1	78	2	83	3	61	4	95
0	3	1	85	2	1	3	19	4	11
0	5	1	13	2	80	3	67	4	26
0	26	1	45	2	62	3	84	4	62
0	47	1	17	2	86	3	38	4	90
0	6	1	63	2	65	3	34	4	67
0	92	1	81	2	85	3	41	4	27
0	99	1	67	2	23	3	69	4	35
0	4	1	16	2	30	3	5	4	4
0	56	1	64	2	9	3	9	4	10
0	12	1	65	2	2	3	49	4	13
0	96	1	92	2	46	3	71	4	90
0	40	1	20	2	67	3	52	4	18
0	24	1	27	2	39	3	41	4	27
0	59	1	23	2	92	3	50	4	59
0	32	1	86	2	81	3	35	4	35
0	41	1	55	2	57	3	25	4	56
0	28	1	79	2	36	3	28	4	30
0	7	1	21	2	51	3	79	4	95
0	83	1	48	2	78	3	87	4	80
0	29	1	25	2	68	3	81	4	50
0	89	1	72	2	52	3	90	4	81
0	10	1	11	2	11	3	37	4	49
0	85	1	63	2	43	3	95	4	89
0	44	1	90	2	12	3	11	4	20
0	38	1	71	2	14	3	54	4	75
0	83	1	9	2	94	3	55	4	6
0	17	1	86	2	75	3	74	4	67
0	56	1	28	2	46	3	46	4	20
0	96	1	10	2	15	3	30	4	11
0	20	1	6	2	82	3	97	4	36
0	39	1	14	2	57	3	62	4	13
0	18	1	59	2	97	3	15	4	97
0	2	1	17	2	56	3	32	4	33
0	98	1	88	2	68	3	29	4	34
0	17	1	45	2	65	3	90	4	23
0	28	1	56	2	84	3	44	4	56
0	78	1	26	2	96	3	19	4	66
0	4	1	30	2	13	3	62	4	49
0	97	1	30	2	31	3	49	4	19
0	79	1	54	2	83	3	96	4	12
0	32	1	37	2	53	3	64	4	20
0	93	1	48	2	66	3	39	4	84
0	62	1	74	2	53	3	59	4	20
0	75	1	21	2	38	3	65	4	30
0	68	1	75	2	7	3	80	4	37
0	86	1	15	2	17	3	72	4	44
LBCmax: 607
RELDUE
-1	391	1	4
-1	379	8	3
-1	471	8	6
-1	133	5	2
-1	83	8	7
-1	186	1	9
-1	380	1	6
-1	135	9	3
-1	538	7	8
-1	382	7	9
-1	273	4	6
-1	327	4	5
-1	388	4	7
-1	410	7	3
-1	467	9	4
-1	76	6	1
-1	406	8	2
-1	374	3	4
-1	112	4	6
-1	204	2	5
-1	299	4	6
-1	34	3	7
-1	53	7	1
-1	343	8	7
-1	204	9	5
-1	285	4	3
-1	124	6	9
-1	384	8	5
-1	105	1	4
-1	144	8	2
-1	421	8	3
-1	131	3	5
-1	510	1	1
-1	520	2	9
-1	0	4	6
-1	482	8	1
-1	467	7	2
-1	68	6	7
-1	153	3	7
-1	421	8	4
-1	0	8	1
-1	475	3	4
-1	177	1	3
-1	498	4	8
-1	394	4	7
-1	0	3	1
-1	0	8	9
-1	115	7	1
-1	505	4	8
-1	24	6	6
DDW
325	457
307	451
438	504
121	145
71	95
173	199
334	426
123	147
500	576
374	390
254	292
301	353
341	435
369	451
439	495
63	89
325	487
307	441
101	123
171	237
257	341
32	36
47	59
295	391
192	216
239	331
117	131
330	438
94	116
128	160
392	450
121	141
495	525
499	541
0	0
386	578
402	532
56	80
132	174
358	484
0	0
380	570
158	196
468	528
359	429
0	0
0	0
108	122
429	581
20	28
