HFSDDW
50	15	5
0	26	1	53	2	45	3	62	4	18
0	56	1	69	2	40	3	53	4	33
0	27	1	69	2	71	3	70	4	2
0	4	1	98	2	16	3	85	4	32
0	73	1	38	2	67	3	40	4	24
0	88	1	14	2	19	3	40	4	23
0	43	1	63	2	23	3	39	4	41
0	37	1	25	2	84	3	63	4	99
0	70	1	33	2	41	3	11	4	20
0	27	1	44	2	66	3	60	4	75
0	89	1	49	2	31	3	62	4	69
0	87	1	86	2	5	3	39	4	29
0	42	1	51	2	99	3	30	4	90
0	64	1	47	2	32	3	30	4	64
0	78	1	15	2	53	3	86	4	61
0	41	1	97	2	56	3	21	4	96
0	44	1	48	2	59	3	64	4	34
0	93	1	33	2	60	3	70	4	54
0	51	1	20	2	46	3	34	4	57
0	20	1	33	2	11	3	20	4	55
0	80	1	13	2	37	3	95	4	96
0	74	1	96	2	44	3	2	4	29
0	90	1	30	2	84	3	42	4	84
0	94	1	92	2	36	3	96	4	97
0	31	1	86	2	62	3	76	4	14
0	59	1	69	2	19	3	30	4	42
0	8	1	86	2	36	3	65	4	16
0	32	1	11	2	63	3	67	4	59
0	97	1	89	2	59	3	41	4	63
0	21	1	35	2	4	3	49	4	63
0	27	1	97	2	15	3	23	4	25
0	94	1	50	2	61	3	81	4	38
0	6	1	77	2	15	3	59	4	21
0	5	1	93	2	19	3	26	4	53
0	83	1	29	2	68	3	38	4	99
0	42	1	27	2	21	3	13	4	92
0	24	1	66	2	70	3	66	4	15
0	11	1	72	2	14	3	41	4	22
0	81	1	50	2	81	3	30	4	54
0	21	1	75	2	99	3	20	4	59
0	28	1	17	2	77	3	96	4	79
0	97	1	29	2	76	3	24	4	83
0	67	1	30	2	48	3	89	4	14
0	39	1	8	2	48	3	45	4	11
0	33	1	80	2	78	3	5	4	71
0	34	1	48	2	39	3	83	4	79
0	67	1	27	2	2	3	54	4	65
0	8	1	88	2	73	3	86	4	18
0	82	1	95	2	90	3	58	4	55
0	52	1	2	2	92	3	16	4	15
LBCmax: 960
RELDUE
-1	505	3	1
-1	531	7	1
-1	586	6	8
-1	498	6	3
-1	531	8	9
-1	572	6	2
-1	552	3	1
-1	621	2	9
-1	529	7	3
-1	568	8	7
-1	576	7	4
-1	653	7	1
-1	659	4	4
-1	565	8	2
-1	510	6	4
-1	557	4	5
-1	535	8	4
-1	662	9	3
-1	526	8	2
-1	492	1	8
-1	578	7	4
-1	546	1	4
-1	598	6	5
-1	532	9	4
-1	535	3	7
-1	551	3	8
-1	653	7	6
-1	519	5	8
-1	575	4	6
-1	515	7	3
-1	541	9	4
-1	586	7	4
-1	524	5	2
-1	613	4	9
-1	607	2	9
-1	557	1	5
-1	618	2	9
-1	656	1	3
-1	531	3	3
-1	513	5	8
-1	614	5	5
-1	508	9	8
-1	571	2	6
-1	558	7	2
-1	610	8	1
-1	657	8	3
-1	484	4	7
-1	567	9	3
-1	560	7	7
-1	508	8	5
DDW
490	520
526	536
551	621
458	538
457	605
486	658
486	618
522	720
455	603
540	596
501	651
640	666
639	679
463	667
423	597
507	607
482	588
549	775
489	563
394	590
532	624
513	579
592	604
527	537
524	546
457	645
633	673
472	566
466	684
443	587
487	595
516	656
472	576
607	619
522	692
507	607
593	643
577	735
504	558
472	554
491	737
503	513
514	628
480	636
549	671
558	756
469	499
505	629
454	666
452	564
