HFSDDW
50	50	10
0	77	1	40	2	73	3	82	4	1	5	1	6	53	7	33	8	13	9	65
0	22	1	29	2	18	3	72	4	41	5	11	6	18	7	55	8	56	9	89
0	30	1	95	2	46	3	92	4	88	5	57	6	7	7	94	8	56	9	21
0	14	1	77	2	22	3	42	4	65	5	7	6	21	7	81	8	30	9	16
0	77	1	77	2	55	3	24	4	92	5	78	6	65	7	73	8	89	9	60
0	24	1	82	2	2	3	22	4	43	5	81	6	94	7	81	8	93	9	44
0	94	1	58	2	76	3	91	4	51	5	45	6	7	7	76	8	8	9	35
0	89	1	37	2	26	3	40	4	13	5	53	6	40	7	22	8	99	9	11
0	91	1	33	2	6	3	96	4	97	5	32	6	75	7	99	8	98	9	83
0	13	1	40	2	87	3	85	4	22	5	19	6	1	7	64	8	73	9	48
0	71	1	88	2	66	3	54	4	70	5	86	6	57	7	61	8	10	9	89
0	41	1	72	2	81	3	83	4	53	5	62	6	52	7	80	8	93	9	19
0	69	1	7	2	78	3	24	4	23	5	50	6	49	7	40	8	19	9	93
0	53	1	76	2	49	3	52	4	40	5	3	6	66	7	51	8	26	9	11
0	75	1	15	2	90	3	10	4	42	5	40	6	58	7	5	8	33	9	60
0	66	1	21	2	70	3	54	4	78	5	64	6	11	7	42	8	32	9	20
0	38	1	17	2	43	3	16	4	37	5	65	6	23	7	29	8	43	9	51
0	95	1	2	2	54	3	82	4	44	5	55	6	17	7	68	8	82	9	82
0	91	1	45	2	8	3	58	4	27	5	32	6	6	7	95	8	74	9	76
0	91	1	24	2	20	3	6	4	73	5	58	6	71	7	74	8	73	9	77
0	17	1	30	2	61	3	82	4	65	5	65	6	66	7	88	8	10	9	23
0	47	1	43	2	60	3	49	4	29	5	92	6	10	7	84	8	88	9	5
0	59	1	28	2	55	3	67	4	59	5	71	6	82	7	48	8	9	9	86
0	83	1	42	2	95	3	5	4	65	5	62	6	84	7	26	8	93	9	62
0	66	1	18	2	85	3	51	4	29	5	49	6	63	7	70	8	77	9	81
0	49	1	87	2	86	3	69	4	19	5	89	6	74	7	93	8	23	9	93
0	83	1	18	2	79	3	24	4	39	5	6	6	48	7	56	8	84	9	66
0	8	1	83	2	90	3	27	4	38	5	41	6	42	7	4	8	39	9	10
0	8	1	12	2	71	3	28	4	37	5	96	6	56	7	26	8	85	9	76
0	88	1	90	2	3	3	1	4	78	5	48	6	39	7	62	8	13	9	23
0	2	1	8	2	85	3	12	4	73	5	65	6	96	7	59	8	31	9	78
0	48	1	71	2	55	3	13	4	85	5	71	6	47	7	52	8	86	9	43
0	49	1	22	2	70	3	9	4	77	5	18	6	81	7	90	8	48	9	90
0	2	1	79	2	91	3	16	4	9	5	99	6	26	7	59	8	54	9	72
0	99	1	97	2	95	3	8	4	28	5	17	6	36	7	89	8	15	9	7
0	1	1	87	2	75	3	70	4	74	5	80	6	38	7	77	8	34	9	56
0	84	1	7	2	11	3	40	4	76	5	68	6	80	7	39	8	5	9	85
0	46	1	87	2	97	3	15	4	43	5	52	6	27	7	62	8	80	9	61
0	82	1	91	2	76	3	42	4	89	5	15	6	5	7	22	8	42	9	29
0	62	1	48	2	26	3	98	4	87	5	92	6	86	7	55	8	32	9	60
0	37	1	96	2	85	3	29	4	61	5	14	6	89	7	61	8	27	9	23
0	53	1	75	2	97	3	73	4	73	5	92	6	31	7	69	8	51	9	61
0	64	1	59	2	97	3	75	4	24	5	97	6	62	7	99	8	27	9	51
0	65	1	71	2	31	3	20	4	24	5	85	6	7	7	47	8	80	9	76
0	26	1	43	2	94	3	20	4	75	5	86	6	51	7	52	8	25	9	95
0	62	1	17	2	4	3	70	4	96	5	78	6	99	7	10	8	6	9	64
0	51	1	90	2	34	3	76	4	57	5	82	6	45	7	77	8	50	9	88
0	86	1	83	2	89	3	75	4	36	5	21	6	64	7	78	8	1	9	37
0	46	1	11	2	74	3	32	4	88	5	49	6	68	7	60	8	24	9	45
0	86	1	96	2	42	3	17	4	25	5	36	6	10	7	19	8	63	9	93
LBCmax: 915
RELDUE
-1	533	2	1
-1	592	3	5
-1	460	8	6
-1	524	2	9
-1	473	4	2
-1	601	4	5
-1	508	8	4
-1	509	6	7
-1	521	1	1
-1	595	7	5
-1	483	3	7
-1	495	8	7
-1	474	8	7
-1	582	6	1
-1	490	7	4
-1	531	1	7
-1	485	7	6
-1	460	8	1
-1	617	2	6
-1	471	3	4
-1	483	5	1
-1	613	1	1
-1	555	7	6
-1	465	6	9
-1	459	8	6
-1	622	6	8
-1	533	1	5
-1	591	5	4
-1	549	3	5
-1	457	7	1
-1	477	9	2
-1	539	3	9
-1	484	2	7
-1	470	8	2
-1	632	5	6
-1	590	6	5
-1	472	7	3
-1	526	9	2
-1	498	7	7
-1	475	1	2
-1	495	2	7
-1	528	2	2
-1	503	7	2
-1	545	7	2
-1	513	2	4
-1	577	7	6
-1	617	9	3
-1	592	4	4
-1	637	8	1
-1	612	8	1
DDW
437	629
533	651
423	497
498	550
468	478
583	619
493	523
438	580
458	584
553	637
415	551
441	549
422	526
524	640
402	578
499	563
393	577
446	474
586	648
377	565
478	488
539	687
444	666
446	484
381	537
498	746
474	592
532	650
450	648
407	507
444	510
458	620
397	571
376	564
581	683
507	673
439	505
421	631
488	508
413	537
485	505
422	634
438	568
452	638
441	585
548	606
605	629
533	651
586	688
588	636
