HFSDDW
100	25	5
0	72	1	84	2	61	3	98	4	49
0	92	1	90	2	35	3	20	4	74
0	94	1	41	2	52	3	31	4	88
0	52	1	20	2	9	3	53	4	48
0	37	1	4	2	84	3	71	4	79
0	71	1	95	2	69	3	72	4	48
0	57	1	10	2	32	3	7	4	98
0	73	1	29	2	6	3	22	4	34
0	51	1	56	2	35	3	69	4	76
0	60	1	19	2	80	3	52	4	68
0	21	1	10	2	7	3	55	4	93
0	68	1	1	2	89	3	20	4	78
0	96	1	21	2	63	3	71	4	18
0	84	1	9	2	46	3	32	4	15
0	23	1	15	2	86	3	19	4	96
0	81	1	69	2	15	3	95	4	19
0	53	1	15	2	18	3	4	4	27
0	47	1	4	2	77	3	14	4	31
0	72	1	39	2	85	3	44	4	37
0	31	1	93	2	63	3	51	4	91
0	52	1	72	2	48	3	37	4	45
0	7	1	24	2	87	3	58	4	13
0	99	1	85	2	94	3	1	4	26
0	82	1	4	2	59	3	44	4	70
0	81	1	31	2	33	3	2	4	42
0	83	1	29	2	42	3	81	4	66
0	87	1	6	2	63	3	4	4	67
0	80	1	66	2	80	3	58	4	21
0	24	1	16	2	19	3	2	4	31
0	86	1	45	2	85	3	19	4	55
0	28	1	34	2	19	3	81	4	11
0	21	1	40	2	47	3	95	4	61
0	77	1	81	2	6	3	92	4	25
0	93	1	23	2	91	3	34	4	46
0	16	1	23	2	1	3	24	4	47
0	65	1	12	2	32	3	70	4	55
0	39	1	44	2	24	3	27	4	39
0	54	1	87	2	82	3	92	4	46
0	40	1	20	2	85	3	97	4	43
0	43	1	11	2	27	3	77	4	38
0	64	1	54	2	51	3	73	4	40
0	5	1	33	2	95	3	34	4	46
0	9	1	9	2	76	3	40	4	22
0	34	1	57	2	79	3	53	4	70
0	7	1	40	2	98	3	88	4	6
0	96	1	38	2	4	3	80	4	5
0	55	1	85	2	55	3	33	4	91
0	85	1	93	2	51	3	86	4	34
0	21	1	91	2	48	3	47	4	37
0	31	1	43	2	45	3	75	4	10
0	85	1	31	2	73	3	7	4	32
0	25	1	55	2	63	3	67	4	44
0	67	1	29	2	16	3	30	4	91
0	24	1	54	2	44	3	49	4	37
0	41	1	7	2	92	3	20	4	50
0	15	1	91	2	52	3	52	4	74
0	53	1	92	2	29	3	70	4	20
0	24	1	12	2	48	3	2	4	66
0	31	1	30	2	83	3	43	4	67
0	91	1	75	2	19	3	55	4	13
0	77	1	99	2	96	3	39	4	69
0	78	1	39	2	54	3	56	4	17
0	34	1	4	2	12	3	92	4	90
0	74	1	1	2	46	3	11	4	68
0	13	1	6	2	42	3	82	4	6
0	11	1	24	2	50	3	52	4	58
0	39	1	72	2	96	3	39	4	97
0	53	1	95	2	90	3	1	4	41
0	85	1	57	2	92	3	85	4	33
0	28	1	19	2	90	3	52	4	92
0	91	1	30	2	9	3	87	4	1
0	71	1	58	2	15	3	33	4	59
0	55	1	89	2	3	3	98	4	77
0	61	1	7	2	72	3	95	4	38
0	79	1	10	2	45	3	69	4	82
0	55	1	14	2	57	3	49	4	78
0	91	1	33	2	97	3	59	4	67
0	10	1	64	2	9	3	39	4	27
0	95	1	80	2	58	3	41	4	86
0	95	1	55	2	93	3	8	4	72
0	21	1	47	2	95	3	15	4	14
0	81	1	84	2	39	3	5	4	45
0	57	1	2	2	66	3	54	4	68
0	23	1	91	2	43	3	32	4	68
0	96	1	98	2	34	3	68	4	43
0	98	1	52	2	4	3	83	4	87
0	1	1	21	2	49	3	76	4	58
0	45	1	37	2	83	3	45	4	85
0	25	1	25	2	4	3	93	4	69
0	94	1	15	2	4	3	73	4	63
0	5	1	12	2	62	3	40	4	76
0	23	1	13	2	27	3	72	4	16
0	29	1	81	2	56	3	18	4	45
0	37	1	52	2	89	3	96	4	23
0	85	1	9	2	97	3	46	4	44
0	71	1	94	2	40	3	99	4	48
0	83	1	49	2	30	3	20	4	82
0	88	1	58	2	9	3	1	4	35
0	32	1	10	2	12	3	30	4	57
0	44	1	69	2	85	3	49	4	32
LBCmax: 1187
RELDUE
-1	891	7	2
-1	774	7	3
-1	642	4	2
-1	955	4	1
-1	1148	1	2
-1	1274	7	4
-1	695	9	3
-1	706	1	8
-1	1279	7	2
-1	625	9	3
-1	793	6	8
-1	1117	5	1
-1	790	5	4
-1	760	5	5
-1	820	6	6
-1	1165	2	2
-1	954	9	7
-1	851	6	7
-1	845	4	5
-1	997	7	8
-1	1155	3	6
-1	901	8	9
-1	1226	4	7
-1	1033	1	9
-1	1244	3	1
-1	1137	5	1
-1	1289	3	6
-1	1076	3	9
-1	1230	7	6
-1	1306	7	9
-1	608	7	8
-1	658	4	5
-1	1238	9	5
-1	1075	5	3
-1	640	7	4
-1	1008	5	3
-1	890	4	1
-1	1160	1	1
-1	891	9	5
-1	1216	7	7
-1	1119	4	6
-1	896	2	6
-1	684	1	2
-1	1279	8	4
-1	642	4	7
-1	1008	9	7
-1	1177	7	8
-1	1219	2	5
-1	1293	2	4
-1	1140	1	8
-1	1256	3	8
-1	829	3	9
-1	950	5	2
-1	1253	6	3
-1	972	6	3
-1	1297	9	3
-1	854	9	9
-1	916	6	2
-1	1017	6	8
-1	604	5	8
-1	1291	7	1
-1	925	8	1
-1	783	4	7
-1	1279	6	6
-1	609	9	6
-1	727	8	6
-1	1185	5	8
-1	1022	4	5
-1	713	3	3
-1	1118	1	8
-1	867	6	6
-1	1101	8	2
-1	1266	7	7
-1	936	8	7
-1	1185	2	1
-1	851	8	3
-1	809	8	3
-1	1254	2	3
-1	984	9	3
-1	829	6	8
-1	1266	6	1
-1	663	4	1
-1	1090	4	3
-1	683	8	1
-1	643	6	1
-1	1086	8	4
-1	1015	8	6
-1	1292	2	1
-1	696	3	7
-1	649	3	7
-1	747	8	8
-1	1281	4	8
-1	736	7	6
-1	880	7	3
-1	1231	7	2
-1	786	6	1
-1	706	6	3
-1	712	3	5
-1	1262	3	8
-1	1221	7	4
DDW
811	971
712	836
629	655
936	974
1114	1182
1210	1338
660	730
685	727
1266	1292
612	638
714	872
1083	1151
711	869
684	836
738	902
1072	1258
897	1011
808	894
820	870
917	1077
1086	1224
847	955
1165	1287
992	1074
1182	1306
1046	1228
1186	1392
1011	1141
1181	1279
1215	1397
559	657
625	691
1114	1362
978	1172
582	698
988	1028
828	952
1114	1206
829	953
1167	1265
1097	1141
851	941
663	705
1202	1356
629	655
968	1048
1153	1201
1121	1317
1241	1345
1072	1208
1130	1382
754	904
893	1007
1240	1266
885	1059
1245	1349
820	888
843	989
946	1088
574	634
1201	1381
842	1008
705	861
1228	1330
585	633
683	771
1149	1221
1002	1042
699	727
1017	1219
858	876
1068	1134
1165	1367
842	1030
1102	1268
842	860
777	841
1141	1367
954	1014
812	846
1177	1355
656	670
1057	1123
628	738
592	694
977	1195
914	1116
1163	1421
689	703
617	681
687	807
1166	1396
684	788
854	906
1133	1329
762	810
664	748
648	776
1224	1300
1136	1306
