HFSDDW
100	30	10
0	51	1	40	2	73	3	76	4	25	5	98	6	6	7	72	8	70	9	80
0	8	1	52	2	4	3	30	4	28	5	9	6	27	7	34	8	24	9	79
0	1	1	58	2	53	3	84	4	69	5	93	6	81	7	22	8	48	9	36
0	29	1	19	2	45	3	37	4	81	5	28	6	73	7	44	8	68	9	44
0	81	1	54	2	23	3	34	4	8	5	60	6	30	7	52	8	73	9	49
0	76	1	46	2	95	3	95	4	83	5	93	6	87	7	88	8	7	9	31
0	17	1	83	2	24	3	34	4	52	5	89	6	7	7	66	8	49	9	1
0	35	1	83	2	66	3	79	4	98	5	46	6	35	7	20	8	77	9	9
0	63	1	30	2	48	3	99	4	59	5	82	6	23	7	50	8	53	9	88
0	41	1	85	2	37	3	37	4	28	5	97	6	30	7	89	8	82	9	18
0	54	1	64	2	4	3	73	4	14	5	93	6	80	7	16	8	97	9	37
0	58	1	67	2	12	3	98	4	67	5	86	6	36	7	25	8	74	9	69
0	67	1	57	2	13	3	61	4	60	5	50	6	46	7	29	8	52	9	2
0	16	1	45	2	38	3	59	4	54	5	99	6	27	7	75	8	85	9	66
0	2	1	7	2	52	3	17	4	30	5	73	6	73	7	39	8	70	9	41
0	62	1	6	2	15	3	13	4	51	5	97	6	51	7	42	8	13	9	64
0	48	1	52	2	64	3	96	4	21	5	14	6	29	7	53	8	44	9	67
0	60	1	60	2	39	3	9	4	67	5	60	6	5	7	96	8	32	9	86
0	77	1	8	2	58	3	11	4	39	5	11	6	31	7	26	8	8	9	57
0	49	1	84	2	62	3	22	4	18	5	50	6	43	7	56	8	95	9	16
0	45	1	21	2	94	3	3	4	81	5	2	6	66	7	7	8	45	9	90
0	92	1	54	2	11	3	27	4	87	5	41	6	93	7	53	8	57	9	11
0	82	1	4	2	45	3	87	4	19	5	75	6	97	7	18	8	90	9	17
0	18	1	49	2	2	3	16	4	42	5	56	6	13	7	56	8	29	9	38
0	44	1	25	2	80	3	17	4	64	5	95	6	73	7	36	8	35	9	77
0	57	1	89	2	98	3	84	4	33	5	41	6	75	7	7	8	84	9	7
0	5	1	49	2	16	3	29	4	73	5	44	6	52	7	95	8	85	9	31
0	28	1	37	2	25	3	20	4	66	5	58	6	24	7	28	8	24	9	23
0	2	1	62	2	82	3	13	4	60	5	29	6	50	7	18	8	82	9	2
0	81	1	7	2	71	3	23	4	33	5	94	6	9	7	52	8	44	9	20
0	44	1	77	2	51	3	5	4	50	5	20	6	64	7	79	8	18	9	75
0	17	1	48	2	83	3	61	4	5	5	43	6	66	7	3	8	68	9	45
0	94	1	35	2	14	3	83	4	49	5	22	6	65	7	2	8	86	9	71
0	49	1	72	2	83	3	4	4	79	5	24	6	11	7	78	8	63	9	41
0	64	1	71	2	99	3	7	4	84	5	33	6	23	7	11	8	18	9	90
0	29	1	7	2	83	3	99	4	26	5	10	6	64	7	67	8	55	9	29
0	54	1	63	2	93	3	46	4	26	5	44	6	64	7	80	8	82	9	80
0	32	1	88	2	40	3	28	4	80	5	23	6	35	7	7	8	99	9	17
0	98	1	55	2	83	3	95	4	43	5	43	6	89	7	84	8	77	9	70
0	60	1	44	2	23	3	34	4	86	5	2	6	78	7	53	8	81	9	41
0	68	1	42	2	29	3	38	4	59	5	40	6	67	7	56	8	19	9	3
0	74	1	57	2	68	3	39	4	30	5	98	6	79	7	97	8	3	9	82
0	55	1	80	2	3	3	12	4	21	5	88	6	65	7	6	8	41	9	79
0	45	1	81	2	26	3	58	4	48	5	57	6	27	7	46	8	37	9	4
0	75	1	33	2	65	3	74	4	95	5	4	6	75	7	84	8	4	9	88
0	23	1	80	2	50	3	98	4	85	5	88	6	39	7	17	8	18	9	71
0	74	1	62	2	15	3	39	4	58	5	92	6	32	7	10	8	90	9	73
0	71	1	33	2	61	3	99	4	8	5	22	6	15	7	29	8	16	9	17
0	13	1	80	2	2	3	53	4	57	5	65	6	31	7	27	8	73	9	59
0	18	1	11	2	29	3	65	4	29	5	14	6	19	7	27	8	17	9	4
0	71	1	66	2	94	3	31	4	17	5	89	6	20	7	51	8	91	9	64
0	74	1	11	2	1	3	1	4	59	5	93	6	60	7	62	8	82	9	92
0	61	1	6	2	37	3	32	4	56	5	61	6	5	7	95	8	70	9	93
0	4	1	88	2	12	3	13	4	46	5	46	6	86	7	71	8	36	9	68
0	45	1	80	2	35	3	10	4	84	5	7	6	10	7	28	8	7	9	36
0	53	1	56	2	44	3	24	4	42	5	66	6	30	7	62	8	74	9	55
0	84	1	24	2	80	3	97	4	60	5	86	6	98	7	88	8	55	9	13
0	7	1	89	2	26	3	15	4	47	5	81	6	70	7	28	8	47	9	50
0	51	1	76	2	88	3	35	4	41	5	48	6	44	7	88	8	71	9	79
0	17	1	25	2	96	3	81	4	83	5	22	6	1	7	37	8	49	9	98
0	8	1	22	2	73	3	94	4	29	5	63	6	30	7	30	8	76	9	61
0	95	1	2	2	16	3	25	4	4	5	9	6	35	7	45	8	57	9	13
0	42	1	11	2	17	3	75	4	95	5	82	6	92	7	45	8	32	9	26
0	80	1	34	2	78	3	49	4	42	5	30	6	3	7	94	8	7	9	77
0	18	1	15	2	12	3	11	4	84	5	16	6	9	7	72	8	77	9	74
0	86	1	55	2	79	3	37	4	56	5	96	6	5	7	98	8	99	9	46
0	71	1	85	2	97	3	51	4	80	5	62	6	24	7	67	8	83	9	74
0	6	1	41	2	39	3	80	4	94	5	28	6	99	7	7	8	90	9	80
0	73	1	21	2	68	3	57	4	40	5	26	6	54	7	42	8	92	9	45
0	25	1	5	2	94	3	60	4	7	5	33	6	17	7	60	8	30	9	23
0	91	1	42	2	89	3	3	4	69	5	45	6	16	7	99	8	42	9	28
0	97	1	98	2	8	3	20	4	72	5	50	6	18	7	41	8	11	9	54
0	8	1	82	2	74	3	38	4	50	5	2	6	46	7	78	8	74	9	62
0	12	1	39	2	76	3	68	4	88	5	32	6	32	7	65	8	87	9	94
0	10	1	55	2	99	3	64	4	48	5	27	6	96	7	75	8	87	9	56
0	16	1	75	2	49	3	76	4	15	5	10	6	67	7	51	8	53	9	68
0	98	1	37	2	26	3	79	4	17	5	58	6	22	7	40	8	31	9	41
0	19	1	52	2	53	3	17	4	45	5	53	6	82	7	10	8	90	9	23
0	5	1	70	2	91	3	18	4	47	5	36	6	89	7	1	8	54	9	79
0	64	1	81	2	12	3	20	4	96	5	72	6	29	7	20	8	48	9	89
0	5	1	57	2	45	3	47	4	38	5	63	6	22	7	33	8	31	9	61
0	27	1	57	2	60	3	30	4	63	5	28	6	46	7	8	8	33	9	81
0	68	1	22	2	86	3	52	4	76	5	38	6	41	7	34	8	20	9	72
0	24	1	62	2	62	3	2	4	19	5	48	6	26	7	44	8	80	9	84
0	14	1	56	2	69	3	92	4	52	5	7	6	21	7	81	8	56	9	68
0	26	1	22	2	87	3	66	4	22	5	83	6	71	7	93	8	71	9	99
0	22	1	88	2	14	3	59	4	37	5	65	6	95	7	59	8	12	9	16
0	3	1	3	2	27	3	49	4	68	5	12	6	52	7	93	8	1	9	69
0	17	1	60	2	77	3	52	4	46	5	3	6	75	7	95	8	79	9	36
0	77	1	33	2	73	3	80	4	62	5	26	6	43	7	11	8	55	9	87
0	12	1	61	2	69	3	41	4	66	5	24	6	95	7	39	8	98	9	10
0	32	1	77	2	93	3	2	4	83	5	62	6	11	7	62	8	13	9	35
0	89	1	99	2	79	3	76	4	38	5	69	6	29	7	46	8	86	9	43
0	68	1	41	2	38	3	13	4	57	5	55	6	90	7	37	8	85	9	22
0	8	1	36	2	97	3	70	4	4	5	99	6	40	7	71	8	97	9	1
0	15	1	81	2	98	3	21	4	97	5	13	6	82	7	93	8	3	9	97
0	95	1	49	2	53	3	56	4	41	5	90	6	40	7	80	8	44	9	28
0	71	1	73	2	76	3	90	4	28	5	54	6	3	7	10	8	72	9	39
0	30	1	57	2	48	3	85	4	28	5	87	6	43	7	17	8	16	9	45
0	73	1	97	2	34	3	88	4	27	5	58	6	83	7	41	8	29	9	14
LBCmax: 2048
RELDUE
-1	1678	1	2
-1	1679	8	2
-1	1545	8	4
-1	1722	1	7
-1	1555	1	6
-1	1602	4	1
-1	1453	6	6
-1	1465	6	3
-1	1815	5	7
-1	1611	2	2
-1	1474	9	8
-1	1731	7	4
-1	1520	3	1
-1	1696	6	1
-1	1711	6	1
-1	1590	2	9
-1	1435	9	7
-1	1709	4	8
-1	1550	8	5
-1	1655	9	7
-1	1626	5	8
-1	1527	1	4
-1	1697	1	7
-1	1840	4	9
-1	1654	4	5
-1	1735	2	3
-1	1595	8	8
-1	1796	8	3
-1	1694	4	4
-1	1718	9	7
-1	1724	7	9
-1	1685	2	9
-1	1764	4	4
-1	1673	1	8
-1	1757	2	7
-1	1718	5	1
-1	1557	7	4
-1	1754	7	2
-1	1663	8	4
-1	1788	4	5
-1	1772	7	6
-1	1580	7	1
-1	1532	8	9
-1	1730	1	1
-1	1579	8	2
-1	1438	4	4
-1	1746	5	2
-1	1721	1	6
-1	1517	6	1
-1	1797	9	6
-1	1671	6	5
-1	1499	8	7
-1	1484	1	2
-1	1741	5	5
-1	1708	2	7
-1	1585	4	1
-1	1825	1	5
-1	1549	1	2
-1	1501	3	1
-1	1663	2	4
-1	1440	3	9
-1	1500	9	9
-1	1614	3	1
-1	1530	5	5
-1	1731	4	2
-1	1632	6	8
-1	1810	4	7
-1	1691	9	2
-1	1783	8	1
-1	1836	1	7
-1	1467	5	6
-1	1525	9	2
-1	1479	8	4
-1	1606	4	1
-1	1726	2	8
-1	1480	3	6
-1	1838	9	6
-1	1811	3	6
-1	1694	5	8
-1	1650	4	9
-1	1833	6	9
-1	1718	2	1
-1	1713	2	6
-1	1741	7	3
-1	1481	5	8
-1	1658	3	2
-1	1634	1	4
-1	1457	9	7
-1	1808	1	8
-1	1605	2	9
-1	1737	6	5
-1	1442	4	5
-1	1686	8	9
-1	1434	8	7
-1	1781	4	3
-1	1705	7	1
-1	1809	7	1
-1	1436	1	6
-1	1842	4	9
-1	1791	1	2
DDW
1561	1795
1645	1713
1452	1638
1670	1774
1446	1664
1570	1634
1380	1526
1377	1553
1670	1960
1514	1708
1386	1562
1593	1869
1429	1611
1628	1764
1643	1779
1558	1622
1349	1521
1572	1846
1504	1596
1622	1688
1496	1756
1374	1680
1544	1850
1803	1877
1621	1687
1683	1787
1499	1691
1778	1814
1626	1762
1649	1787
1655	1793
1668	1702
1641	1887
1506	1840
1687	1827
1632	1804
1401	1713
1719	1789
1513	1813
1663	1913
1666	1878
1517	1643
1517	1547
1574	1886
1453	1705
1294	1582
1659	1833
1652	1790
1411	1623
1617	1977
1654	1688
1394	1604
1365	1603
1567	1915
1623	1793
1458	1712
1752	1898
1487	1611
1486	1516
1596	1730
1354	1526
1440	1560
1566	1662
1469	1591
1679	1783
1534	1730
1792	1828
1573	1809
1765	1801
1671	2001
1438	1496
1464	1586
1346	1612
1510	1702
1605	1847
1421	1539
1673	2003
1630	1992
1609	1779
1600	1700
1686	1980
1684	1752
1627	1799
1671	1811
1422	1540
1525	1791
1569	1699
1355	1559
1718	1898
1493	1717
1702	1772
1341	1543
1669	1703
1362	1506
1745	1817
1671	1739
1773	1845
1335	1537
1713	1971
1737	1845
