HFSDDW
100	15	5
0	73	1	42	2	48	3	23	4	7
0	65	1	36	2	41	3	20	4	85
0	96	1	1	2	97	3	62	4	75
0	95	1	27	2	70	3	54	4	95
0	80	1	33	2	10	3	78	4	50
0	55	1	85	2	6	3	37	4	48
0	84	1	28	2	59	3	95	4	73
0	3	1	5	2	82	3	97	4	98
0	34	1	65	2	99	3	20	4	86
0	99	1	80	2	74	3	36	4	33
0	70	1	24	2	90	3	80	4	98
0	41	1	32	2	70	3	73	4	52
0	79	1	31	2	4	3	71	4	1
0	68	1	42	2	3	3	89	4	72
0	91	1	45	2	73	3	56	4	61
0	15	1	33	2	90	3	91	4	50
0	74	1	12	2	70	3	5	4	77
0	61	1	37	2	79	3	97	4	32
0	70	1	34	2	9	3	46	4	19
0	4	1	61	2	28	3	19	4	18
0	58	1	78	2	84	3	63	4	41
0	26	1	51	2	35	3	19	4	83
0	8	1	42	2	79	3	23	4	77
0	68	1	60	2	98	3	94	4	40
0	32	1	63	2	5	3	57	4	3
0	57	1	36	2	28	3	37	4	57
0	54	1	5	2	71	3	74	4	92
0	96	1	27	2	7	3	63	4	52
0	10	1	2	2	60	3	14	4	25
0	29	1	55	2	86	3	68	4	51
0	43	1	63	2	34	3	78	4	85
0	94	1	73	2	27	3	60	4	84
0	89	1	24	2	98	3	62	4	30
0	4	1	70	2	5	3	30	4	81
0	41	1	53	2	35	3	42	4	30
0	30	1	4	2	91	3	33	4	74
0	3	1	50	2	59	3	85	4	14
0	91	1	70	2	92	3	88	4	98
0	23	1	99	2	47	3	79	4	62
0	86	1	4	2	97	3	84	4	21
0	58	1	50	2	57	3	87	4	10
0	89	1	28	2	92	3	49	4	55
0	91	1	82	2	94	3	86	4	81
0	40	1	64	2	13	3	48	4	39
0	33	1	78	2	17	3	32	4	59
0	42	1	7	2	56	3	79	4	44
0	27	1	6	2	7	3	12	4	17
0	52	1	93	2	72	3	76	4	24
0	63	1	78	2	44	3	33	4	7
0	40	1	6	2	60	3	97	4	23
0	23	1	91	2	50	3	46	4	88
0	79	1	34	2	25	3	29	4	68
0	83	1	71	2	13	3	6	4	29
0	86	1	75	2	82	3	70	4	29
0	47	1	92	2	37	3	24	4	75
0	54	1	34	2	83	3	25	4	19
0	37	1	47	2	58	3	57	4	22
0	35	1	55	2	61	3	24	4	37
0	19	1	68	2	43	3	9	4	41
0	92	1	65	2	39	3	4	4	21
0	64	1	24	2	90	3	69	4	76
0	30	1	55	2	27	3	70	4	34
0	46	1	50	2	1	3	10	4	31
0	37	1	14	2	56	3	84	4	94
0	31	1	15	2	58	3	34	4	11
0	79	1	49	2	29	3	82	4	83
0	89	1	95	2	79	3	5	4	54
0	14	1	56	2	89	3	80	4	91
0	79	1	28	2	90	3	89	4	91
0	68	1	67	2	33	3	77	4	5
0	78	1	10	2	55	3	10	4	89
0	50	1	65	2	56	3	59	4	97
0	80	1	27	2	44	3	87	4	45
0	50	1	71	2	96	3	56	4	18
0	80	1	25	2	75	3	92	4	15
0	3	1	24	2	68	3	43	4	42
0	12	1	17	2	51	3	78	4	5
0	80	1	40	2	70	3	15	4	4
0	48	1	99	2	31	3	83	4	12
0	53	1	84	2	3	3	45	4	41
0	97	1	71	2	77	3	60	4	25
0	54	1	34	2	63	3	94	4	86
0	26	1	96	2	14	3	17	4	85
0	64	1	76	2	66	3	83	4	65
0	10	1	1	2	81	3	52	4	69
0	80	1	94	2	92	3	80	4	62
0	19	1	22	2	24	3	2	4	45
0	41	1	39	2	91	3	53	4	50
0	47	1	77	2	75	3	29	4	78
0	52	1	86	2	14	3	98	4	48
0	77	1	18	2	19	3	79	4	31
0	96	1	90	2	25	3	91	4	44
0	60	1	41	2	82	3	33	4	67
0	5	1	72	2	13	3	72	4	45
0	25	1	84	2	13	3	33	4	19
0	33	1	25	2	52	3	74	4	17
0	94	1	80	2	94	3	33	4	84
0	2	1	3	2	45	3	70	4	48
0	50	1	15	2	99	3	10	4	90
0	6	1	95	2	43	3	62	4	73
LBCmax: 1895
RELDUE
-1	1853	6	2
-1	1787	8	3
-1	1421	7	5
-1	1550	1	4
-1	1209	3	8
-1	1999	1	6
-1	998	7	7
-1	1926	7	5
-1	1641	6	2
-1	2072	9	7
-1	1767	1	5
-1	1377	2	5
-1	1515	4	2
-1	1792	3	4
-1	1517	7	7
-1	1853	2	1
-1	1483	6	6
-1	1512	2	3
-1	1498	7	2
-1	1692	6	1
-1	970	8	5
-1	1263	6	4
-1	1424	8	3
-1	1226	5	1
-1	2024	3	4
-1	1061	4	6
-1	1916	4	4
-1	987	8	2
-1	1434	9	4
-1	1097	8	5
-1	1371	3	6
-1	1882	6	6
-1	1976	7	9
-1	960	1	1
-1	1371	6	4
-1	1178	7	4
-1	1387	5	9
-1	1416	8	5
-1	1057	8	7
-1	1995	7	2
-1	2053	6	2
-1	1133	2	4
-1	1898	3	5
-1	1761	6	2
-1	1807	8	1
-1	1091	3	4
-1	1683	3	2
-1	1237	7	3
-1	1621	8	1
-1	1070	7	8
-1	1609	3	5
-1	1464	5	9
-1	2021	6	9
-1	2045	2	5
-1	1760	6	3
-1	1537	3	2
-1	1309	6	7
-1	1142	8	2
-1	1611	5	3
-1	1094	3	3
-1	1030	4	8
-1	958	3	5
-1	1439	1	4
-1	1491	2	4
-1	1648	2	6
-1	1971	7	7
-1	1486	1	9
-1	1502	8	2
-1	1368	7	3
-1	1286	7	4
-1	1412	4	2
-1	1014	6	5
-1	1401	8	1
-1	1589	7	5
-1	1725	3	6
-1	1923	7	5
-1	1451	8	5
-1	1749	5	5
-1	1504	3	9
-1	1879	8	2
-1	1464	8	7
-1	1625	4	9
-1	1451	6	5
-1	1310	2	7
-1	1574	8	7
-1	1993	4	3
-1	1946	6	8
-1	2017	8	2
-1	1285	2	7
-1	1920	7	9
-1	1954	7	6
-1	1192	2	5
-1	1890	8	2
-1	2049	9	5
-1	1911	5	4
-1	2041	9	8
-1	1779	4	6
-1	1354	5	6
-1	1060	7	6
-1	1922	8	3
DDW
1501	2205
1769	1805
1222	1620
1364	1736
1161	1257
1799	2199
798	1198
1541	2311
1428	1854
1968	2176
1661	1873
1239	1515
1454	1576
1452	2132
1365	1669
1760	1946
1290	1676
1255	1769
1453	1543
1523	1861
854	1086
1099	1427
1367	1481
1116	1336
1720	2328
923	1199
1571	2261
790	1184
1319	1549
1053	1141
1234	1508
1675	2089
1601	2351
874	1046
1357	1385
1013	1343
1123	1651
1260	1572
972	1142
1855	2135
1950	2156
918	1348
1537	2259
1655	1867
1735	1879
982	1200
1464	1902
1113	1361
1572	1670
995	1145
1593	1625
1186	1742
1799	2243
1861	2229
1478	2042
1429	1645
1086	1532
1085	1199
1321	1901
963	1225
896	1164
766	1150
1252	1626
1342	1640
1384	1912
1675	2267
1308	1664
1277	1727
1122	1614
1080	1492
1327	1497
984	1044
1261	1541
1319	1859
1622	1828
1673	2173
1233	1669
1417	2081
1414	1594
1766	1992
1449	1479
1479	1771
1190	1712
1297	1323
1511	1637
1774	2212
1927	1965
1815	2219
1105	1465
1632	2208
1602	2306
1025	1359
1644	2136
1701	2397
1624	2198
1939	2143
1672	1886
1219	1489
954	1166
1749	2095
