HFSDDW
100	50	10
0	40	1	53	2	53	3	57	4	48	5	54	6	80	7	96	8	92	9	96
0	61	1	33	2	58	3	48	4	19	5	46	6	53	7	61	8	89	9	65
0	64	1	42	2	68	3	94	4	15	5	88	6	79	7	75	8	5	9	12
0	39	1	61	2	44	3	80	4	10	5	4	6	78	7	24	8	3	9	51
0	56	1	6	2	1	3	37	4	79	5	12	6	46	7	26	8	66	9	8
0	60	1	25	2	77	3	40	4	40	5	97	6	85	7	58	8	43	9	59
0	75	1	5	2	92	3	81	4	58	5	1	6	89	7	77	8	38	9	15
0	67	1	29	2	58	3	39	4	9	5	59	6	42	7	31	8	15	9	4
0	42	1	53	2	10	3	96	4	51	5	14	6	83	7	5	8	40	9	13
0	18	1	21	2	81	3	44	4	75	5	51	6	14	7	20	8	79	9	79
0	22	1	69	2	87	3	51	4	41	5	31	6	66	7	38	8	31	9	81
0	56	1	55	2	43	3	40	4	17	5	22	6	95	7	95	8	30	9	44
0	18	1	85	2	37	3	25	4	97	5	47	6	48	7	15	8	63	9	57
0	46	1	22	2	52	3	36	4	81	5	73	6	65	7	58	8	56	9	20
0	48	1	46	2	73	3	59	4	57	5	63	6	77	7	41	8	27	9	53
0	56	1	18	2	90	3	35	4	62	5	37	6	32	7	63	8	54	9	93
0	83	1	51	2	74	3	73	4	36	5	34	6	3	7	7	8	59	9	43
0	56	1	37	2	40	3	10	4	96	5	71	6	12	7	78	8	68	9	34
0	69	1	7	2	87	3	10	4	2	5	29	6	32	7	17	8	74	9	44
0	41	1	3	2	5	3	62	4	37	5	96	6	71	7	1	8	24	9	23
0	60	1	71	2	82	3	84	4	97	5	19	6	77	7	80	8	39	9	90
0	25	1	54	2	95	3	20	4	24	5	76	6	64	7	65	8	71	9	7
0	3	1	86	2	32	3	15	4	3	5	54	6	33	7	77	8	72	9	1
0	1	1	12	2	54	3	45	4	73	5	98	6	25	7	4	8	13	9	83
0	51	1	51	2	77	3	84	4	20	5	86	6	8	7	84	8	38	9	61
0	33	1	7	2	29	3	17	4	20	5	74	6	39	7	68	8	82	9	44
0	85	1	99	2	9	3	39	4	89	5	13	6	99	7	50	8	46	9	26
0	52	1	60	2	52	3	88	4	56	5	52	6	9	7	48	8	95	9	16
0	46	1	49	2	40	3	12	4	68	5	94	6	83	7	38	8	26	9	99
0	60	1	57	2	22	3	69	4	97	5	52	6	42	7	39	8	95	9	7
0	87	1	58	2	38	3	13	4	9	5	72	6	54	7	40	8	61	9	68
0	65	1	90	2	72	3	66	4	97	5	36	6	60	7	96	8	70	9	94
0	30	1	62	2	25	3	47	4	66	5	95	6	38	7	83	8	91	9	4
0	10	1	69	2	52	3	89	4	28	5	88	6	12	7	27	8	3	9	95
0	41	1	44	2	76	3	57	4	35	5	69	6	84	7	55	8	71	9	61
0	91	1	46	2	68	3	1	4	76	5	25	6	33	7	91	8	47	9	14
0	35	1	71	2	48	3	57	4	58	5	95	6	39	7	83	8	39	9	10
0	25	1	33	2	94	3	75	4	54	5	86	6	85	7	67	8	12	9	96
0	11	1	83	2	13	3	31	4	13	5	64	6	2	7	52	8	13	9	4
0	55	1	21	2	80	3	88	4	61	5	70	6	95	7	20	8	99	9	40
0	31	1	1	2	17	3	61	4	36	5	59	6	51	7	93	8	47	9	90
0	40	1	66	2	79	3	50	4	4	5	52	6	58	7	18	8	45	9	93
0	94	1	86	2	71	3	35	4	54	5	5	6	53	7	6	8	15	9	84
0	91	1	65	2	67	3	72	4	66	5	10	6	66	7	51	8	94	9	53
0	13	1	8	2	6	3	22	4	63	5	89	6	41	7	31	8	85	9	10
0	12	1	77	2	75	3	7	4	45	5	44	6	30	7	81	8	7	9	32
0	7	1	46	2	79	3	62	4	99	5	74	6	98	7	8	8	84	9	93
0	85	1	8	2	24	3	91	4	80	5	86	6	81	7	49	8	72	9	65
0	64	1	23	2	21	3	5	4	73	5	14	6	90	7	61	8	27	9	22
0	80	1	84	2	44	3	63	4	47	5	67	6	29	7	43	8	23	9	89
0	90	1	34	2	46	3	92	4	24	5	4	6	54	7	83	8	26	9	59
0	62	1	80	2	10	3	42	4	67	5	84	6	26	7	74	8	89	9	85
0	83	1	37	2	80	3	62	4	13	5	1	6	64	7	60	8	45	9	14
0	57	1	39	2	27	3	82	4	74	5	31	6	76	7	29	8	81	9	69
0	60	1	8	2	36	3	68	4	60	5	1	6	75	7	2	8	95	9	63
0	42	1	55	2	53	3	37	4	6	5	53	6	53	7	84	8	79	9	23
0	40	1	93	2	39	3	12	4	2	5	24	6	54	7	27	8	67	9	37
0	9	1	97	2	93	3	20	4	26	5	76	6	2	7	12	8	3	9	13
0	26	1	62	2	64	3	82	4	72	5	3	6	85	7	89	8	76	9	22
0	77	1	91	2	50	3	58	4	30	5	66	6	69	7	24	8	66	9	36
0	47	1	48	2	35	3	59	4	54	5	45	6	62	7	33	8	11	9	30
0	52	1	41	2	82	3	66	4	96	5	77	6	29	7	57	8	40	9	99
0	38	1	64	2	51	3	46	4	59	5	17	6	48	7	35	8	89	9	60
0	7	1	77	2	46	3	66	4	66	5	78	6	28	7	6	8	28	9	28
0	40	1	53	2	78	3	46	4	69	5	36	6	9	7	83	8	61	9	53
0	37	1	13	2	84	3	66	4	98	5	82	6	96	7	88	8	1	9	37
0	96	1	27	2	43	3	51	4	24	5	74	6	95	7	17	8	99	9	19
0	50	1	24	2	29	3	13	4	60	5	85	6	85	7	5	8	76	9	23
0	9	1	64	2	74	3	37	4	24	5	94	6	93	7	79	8	68	9	84
0	81	1	39	2	6	3	90	4	31	5	14	6	10	7	28	8	23	9	95
0	41	1	92	2	84	3	43	4	4	5	13	6	83	7	72	8	7	9	13
0	97	1	92	2	12	3	77	4	29	5	33	6	53	7	7	8	28	9	29
0	81	1	16	2	49	3	15	4	37	5	11	6	19	7	39	8	81	9	47
0	76	1	58	2	81	3	81	4	81	5	17	6	79	7	31	8	34	9	11
0	12	1	21	2	73	3	55	4	86	5	89	6	27	7	28	8	61	9	97
0	60	1	3	2	99	3	94	4	14	5	26	6	43	7	69	8	7	9	92
0	94	1	44	2	90	3	60	4	37	5	40	6	12	7	31	8	95	9	12
0	54	1	22	2	72	3	18	4	18	5	60	6	43	7	94	8	29	9	47
0	83	1	90	2	77	3	84	4	86	5	73	6	58	7	86	8	68	9	56
0	73	1	10	2	25	3	42	4	16	5	67	6	31	7	14	8	18	9	47
0	78	1	96	2	33	3	49	4	44	5	38	6	31	7	82	8	77	9	53
0	83	1	49	2	41	3	59	4	9	5	5	6	66	7	7	8	73	9	64
0	82	1	25	2	62	3	40	4	39	5	44	6	97	7	31	8	3	9	50
0	30	1	30	2	76	3	81	4	69	5	87	6	57	7	29	8	40	9	49
0	43	1	75	2	10	3	15	4	73	5	25	6	68	7	66	8	33	9	11
0	2	1	24	2	40	3	54	4	65	5	53	6	34	7	93	8	11	9	99
0	40	1	99	2	80	3	27	4	24	5	53	6	72	7	60	8	89	9	22
0	47	1	38	2	66	3	25	4	22	5	7	6	15	7	48	8	66	9	14
0	76	1	32	2	97	3	91	4	49	5	6	6	89	7	23	8	17	9	16
0	53	1	64	2	18	3	41	4	9	5	43	6	95	7	82	8	90	9	20
0	52	1	9	2	76	3	12	4	63	5	63	6	58	7	16	8	33	9	58
0	39	1	85	2	27	3	97	4	23	5	9	6	2	7	88	8	78	9	19
0	64	1	50	2	43	3	73	4	68	5	83	6	21	7	25	8	16	9	78
0	12	1	33	2	58	3	47	4	61	5	68	6	56	7	86	8	29	9	85
0	47	1	74	2	90	3	59	4	77	5	67	6	37	7	20	8	18	9	1
0	41	1	7	2	5	3	72	4	56	5	3	6	65	7	3	8	44	9	80
0	43	1	33	2	99	3	54	4	46	5	6	6	28	7	80	8	36	9	55
0	53	1	16	2	59	3	92	4	71	5	89	6	60	7	84	8	95	9	1
0	46	1	1	2	8	3	16	4	37	5	5	6	28	7	85	8	90	9	59
0	3	1	53	2	42	3	49	4	43	5	15	6	74	7	36	8	13	9	71
LBCmax: 1303
RELDUE
-1	755	2	6
-1	800	2	7
-1	870	7	1
-1	815	7	2
-1	775	8	3
-1	717	4	1
-1	775	5	8
-1	682	9	7
-1	653	4	2
-1	824	7	3
-1	761	2	1
-1	862	5	2
-1	669	3	2
-1	765	5	9
-1	739	5	6
-1	761	1	2
-1	718	9	6
-1	870	2	9
-1	694	6	3
-1	759	7	6
-1	855	5	9
-1	761	2	9
-1	885	3	2
-1	853	6	5
-1	787	3	8
-1	912	8	4
-1	843	6	5
-1	678	8	1
-1	779	1	9
-1	800	5	6
-1	690	6	8
-1	714	7	3
-1	839	3	3
-1	713	1	8
-1	809	6	1
-1	884	2	2
-1	694	4	2
-1	767	7	3
-1	830	9	5
-1	682	9	1
-1	801	5	9
-1	693	7	6
-1	873	8	7
-1	715	5	5
-1	694	7	2
-1	709	8	6
-1	770	8	2
-1	909	1	7
-1	690	2	9
-1	653	7	9
-1	883	1	8
-1	888	9	3
-1	701	6	6
-1	837	9	5
-1	896	7	6
-1	906	2	5
-1	827	9	4
-1	668	1	6
-1	678	2	1
-1	775	4	5
-1	787	7	6
-1	747	1	5
-1	815	2	5
-1	766	4	3
-1	784	2	1
-1	698	1	1
-1	674	8	9
-1	868	9	7
-1	868	1	4
-1	768	9	2
-1	718	7	1
-1	863	7	2
-1	691	9	3
-1	663	6	4
-1	871	1	4
-1	812	5	2
-1	801	5	2
-1	821	3	4
-1	809	7	4
-1	729	1	1
-1	793	3	7
-1	847	4	6
-1	901	6	1
-1	777	7	1
-1	829	5	4
-1	714	6	7
-1	663	1	2
-1	653	8	7
-1	730	9	9
-1	816	5	9
-1	707	9	1
-1	677	3	8
-1	739	5	8
-1	705	5	6
-1	807	7	5
-1	704	9	7
-1	790	4	8
-1	758	9	1
-1	843	6	2
-1	909	5	9
DDW
710	800
744	856
792	948
758	872
713	837
652	782
767	783
655	709
627	679
775	873
715	807
793	931
609	729
750	780
717	761
738	784
682	754
818	922
687	701
698	820
804	906
746	776
858	912
768	938
756	818
821	1003
809	877
658	698
756	802
736	864
683	697
657	771
797	881
663	763
777	841
857	911
680	708
721	813
822	838
627	737
729	873
679	707
847	899
701	729
625	763
688	730
701	839
891	927
642	738
601	705
821	945
879	897
687	715
770	904
860	932
870	942
794	860
601	735
651	705
713	837
748	826
680	814
799	831
712	820
745	823
642	754
647	701
842	894
799	937
691	845
711	725
785	941
656	726
636	690
784	958
780	844
721	881
805	837
728	890
714	744
777	809
822	872
847	955
730	824
812	846
643	785
617	709
607	699
708	752
808	824
643	771
657	697
717	761
684	726
775	839
697	711
782	798
713	803
784	902
891	927
