HFSDDW
200	50	10
0	78	1	54	2	95	3	39	4	6	5	13	6	91	7	31	8	92	9	53
0	20	1	81	2	67	3	76	4	3	5	56	6	91	7	65	8	39	9	26
0	55	1	6	2	44	3	66	4	17	5	74	6	95	7	74	8	34	9	13
0	80	1	57	2	14	3	30	4	79	5	44	6	11	7	92	8	69	9	6
0	23	1	67	2	7	3	51	4	57	5	67	6	31	7	16	8	69	9	42
0	96	1	61	2	48	3	36	4	80	5	73	6	11	7	30	8	23	9	31
0	17	1	17	2	97	3	80	4	73	5	62	6	68	7	38	8	96	9	58
0	45	1	99	2	96	3	34	4	4	5	88	6	98	7	93	8	9	9	49
0	44	1	80	2	5	3	91	4	16	5	20	6	10	7	78	8	49	9	6
0	34	1	80	2	69	3	38	4	88	5	6	6	69	7	27	8	78	9	95
0	99	1	93	2	19	3	12	4	97	5	97	6	65	7	14	8	33	9	92
0	75	1	18	2	22	3	73	4	87	5	37	6	13	7	7	8	64	9	54
0	53	1	90	2	88	3	91	4	24	5	64	6	30	7	58	8	45	9	97
0	19	1	71	2	16	3	13	4	49	5	50	6	61	7	92	8	94	9	19
0	54	1	95	2	45	3	57	4	31	5	17	6	59	7	95	8	50	9	51
0	92	1	62	2	62	3	25	4	42	5	10	6	6	7	28	8	88	9	33
0	67	1	7	2	68	3	35	4	73	5	4	6	3	7	9	8	25	9	38
0	76	1	21	2	12	3	46	4	99	5	57	6	45	7	31	8	60	9	8
0	6	1	34	2	9	3	94	4	5	5	56	6	10	7	91	8	70	9	40
0	45	1	33	2	5	3	62	4	51	5	48	6	27	7	10	8	83	9	27
0	14	1	50	2	71	3	13	4	75	5	72	6	51	7	16	8	25	9	85
0	64	1	74	2	67	3	80	4	27	5	33	6	98	7	74	8	31	9	17
0	94	1	12	2	39	3	84	4	92	5	43	6	16	7	50	8	95	9	52
0	30	1	35	2	47	3	34	4	93	5	56	6	63	7	96	8	20	9	32
0	6	1	93	2	66	3	85	4	75	5	70	6	66	7	24	8	35	9	18
0	50	1	53	2	79	3	66	4	33	5	3	6	12	7	86	8	20	9	32
0	57	1	1	2	21	3	73	4	55	5	29	6	27	7	34	8	86	9	70
0	70	1	2	2	55	3	98	4	12	5	1	6	45	7	53	8	10	9	23
0	77	1	92	2	15	3	77	4	2	5	77	6	56	7	80	8	1	9	91
0	45	1	76	2	76	3	87	4	75	5	5	6	72	7	92	8	31	9	46
0	43	1	32	2	37	3	64	4	48	5	48	6	97	7	81	8	55	9	32
0	57	1	58	2	77	3	97	4	55	5	64	6	85	7	44	8	71	9	77
0	73	1	46	2	33	3	95	4	26	5	93	6	26	7	68	8	23	9	7
0	29	1	53	2	23	3	63	4	79	5	45	6	55	7	51	8	29	9	54
0	80	1	74	2	26	3	68	4	35	5	87	6	99	7	79	8	32	9	12
0	20	1	28	2	21	3	53	4	72	5	97	6	99	7	42	8	39	9	54
0	22	1	30	2	59	3	49	4	4	5	5	6	36	7	14	8	18	9	11
0	9	1	35	2	15	3	18	4	97	5	98	6	21	7	64	8	60	9	39
0	94	1	46	2	36	3	12	4	87	5	1	6	32	7	69	8	91	9	82
0	45	1	14	2	13	3	75	4	32	5	50	6	16	7	76	8	65	9	31
0	51	1	85	2	61	3	22	4	3	5	84	6	14	7	4	8	56	9	74
0	76	1	35	2	82	3	99	4	60	5	76	6	94	7	47	8	62	9	4
0	72	1	67	2	23	3	36	4	65	5	95	6	23	7	40	8	85	9	47
0	82	1	44	2	99	3	30	4	87	5	9	6	84	7	15	8	9	9	3
0	87	1	28	2	13	3	18	4	6	5	11	6	32	7	13	8	16	9	56
0	56	1	69	2	15	3	62	4	58	5	84	6	63	7	26	8	56	9	7
0	62	1	73	2	19	3	9	4	91	5	32	6	35	7	52	8	12	9	51
0	91	1	79	2	39	3	60	4	16	5	45	6	54	7	6	8	30	9	54
0	64	1	11	2	25	3	30	4	91	5	14	6	30	7	38	8	71	9	4
0	46	1	59	2	58	3	2	4	40	5	14	6	10	7	4	8	26	9	73
0	75	1	79	2	1	3	64	4	64	5	76	6	30	7	55	8	46	9	14
0	30	1	57	2	95	3	2	4	43	5	52	6	49	7	88	8	18	9	77
0	3	1	97	2	80	3	8	4	5	5	33	6	22	7	37	8	20	9	3
0	35	1	51	2	79	3	57	4	78	5	85	6	10	7	60	8	65	9	15
0	84	1	74	2	91	3	58	4	74	5	88	6	64	7	56	8	59	9	88
0	65	1	21	2	85	3	49	4	70	5	78	6	98	7	92	8	60	9	32
0	55	1	93	2	35	3	44	4	78	5	79	6	78	7	39	8	24	9	57
0	42	1	88	2	23	3	4	4	93	5	29	6	7	7	22	8	34	9	17
0	69	1	65	2	77	3	32	4	37	5	15	6	65	7	30	8	86	9	1
0	86	1	18	2	1	3	34	4	59	5	90	6	39	7	48	8	80	9	95
0	11	1	26	2	33	3	2	4	46	5	77	6	97	7	82	8	56	9	42
0	71	1	76	2	59	3	44	4	63	5	89	6	16	7	4	8	7	9	64
0	14	1	48	2	52	3	23	4	71	5	25	6	88	7	89	8	44	9	3
0	89	1	58	2	42	3	38	4	6	5	44	6	33	7	75	8	85	9	60
0	17	1	82	2	74	3	44	4	29	5	11	6	58	7	56	8	70	9	70
0	74	1	36	2	42	3	17	4	81	5	62	6	73	7	11	8	31	9	22
0	88	1	8	2	39	3	54	4	53	5	14	6	35	7	21	8	38	9	20
0	57	1	41	2	19	3	47	4	47	5	32	6	74	7	8	8	93	9	60
0	66	1	32	2	20	3	74	4	28	5	54	6	17	7	25	8	56	9	44
0	70	1	23	2	44	3	64	4	71	5	9	6	44	7	20	8	91	9	16
0	75	1	37	2	19	3	51	4	14	5	34	6	17	7	95	8	69	9	50
0	87	1	65	2	17	3	70	4	55	5	57	6	88	7	65	8	26	9	98
0	96	1	10	2	65	3	93	4	50	5	34	6	96	7	55	8	75	9	39
0	87	1	54	2	17	3	78	4	84	5	29	6	14	7	69	8	60	9	93
0	37	1	22	2	56	3	6	4	56	5	5	6	6	7	73	8	9	9	15
0	20	1	79	2	94	3	92	4	19	5	66	6	72	7	25	8	2	9	79
0	38	1	62	2	20	3	31	4	63	5	34	6	49	7	39	8	85	9	27
0	44	1	20	2	5	3	33	4	62	5	75	6	54	7	59	8	38	9	45
0	29	1	23	2	47	3	60	4	19	5	9	6	60	7	24	8	59	9	19
0	57	1	88	2	67	3	81	4	56	5	75	6	2	7	25	8	43	9	23
0	55	1	67	2	88	3	81	4	71	5	99	6	75	7	62	8	31	9	44
0	13	1	13	2	87	3	56	4	51	5	16	6	16	7	60	8	12	9	55
0	73	1	26	2	79	3	67	4	70	5	55	6	52	7	24	8	76	9	87
0	73	1	29	2	17	3	15	4	90	5	61	6	35	7	65	8	89	9	20
0	33	1	98	2	93	3	16	4	7	5	44	6	2	7	12	8	30	9	40
0	59	1	42	2	14	3	88	4	49	5	29	6	87	7	21	8	12	9	16
0	47	1	51	2	85	3	43	4	70	5	83	6	96	7	72	8	66	9	89
0	81	1	51	2	70	3	92	4	22	5	75	6	33	7	64	8	61	9	26
0	54	1	41	2	93	3	37	4	28	5	32	6	16	7	28	8	66	9	61
0	74	1	14	2	53	3	73	4	72	5	82	6	13	7	50	8	46	9	23
0	48	1	29	2	46	3	40	4	59	5	9	6	71	7	22	8	67	9	74
0	96	1	24	2	60	3	86	4	62	5	7	6	58	7	49	8	16	9	39
0	68	1	68	2	7	3	5	4	16	5	67	6	97	7	97	8	20	9	40
0	62	1	83	2	19	3	39	4	77	5	25	6	95	7	54	8	77	9	19
0	60	1	93	2	61	3	91	4	64	5	51	6	54	7	66	8	12	9	66
0	24	1	64	2	34	3	8	4	54	5	80	6	23	7	41	8	25	9	92
0	12	1	73	2	2	3	28	4	12	5	13	6	6	7	21	8	10	9	37
0	12	1	4	2	72	3	96	4	78	5	74	6	7	7	15	8	40	9	65
0	13	1	31	2	86	3	54	4	16	5	97	6	49	7	11	8	84	9	96
0	3	1	55	2	30	3	85	4	8	5	86	6	92	7	34	8	80	9	51
0	45	1	33	2	57	3	74	4	55	5	21	6	92	7	38	8	29	9	80
0	73	1	9	2	1	3	59	4	79	5	80	6	87	7	48	8	12	9	14
0	64	1	94	2	37	3	13	4	35	5	56	6	74	7	86	8	88	9	91
0	82	1	73	2	34	3	89	4	20	5	80	6	74	7	12	8	99	9	95
0	6	1	12	2	82	3	5	4	23	5	93	6	54	7	70	8	6	9	28
0	99	1	45	2	22	3	66	4	87	5	51	6	96	7	45	8	40	9	98
0	46	1	6	2	49	3	38	4	98	5	1	6	74	7	12	8	40	9	98
0	7	1	75	2	48	3	17	4	9	5	52	6	12	7	33	8	89	9	41
0	2	1	4	2	81	3	61	4	92	5	38	6	51	7	68	8	2	9	68
0	84	1	29	2	72	3	2	4	49	5	99	6	63	7	45	8	7	9	23
0	20	1	43	2	31	3	7	4	21	5	24	6	96	7	5	8	58	9	35
0	39	1	63	2	55	3	98	4	96	5	42	6	25	7	87	8	45	9	61
0	50	1	7	2	10	3	71	4	15	5	77	6	3	7	47	8	68	9	9
0	89	1	67	2	27	3	67	4	21	5	59	6	73	7	74	8	41	9	68
0	41	1	46	2	10	3	66	4	29	5	21	6	74	7	74	8	5	9	8
0	75	1	75	2	99	3	45	4	72	5	14	6	33	7	60	8	92	9	43
0	21	1	49	2	37	3	49	4	46	5	72	6	37	7	88	8	77	9	38
0	69	1	51	2	47	3	76	4	20	5	4	6	96	7	44	8	42	9	94
0	4	1	29	2	42	3	60	4	34	5	14	6	68	7	81	8	94	9	8
0	26	1	13	2	82	3	97	4	48	5	91	6	9	7	60	8	20	9	57
0	84	1	85	2	96	3	67	4	39	5	25	6	29	7	23	8	26	9	69
0	18	1	89	2	18	3	97	4	40	5	91	6	7	7	77	8	16	9	33
0	4	1	55	2	93	3	70	4	12	5	56	6	68	7	50	8	29	9	28
0	94	1	36	2	24	3	84	4	11	5	18	6	33	7	75	8	22	9	10
0	84	1	45	2	55	3	26	4	90	5	36	6	95	7	84	8	57	9	56
0	85	1	32	2	45	3	87	4	53	5	29	6	91	7	27	8	55	9	82
0	56	1	79	2	93	3	98	4	74	5	81	6	65	7	33	8	87	9	22
0	59	1	32	2	55	3	7	4	48	5	58	6	1	7	68	8	80	9	75
0	61	1	83	2	92	3	72	4	43	5	63	6	91	7	37	8	32	9	82
0	27	1	6	2	20	3	39	4	53	5	6	6	52	7	57	8	51	9	9
0	71	1	62	2	97	3	36	4	97	5	53	6	77	7	39	8	40	9	94
0	29	1	24	2	47	3	80	4	22	5	72	6	87	7	22	8	56	9	12
0	90	1	29	2	2	3	6	4	95	5	53	6	13	7	16	8	53	9	42
0	7	1	43	2	17	3	71	4	5	5	98	6	86	7	56	8	75	9	89
0	85	1	53	2	96	3	37	4	54	5	4	6	59	7	40	8	17	9	80
0	18	1	30	2	2	3	40	4	19	5	42	6	60	7	92	8	41	9	44
0	41	1	61	2	85	3	97	4	88	5	85	6	7	7	75	8	75	9	24
0	86	1	32	2	46	3	66	4	26	5	38	6	33	7	65	8	51	9	92
0	93	1	72	2	99	3	72	4	25	5	76	6	41	7	77	8	53	9	62
0	39	1	94	2	15	3	32	4	48	5	25	6	67	7	98	8	49	9	68
0	96	1	84	2	64	3	93	4	94	5	86	6	84	7	35	8	14	9	81
0	10	1	95	2	41	3	49	4	50	5	68	6	62	7	14	8	73	9	12
0	44	1	29	2	23	3	14	4	84	5	92	6	17	7	14	8	19	9	2
0	70	1	34	2	17	3	83	4	95	5	10	6	9	7	6	8	78	9	38
0	92	1	6	2	64	3	71	4	52	5	43	6	53	7	66	8	81	9	79
0	63	1	54	2	26	3	37	4	24	5	68	6	61	7	51	8	9	9	3
0	70	1	70	2	17	3	13	4	11	5	76	6	79	7	58	8	54	9	40
0	60	1	56	2	36	3	35	4	19	5	38	6	65	7	51	8	61	9	41
0	39	1	50	2	32	3	39	4	38	5	17	6	8	7	79	8	59	9	28
0	49	1	57	2	96	3	75	4	67	5	22	6	89	7	51	8	61	9	75
0	64	1	95	2	13	3	42	4	19	5	7	6	19	7	90	8	18	9	86
0	3	1	10	2	90	3	67	4	63	5	20	6	38	7	78	8	75	9	93
0	69	1	99	2	98	3	27	4	91	5	4	6	59	7	60	8	67	9	97
0	49	1	15	2	90	3	85	4	77	5	43	6	38	7	90	8	20	9	31
0	98	1	17	2	61	3	73	4	25	5	39	6	67	7	29	8	12	9	48
0	83	1	11	2	76	3	67	4	7	5	64	6	97	7	86	8	50	9	16
0	47	1	58	2	23	3	21	4	37	5	88	6	19	7	5	8	90	9	21
0	82	1	48	2	59	3	44	4	95	5	52	6	39	7	26	8	2	9	53
0	36	1	30	2	48	3	20	4	14	5	39	6	38	7	24	8	78	9	13
0	46	1	52	2	41	3	5	4	83	5	41	6	94	7	40	8	37	9	36
0	20	1	62	2	39	3	91	4	65	5	36	6	52	7	33	8	71	9	55
0	26	1	71	2	84	3	97	4	79	5	18	6	10	7	3	8	7	9	97
0	51	1	94	2	26	3	78	4	74	5	31	6	7	7	54	8	60	9	55
0	58	1	99	2	88	3	65	4	33	5	73	6	91	7	57	8	55	9	78
0	86	1	6	2	53	3	24	4	87	5	74	6	68	7	43	8	25	9	66
0	31	1	91	2	34	3	39	4	85	5	25	6	37	7	61	8	18	9	35
0	29	1	97	2	72	3	17	4	97	5	26	6	82	7	19	8	64	9	6
0	26	1	53	2	48	3	29	4	11	5	45	6	42	7	3	8	90	9	99
0	63	1	63	2	30	3	94	4	24	5	67	6	66	7	50	8	80	9	9
0	37	1	31	2	40	3	20	4	49	5	89	6	34	7	36	8	27	9	61
0	91	1	49	2	79	3	20	4	41	5	77	6	43	7	5	8	28	9	41
0	82	1	35	2	70	3	18	4	72	5	65	6	68	7	78	8	92	9	30
0	60	1	33	2	39	3	56	4	68	5	95	6	14	7	28	8	79	9	22
0	12	1	6	2	75	3	30	4	8	5	14	6	84	7	11	8	53	9	47
0	24	1	61	2	22	3	39	4	26	5	3	6	61	7	22	8	48	9	83
0	22	1	55	2	44	3	96	4	1	5	59	6	11	7	24	8	51	9	46
0	64	1	15	2	26	3	7	4	29	5	77	6	59	7	40	8	10	9	59
0	81	1	57	2	25	3	46	4	7	5	99	6	11	7	99	8	31	9	66
0	34	1	91	2	80	3	95	4	99	5	56	6	62	7	79	8	29	9	49
0	4	1	61	2	59	3	8	4	82	5	9	6	35	7	16	8	11	9	49
0	44	1	21	2	12	3	89	4	3	5	64	6	31	7	98	8	90	9	1
0	48	1	11	2	93	3	85	4	12	5	72	6	35	7	30	8	7	9	73
0	15	1	79	2	12	3	61	4	55	5	20	6	97	7	17	8	63	9	97
0	64	1	95	2	89	3	81	4	22	5	14	6	80	7	91	8	93	9	36
0	26	1	64	2	89	3	28	4	1	5	92	6	68	7	74	8	96	9	10
0	74	1	6	2	9	3	37	4	34	5	64	6	10	7	50	8	34	9	82
0	66	1	14	2	35	3	92	4	37	5	53	6	22	7	12	8	63	9	97
0	92	1	43	2	37	3	70	4	48	5	51	6	90	7	83	8	61	9	63
0	52	1	24	2	21	3	53	4	24	5	59	6	86	7	52	8	48	9	58
0	5	1	30	2	58	3	11	4	70	5	12	6	29	7	96	8	91	9	48
0	70	1	57	2	12	3	98	4	18	5	31	6	69	7	38	8	89	9	82
0	73	1	27	2	89	3	71	4	30	5	43	6	92	7	81	8	69	9	77
0	66	1	70	2	63	3	6	4	93	5	63	6	85	7	26	8	1	9	36
0	23	1	94	2	91	3	14	4	92	5	95	6	13	7	23	8	36	9	92
0	90	1	48	2	63	3	65	4	84	5	77	6	41	7	86	8	80	9	27
0	19	1	47	2	28	3	14	4	81	5	1	6	93	7	6	8	5	9	55
0	45	1	43	2	38	3	53	4	60	5	79	6	35	7	76	8	78	9	35
0	31	1	70	2	45	3	76	4	87	5	18	6	7	7	98	8	22	9	16
0	22	1	99	2	46	3	74	4	18	5	75	6	66	7	77	8	32	9	91
0	3	1	7	2	19	3	81	4	48	5	48	6	11	7	10	8	6	9	5
LBCmax: 2341
RELDUE
-1	1301	1	9
-1	1610	3	1
-1	814	3	3
-1	1347	7	1
-1	2057	2	7
-1	1387	1	1
-1	733	7	9
-1	1433	2	3
-1	1078	3	2
-1	1591	6	7
-1	2021	5	4
-1	2040	8	3
-1	1881	9	5
-1	1943	7	9
-1	1160	7	8
-1	1350	6	4
-1	2064	6	4
-1	1593	4	5
-1	1199	8	4
-1	1896	7	4
-1	889	4	7
-1	1515	3	9
-1	1320	4	3
-1	1929	4	2
-1	1153	1	6
-1	1034	8	8
-1	1428	7	8
-1	1600	3	7
-1	1100	2	1
-1	1259	1	7
-1	806	5	8
-1	2067	3	4
-1	2003	1	7
-1	937	5	4
-1	1735	5	7
-1	1510	4	9
-1	1981	4	3
-1	2104	3	8
-1	1792	2	8
-1	1668	8	7
-1	1725	1	6
-1	898	9	1
-1	1411	9	7
-1	1667	6	7
-1	2073	2	6
-1	803	3	8
-1	1024	3	9
-1	1125	8	6
-1	1386	4	8
-1	722	8	6
-1	1415	8	1
-1	1366	6	4
-1	1749	3	9
-1	989	5	4
-1	1988	5	5
-1	1893	6	4
-1	991	3	4
-1	992	6	9
-1	896	8	3
-1	1724	5	4
-1	2067	1	7
-1	1240	3	8
-1	1035	4	6
-1	1926	6	4
-1	1487	5	7
-1	2062	4	3
-1	739	9	2
-1	1646	9	1
-1	909	9	6
-1	1757	8	9
-1	1476	3	3
-1	2067	3	7
-1	1909	1	9
-1	1639	6	9
-1	872	4	8
-1	2098	7	2
-1	805	4	5
-1	1761	6	1
-1	1964	8	8
-1	1051	9	6
-1	712	4	1
-1	1004	9	8
-1	915	1	4
-1	1079	4	1
-1	1952	5	6
-1	1547	1	3
-1	1019	5	5
-1	1716	2	8
-1	1056	5	6
-1	1949	8	5
-1	1221	1	6
-1	1691	1	6
-1	1910	9	2
-1	769	9	5
-1	1708	6	8
-1	1186	3	2
-1	1971	7	3
-1	1592	5	2
-1	881	3	4
-1	712	6	7
-1	765	6	5
-1	1486	4	7
-1	917	8	5
-1	1736	7	8
-1	1353	3	7
-1	1455	6	3
-1	1565	9	5
-1	812	5	7
-1	818	9	4
-1	1998	8	9
-1	1789	4	8
-1	1337	4	7
-1	1135	4	8
-1	1952	5	3
-1	1714	9	9
-1	1765	6	1
-1	1027	9	2
-1	2064	8	5
-1	2082	2	4
-1	2048	7	4
-1	1744	5	1
-1	1131	3	9
-1	1291	2	1
-1	1068	2	2
-1	1238	7	8
-1	1893	3	9
-1	859	5	6
-1	1841	3	7
-1	2038	1	7
-1	1793	4	9
-1	828	9	5
-1	1321	8	3
-1	1582	2	6
-1	1953	3	8
-1	988	6	9
-1	1333	6	6
-1	789	6	5
-1	1286	5	4
-1	1833	5	5
-1	1199	6	3
-1	2089	7	4
-1	909	5	2
-1	1599	7	6
-1	1166	5	4
-1	861	8	1
-1	1991	5	5
-1	1257	9	8
-1	2066	5	9
-1	1162	2	9
-1	2051	8	6
-1	861	8	4
-1	2015	5	7
-1	1618	3	6
-1	940	3	1
-1	1075	2	8
-1	1742	3	6
-1	897	2	1
-1	1956	3	6
-1	1200	9	7
-1	1568	5	5
-1	1297	1	8
-1	1831	9	6
-1	882	5	1
-1	1132	7	8
-1	1871	9	5
-1	1170	2	6
-1	1863	7	1
-1	1289	5	4
-1	1666	8	8
-1	1082	9	2
-1	1677	4	5
-1	1848	2	9
-1	932	8	8
-1	1584	3	8
-1	2067	5	8
-1	1537	1	5
-1	1639	5	3
-1	826	5	9
-1	909	4	9
-1	1354	2	2
-1	1337	9	5
-1	901	1	7
-1	1380	7	6
-1	2094	8	2
-1	1634	6	9
-1	921	7	2
-1	1810	7	4
-1	1343	2	6
-1	1579	7	9
-1	1353	7	6
-1	1138	8	8
-1	940	3	1
-1	787	4	6
-1	967	1	4
-1	2009	5	6
-1	959	9	8
-1	729	6	8
-1	1168	2	8
-1	1403	4	4
-1	1798	3	2
DDW
1288	1314
1562	1658
765	863
1172	1522
1995	2119
1123	1651
608	858
1404	1462
1035	1121
1289	1893
1940	2102
1836	2244
1787	1975
1729	2157
1079	1241
1323	1377
1940	2188
1577	1609
1115	1283
1839	1953
782	996
1379	1651
1135	1505
1562	2296
922	1384
848	1220
1285	1571
1312	1888
1045	1155
1171	1347
774	838
1943	2191
1723	2283
834	1040
1509	1961
1314	1706
1743	2219
1830	2378
1434	2150
1485	1851
1449	2001
889	907
1326	1496
1484	1850
1886	2260
723	883
891	1157
1091	1159
1247	1525
708	736
1245	1585
1257	1475
1697	1801
949	1029
1730	2246
1647	2139
892	1090
923	1061
780	1012
1638	1810
1881	2253
992	1488
859	1211
1579	2273
1249	1725
1670	2454
621	857
1399	1893
736	1082
1493	2021
1328	1624
1778	2356
1890	1928
1360	1918
811	933
1867	2329
781	829
1708	1814
1768	2160
935	1167
669	755
924	1084
842	988
1047	1111
1640	2264
1284	1810
978	1060
1527	1905
855	1257
1559	2339
1172	1270
1606	1776
1528	2292
654	884
1674	1742
984	1388
1892	2050
1449	1735
740	1022
634	790
658	872
1204	1768
880	954
1458	2014
1177	1529
1179	1731
1455	1675
763	861
679	957
1958	2038
1610	1968
1243	1431
931	1339
1893	2011
1371	2057
1747	1783
904	1150
1754	2374
2020	2144
1638	2458
1482	2006
1063	1199
1084	1498
854	1282
1102	1374
1779	2007
739	979
1712	1970
1732	2344
1614	1972
762	894
1123	1519
1455	1709
1562	2344
820	1156
1226	1440
757	821
1119	1453
1631	2035
995	1403
1880	2298
745	1073
1375	1823
956	1376
775	947
1653	2329
1156	1358
1715	2417
976	1348
2030	2072
809	913
1834	2196
1505	1731
780	1100
903	1247
1585	1899
870	924
1858	2054
1140	1260
1458	1678
1232	1362
1813	1849
776	988
1041	1223
1609	2133
994	1346
1490	2236
1057	1521
1566	1766
941	1223
1375	1979
1497	2199
885	979
1489	1679
1860	2274
1260	1814
1426	1852
677	975
818	1000
1164	1544
1096	1578
748	1054
1214	1546
1801	2387
1569	1699
746	1096
1647	1973
1195	1491
1500	1658
1231	1475
1081	1195
761	1119
724	850
928	1006
1748	2270
863	1055
678	780
1098	1238
1347	1459
1528	2068
