HFSDDW
100	15	5
0	41	1	62	2	21	3	86	4	71
0	20	1	56	2	5	3	7	4	72
0	6	1	6	2	4	3	30	4	53
0	30	1	86	2	95	3	35	4	45
0	84	1	7	2	63	3	90	4	53
0	23	1	5	2	38	3	72	4	99
0	73	1	39	2	70	3	4	4	57
0	88	1	70	2	7	3	83	4	77
0	21	1	61	2	34	3	22	4	2
0	72	1	79	2	21	3	73	4	65
0	28	1	60	2	28	3	34	4	68
0	35	1	98	2	30	3	34	4	49
0	15	1	19	2	32	3	8	4	99
0	66	1	36	2	99	3	72	4	64
0	59	1	79	2	12	3	57	4	25
0	23	1	73	2	42	3	88	4	80
0	43	1	83	2	65	3	8	4	71
0	13	1	11	2	36	3	36	4	23
0	90	1	41	2	72	3	35	4	62
0	2	1	30	2	26	3	22	4	35
0	36	1	79	2	49	3	9	4	6
0	48	1	48	2	71	3	10	4	45
0	61	1	57	2	41	3	53	4	6
0	31	1	54	2	25	3	36	4	86
0	56	1	1	2	64	3	49	4	74
0	19	1	8	2	77	3	94	4	23
0	93	1	47	2	20	3	53	4	45
0	64	1	35	2	56	3	3	4	23
0	65	1	40	2	26	3	90	4	61
0	33	1	99	2	20	3	30	4	31
0	48	1	5	2	90	3	35	4	79
0	35	1	16	2	99	3	35	4	86
0	41	1	71	2	76	3	86	4	52
0	15	1	37	2	87	3	9	4	41
0	96	1	97	2	23	3	13	4	22
0	17	1	74	2	73	3	87	4	41
0	19	1	87	2	48	3	64	4	74
0	88	1	56	2	84	3	74	4	10
0	48	1	36	2	22	3	16	4	82
0	94	1	63	2	40	3	39	4	47
0	95	1	13	2	11	3	88	4	35
0	51	1	82	2	78	3	14	4	63
0	61	1	43	2	13	3	93	4	68
0	53	1	23	2	13	3	12	4	64
0	58	1	52	2	14	3	98	4	92
0	60	1	76	2	7	3	31	4	28
0	53	1	35	2	34	3	40	4	45
0	7	1	77	2	60	3	29	4	24
0	6	1	78	2	71	3	12	4	48
0	6	1	24	2	28	3	47	4	29
0	71	1	51	2	28	3	75	4	89
0	43	1	99	2	13	3	95	4	74
0	74	1	75	2	48	3	85	4	10
0	27	1	9	2	72	3	48	4	62
0	76	1	63	2	83	3	87	4	58
0	79	1	81	2	2	3	50	4	87
0	37	1	48	2	60	3	3	4	56
0	3	1	7	2	59	3	51	4	3
0	7	1	64	2	64	3	55	4	49
0	30	1	31	2	86	3	2	4	22
0	97	1	51	2	80	3	85	4	52
0	9	1	67	2	41	3	17	4	10
0	62	1	97	2	62	3	9	4	37
0	27	1	16	2	46	3	30	4	7
0	21	1	49	2	21	3	46	4	55
0	12	1	98	2	29	3	38	4	29
0	49	1	94	2	1	3	29	4	89
0	85	1	68	2	74	3	50	4	48
0	35	1	65	2	43	3	42	4	40
0	10	1	3	2	56	3	18	4	23
0	14	1	85	2	56	3	95	4	2
0	49	1	30	2	34	3	31	4	40
0	10	1	39	2	3	3	88	4	60
0	67	1	97	2	34	3	19	4	51
0	59	1	42	2	95	3	81	4	71
0	55	1	6	2	79	3	6	4	45
0	10	1	42	2	12	3	16	4	15
0	64	1	39	2	6	3	28	4	40
0	55	1	34	2	44	3	11	4	39
0	96	1	63	2	55	3	81	4	72
0	13	1	69	2	37	3	66	4	64
0	72	1	90	2	75	3	24	4	46
0	43	1	51	2	28	3	85	4	30
0	67	1	28	2	87	3	74	4	96
0	29	1	92	2	6	3	79	4	96
0	25	1	98	2	84	3	43	4	75
0	92	1	51	2	98	3	34	4	33
0	40	1	6	2	45	3	51	4	42
0	74	1	63	2	81	3	81	4	96
0	5	1	6	2	58	3	80	4	71
0	68	1	76	2	81	3	84	4	44
0	20	1	63	2	58	3	70	4	39
0	74	1	6	2	32	3	48	4	53
0	92	1	52	2	94	3	52	4	89
0	62	1	82	2	36	3	32	4	23
0	65	1	11	2	24	3	82	4	91
0	20	1	40	2	4	3	71	4	7
0	17	1	69	2	14	3	90	4	13
0	77	1	47	2	75	3	12	4	68
0	68	1	32	2	33	3	28	4	4
LBCmax: 1776
RELDUE
-1	1109	9	7
-1	375	6	8
-1	290	3	7
-1	1794	7	7
-1	351	3	7
-1	1708	3	2
-1	887	3	1
-1	1054	5	7
-1	1271	8	5
-1	1566	2	8
-1	350	5	4
-1	870	1	2
-1	1529	1	4
-1	1575	5	3
-1	532	8	9
-1	784	7	4
-1	215	3	6
-1	1258	8	7
-1	922	5	5
-1	833	9	2
-1	594	9	2
-1	856	7	2
-1	255	9	8
-1	871	4	3
-1	399	2	7
-1	438	7	8
-1	306	3	8
-1	600	3	6
-1	1315	7	4
-1	1150	7	9
-1	779	2	4
-1	1550	9	3
-1	1883	1	8
-1	1566	9	6
-1	868	3	8
-1	323	2	3
-1	774	6	1
-1	402	9	3
-1	1270	6	8
-1	539	2	3
-1	1540	9	3
-1	534	2	1
-1	1112	3	8
-1	392	2	4
-1	235	4	2
-1	857	9	2
-1	1440	8	9
-1	1894	9	5
-1	1814	3	4
-1	777	2	1
-1	1350	9	7
-1	1434	1	4
-1	1801	6	4
-1	1801	2	2
-1	1609	9	9
-1	431	9	9
-1	298	3	5
-1	1374	9	9
-1	1573	2	8
-1	1867	1	2
-1	1580	7	5
-1	464	3	1
-1	1693	8	1
-1	299	5	6
-1	964	2	4
-1	755	1	3
-1	941	7	2
-1	1917	3	3
-1	885	2	8
-1	387	5	8
-1	188	7	9
-1	1768	4	5
-1	1942	3	1
-1	561	9	4
-1	1247	9	9
-1	238	3	4
-1	1699	4	9
-1	1817	3	5
-1	813	4	1
-1	1496	5	6
-1	953	9	6
-1	366	1	6
-1	740	9	7
-1	716	3	1
-1	1754	2	7
-1	1299	7	4
-1	1704	4	3
-1	259	5	8
-1	1912	2	8
-1	615	7	8
-1	202	2	2
-1	1354	6	2
-1	784	1	6
-1	1357	9	7
-1	913	8	8
-1	1254	8	2
-1	796	4	9
-1	991	9	1
-1	1382	8	8
-1	1435	6	6
DDW
932	1286
315	435
278	302
1668	1920
333	369
1366	2050
860	914
1033	1075
1169	1373
1425	1707
326	374
757	983
1437	1621
1339	1811
484	580
666	902
213	217
1032	1484
811	1033
783	883
499	689
770	942
240	270
801	941
335	463
390	486
303	309
546	654
1210	1420
1035	1265
771	787
1442	1658
1789	1977
1519	1613
694	1042
300	346
766	782
378	426
1016	1524
528	550
1386	1694
443	625
1023	1201
361	423
212	258
814	900
1166	1714
1648	2140
1633	1995
754	800
1336	1364
1147	1721
1711	1891
1693	1909
1335	1883
401	461
265	331
1154	1594
1400	1746
1606	2128
1280	1880
399	529
1456	1930
242	356
877	1051
747	763
856	1026
1840	1994
752	1018
375	399
160	216
1503	2033
1592	2292
499	623
1035	1459
190	286
1648	1750
1472	2162
667	959
1331	1661
829	1077
333	399
599	881
680	752
1579	1929
1273	1325
1653	1755
210	308
1778	2046
529	701
168	236
1286	1422
659	909
1262	1452
886	940
1041	1467
764	828
892	1090
1106	1658
1292	1578
