HFSDDW
50	50	10
0	88	1	58	2	94	3	44	4	75	5	50	6	79	7	19	8	22	9	92
0	36	1	21	2	93	3	21	4	18	5	45	6	75	7	65	8	14	9	55
0	17	1	38	2	15	3	53	4	57	5	60	6	47	7	20	8	50	9	41
0	6	1	87	2	79	3	94	4	89	5	70	6	63	7	89	8	95	9	60
0	52	1	66	2	19	3	82	4	86	5	90	6	44	7	33	8	5	9	37
0	66	1	16	2	27	3	95	4	5	5	51	6	43	7	42	8	87	9	15
0	3	1	59	2	69	3	81	4	87	5	49	6	41	7	98	8	32	9	47
0	81	1	86	2	70	3	54	4	3	5	51	6	20	7	33	8	66	9	67
0	17	1	15	2	15	3	14	4	74	5	89	6	61	7	84	8	90	9	39
0	28	1	21	2	2	3	81	4	57	5	92	6	96	7	37	8	95	9	38
0	49	1	45	2	2	3	58	4	55	5	80	6	46	7	72	8	92	9	53
0	32	1	10	2	76	3	21	4	97	5	87	6	45	7	56	8	7	9	97
0	88	1	57	2	9	3	93	4	19	5	60	6	84	7	89	8	96	9	10
0	54	1	82	2	38	3	29	4	19	5	72	6	14	7	56	8	58	9	94
0	44	1	88	2	91	3	37	4	8	5	19	6	45	7	81	8	84	9	69
0	48	1	40	2	31	3	97	4	50	5	91	6	37	7	8	8	40	9	94
0	95	1	56	2	76	3	83	4	99	5	49	6	71	7	48	8	2	9	25
0	74	1	88	2	98	3	13	4	53	5	1	6	66	7	71	8	86	9	1
0	16	1	4	2	6	3	27	4	62	5	14	6	51	7	40	8	78	9	27
0	36	1	6	2	17	3	63	4	98	5	87	6	12	7	9	8	38	9	58
0	47	1	97	2	79	3	59	4	95	5	60	6	42	7	19	8	45	9	49
0	26	1	65	2	22	3	40	4	79	5	92	6	51	7	50	8	21	9	85
0	97	1	32	2	69	3	75	4	89	5	69	6	71	7	35	8	14	9	65
0	88	1	57	2	34	3	29	4	53	5	19	6	24	7	46	8	32	9	3
0	71	1	33	2	95	3	30	4	2	5	70	6	84	7	77	8	84	9	7
0	37	1	62	2	87	3	52	4	60	5	16	6	28	7	5	8	69	9	27
0	88	1	8	2	5	3	80	4	61	5	68	6	32	7	93	8	86	9	61
0	69	1	6	2	18	3	19	4	14	5	65	6	37	7	40	8	73	9	19
0	84	1	93	2	50	3	8	4	29	5	27	6	70	7	81	8	68	9	38
0	90	1	20	2	76	3	6	4	14	5	64	6	29	7	15	8	68	9	33
0	38	1	90	2	91	3	24	4	38	5	31	6	44	7	68	8	38	9	95
0	79	1	88	2	31	3	50	4	42	5	94	6	57	7	97	8	51	9	35
0	98	1	51	2	25	3	48	4	70	5	50	6	29	7	13	8	6	9	50
0	37	1	22	2	71	3	40	4	81	5	94	6	3	7	27	8	70	9	97
0	82	1	2	2	43	3	73	4	59	5	3	6	88	7	26	8	63	9	20
0	7	1	31	2	64	3	34	4	35	5	87	6	66	7	43	8	53	9	88
0	3	1	31	2	63	3	88	4	59	5	58	6	17	7	90	8	69	9	48
0	91	1	31	2	28	3	54	4	52	5	96	6	8	7	52	8	89	9	68
0	61	1	3	2	49	3	86	4	43	5	6	6	57	7	37	8	6	9	93
0	29	1	60	2	74	3	82	4	94	5	51	6	39	7	55	8	15	9	2
0	85	1	97	2	57	3	16	4	28	5	76	6	4	7	10	8	82	9	38
0	79	1	14	2	53	3	84	4	27	5	1	6	82	7	77	8	45	9	53
0	1	1	79	2	85	3	76	4	20	5	32	6	56	7	45	8	59	9	1
0	58	1	53	2	37	3	88	4	82	5	64	6	46	7	34	8	58	9	67
0	2	1	48	2	55	3	67	4	15	5	15	6	7	7	89	8	55	9	94
0	69	1	61	2	10	3	61	4	2	5	7	6	12	7	81	8	96	9	95
0	20	1	58	2	51	3	81	4	80	5	27	6	77	7	65	8	3	9	63
0	55	1	49	2	19	3	77	4	52	5	52	6	25	7	19	8	61	9	5
0	26	1	67	2	90	3	65	4	32	5	96	6	43	7	75	8	87	9	75
0	52	1	65	2	37	3	62	4	47	5	43	6	96	7	73	8	86	9	87
LBCmax: 872
RELDUE
-1	283	7	1
-1	305	3	1
-1	541	1	4
-1	570	6	6
-1	295	8	5
-1	194	1	8
-1	310	1	1
-1	257	9	3
-1	136	6	5
-1	341	3	8
-1	517	7	7
-1	574	6	4
-1	188	3	7
-1	566	4	4
-1	455	3	5
-1	363	4	6
-1	444	6	4
-1	538	4	5
-1	348	3	3
-1	525	7	3
-1	525	2	2
-1	92	2	7
-1	493	1	7
-1	227	1	6
-1	142	5	6
-1	557	9	1
-1	147	2	1
-1	381	2	1
-1	244	5	8
-1	134	7	3
-1	379	1	3
-1	353	3	3
-1	254	1	4
-1	473	3	7
-1	440	6	5
-1	525	1	3
-1	507	7	9
-1	600	7	5
-1	217	5	8
-1	144	4	6
-1	369	6	7
-1	141	9	7
-1	434	5	4
-1	289	5	6
-1	577	2	3
-1	396	9	4
-1	325	5	4
-1	325	3	9
-1	569	9	8
-1	583	7	6
DDW
269	297
290	320
536	546
513	627
277	313
180	208
301	319
249	265
131	141
317	365
486	548
534	614
179	197
555	577
423	487
348	378
426	462
506	570
320	376
488	562
472	578
86	98
463	523
218	236
133	151
518	596
135	159
366	396
227	261
123	145
356	402
328	378
249	259
435	511
431	449
509	541
472	542
540	660
213	221
131	157
362	376
138	144
421	447
275	303
531	623
380	412
292	358
309	341
523	615
525	641
