HFSDDW
100	15	5
0	37	1	12	2	5	3	63	4	16
0	30	1	97	2	96	3	27	4	88
0	28	1	57	2	13	3	16	4	34
0	40	1	89	2	27	3	64	4	64
0	79	1	12	2	55	3	99	4	49
0	65	1	54	2	66	3	51	4	69
0	85	1	68	2	18	3	61	4	85
0	21	1	22	2	98	3	25	4	14
0	77	1	39	2	46	3	63	4	90
0	18	1	1	2	9	3	53	4	30
0	43	1	71	2	72	3	68	4	88
0	25	1	56	2	6	3	15	4	50
0	76	1	32	2	45	3	58	4	3
0	60	1	40	2	52	3	30	4	14
0	18	1	90	2	3	3	50	4	87
0	41	1	66	2	91	3	9	4	31
0	65	1	46	2	14	3	21	4	26
0	14	1	96	2	50	3	73	4	60
0	64	1	17	2	84	3	74	4	38
0	46	1	93	2	87	3	60	4	31
0	78	1	49	2	78	3	39	4	13
0	53	1	69	2	22	3	80	4	47
0	59	1	64	2	96	3	83	4	85
0	30	1	19	2	24	3	33	4	88
0	63	1	89	2	78	3	70	4	50
0	2	1	7	2	28	3	13	4	42
0	47	1	78	2	32	3	78	4	53
0	17	1	68	2	74	3	9	4	73
0	44	1	74	2	69	3	26	4	2
0	99	1	20	2	1	3	89	4	9
0	27	1	70	2	55	3	72	4	67
0	88	1	70	2	8	3	88	4	11
0	46	1	42	2	10	3	39	4	1
0	81	1	33	2	19	3	31	4	69
0	62	1	44	2	15	3	59	4	45
0	89	1	21	2	53	3	68	4	50
0	82	1	6	2	38	3	4	4	15
0	77	1	23	2	59	3	12	4	65
0	46	1	60	2	85	3	98	4	27
0	2	1	65	2	30	3	26	4	20
0	67	1	2	2	70	3	20	4	46
0	83	1	55	2	96	3	27	4	78
0	68	1	18	2	39	3	39	4	29
0	40	1	4	2	6	3	25	4	23
0	58	1	73	2	7	3	66	4	23
0	2	1	58	2	17	3	33	4	43
0	24	1	90	2	27	3	49	4	83
0	80	1	36	2	19	3	58	4	32
0	22	1	27	2	32	3	34	4	96
0	29	1	21	2	47	3	70	4	86
0	97	1	60	2	6	3	3	4	61
0	93	1	94	2	5	3	96	4	45
0	25	1	39	2	63	3	84	4	54
0	77	1	90	2	90	3	55	4	48
0	5	1	85	2	48	3	93	4	1
0	32	1	41	2	73	3	69	4	94
0	81	1	11	2	46	3	46	4	45
0	64	1	84	2	25	3	87	4	90
0	85	1	31	2	22	3	13	4	7
0	83	1	63	2	48	3	79	4	20
0	38	1	30	2	92	3	22	4	82
0	13	1	12	2	13	3	2	4	30
0	52	1	22	2	36	3	3	4	63
0	15	1	92	2	18	3	40	4	89
0	93	1	66	2	4	3	65	4	62
0	73	1	64	2	35	3	87	4	18
0	69	1	93	2	93	3	49	4	56
0	51	1	19	2	25	3	64	4	33
0	53	1	72	2	23	3	57	4	38
0	64	1	95	2	19	3	49	4	91
0	91	1	46	2	9	3	90	4	26
0	72	1	26	2	28	3	59	4	9
0	48	1	77	2	26	3	84	4	61
0	59	1	29	2	86	3	46	4	13
0	96	1	68	2	53	3	7	4	37
0	22	1	43	2	46	3	27	4	98
0	78	1	45	2	85	3	95	4	27
0	23	1	85	2	3	3	24	4	84
0	26	1	91	2	65	3	55	4	85
0	75	1	46	2	38	3	96	4	79
0	36	1	10	2	73	3	37	4	95
0	24	1	92	2	2	3	53	4	5
0	29	1	79	2	1	3	61	4	30
0	3	1	91	2	30	3	58	4	38
0	74	1	26	2	63	3	61	4	87
0	5	1	3	2	97	3	22	4	61
0	75	1	5	2	50	3	48	4	62
0	69	1	72	2	49	3	99	4	4
0	31	1	83	2	50	3	19	4	55
0	46	1	91	2	4	3	25	4	82
0	84	1	17	2	80	3	58	4	6
0	11	1	46	2	12	3	50	4	90
0	21	1	94	2	80	3	92	4	30
0	24	1	30	2	52	3	99	4	61
0	31	1	43	2	30	3	55	4	8
0	90	1	76	2	45	3	7	4	41
0	14	1	98	2	72	3	39	4	77
0	59	1	25	2	91	3	43	4	52
0	23	1	60	2	98	3	10	4	82
0	36	1	3	2	58	3	88	4	31
LBCmax: 1774
RELDUE
-1	589	7	3
-1	669	1	3
-1	547	4	1
-1	759	1	6
-1	715	2	3
-1	680	8	5
-1	838	3	1
-1	621	6	4
-1	714	8	4
-1	582	3	9
-1	654	4	1
-1	538	8	4
-1	553	5	9
-1	562	3	5
-1	804	4	9
-1	609	5	4
-1	609	8	3
-1	678	4	9
-1	585	5	6
-1	785	8	5
-1	885	2	2
-1	668	2	2
-1	565	7	9
-1	699	1	7
-1	669	5	9
-1	785	3	1
-1	688	4	1
-1	605	6	7
-1	790	4	7
-1	785	7	4
-1	845	7	6
-1	596	2	3
-1	730	8	4
-1	798	7	9
-1	621	6	7
-1	800	9	2
-1	868	6	7
-1	563	8	3
-1	843	8	7
-1	657	7	6
-1	789	8	5
-1	886	1	5
-1	675	6	5
-1	633	1	7
-1	594	7	7
-1	606	6	7
-1	722	8	4
-1	852	8	6
-1	649	9	9
-1	748	3	3
-1	583	3	1
-1	751	2	7
-1	683	9	1
-1	593	4	7
-1	644	2	3
-1	809	8	6
-1	636	1	2
-1	735	6	2
-1	622	6	7
-1	817	6	3
-1	880	4	9
-1	765	3	9
-1	719	1	2
-1	816	4	3
-1	625	8	3
-1	590	4	9
-1	695	4	4
-1	642	3	7
-1	829	4	3
-1	536	5	6
-1	628	1	3
-1	577	5	4
-1	722	9	1
-1	816	7	6
-1	884	7	6
-1	887	9	2
-1	880	3	1
-1	819	8	4
-1	637	8	2
-1	595	7	7
-1	594	6	2
-1	723	8	9
-1	844	9	8
-1	573	2	6
-1	733	9	9
-1	625	7	4
-1	801	2	1
-1	669	3	1
-1	685	4	9
-1	700	9	1
-1	695	5	8
-1	664	6	3
-1	829	3	2
-1	558	6	4
-1	665	6	9
-1	556	9	2
-1	699	5	7
-1	746	9	9
-1	540	5	6
-1	536	4	1
DDW
483	695
642	696
465	629
638	880
586	844
598	762
830	846
590	652
607	821
489	675
530	778
447	629
520	586
483	641
748	860
505	713
536	682
597	759
509	661
644	926
841	929
568	768
452	678
566	832
662	676
691	879
571	805
551	659
766	814
722	848
744	946
501	691
635	825
654	942
596	646
752	848
842	894
467	659
776	910
558	756
773	805
815	957
574	776
525	741
588	600
594	618
585	859
699	1005
584	714
726	770
542	624
608	894
546	820
528	658
535	753
777	841
604	668
617	853
529	715
768	866
739	1021
666	864
697	741
759	873
600	650
566	614
660	730
591	693
746	912
531	541
540	716
485	669
686	758
661	971
743	1025
727	1047
704	1056
794	844
516	758
482	708
517	671
586	860
675	1013
567	579
718	748
538	712
665	937
656	682
678	692
560	840
681	709
611	717
812	846
547	569
532	798
500	612
657	741
686	806
464	616
440	632
