HFSDDW
100	25	5
0	56	1	90	2	45	3	41	4	31
0	93	1	13	2	56	3	37	4	67
0	27	1	24	2	14	3	44	4	38
0	86	1	79	2	18	3	41	4	93
0	23	1	56	2	36	3	93	4	35
0	13	1	4	2	98	3	40	4	24
0	95	1	2	2	28	3	90	4	34
0	32	1	78	2	34	3	74	4	67
0	37	1	14	2	88	3	2	4	22
0	84	1	25	2	21	3	34	4	66
0	63	1	11	2	83	3	15	4	89
0	1	1	55	2	52	3	7	4	19
0	90	1	15	2	16	3	14	4	71
0	25	1	95	2	23	3	10	4	6
0	9	1	45	2	43	3	73	4	56
0	9	1	68	2	35	3	71	4	50
0	87	1	82	2	64	3	74	4	60
0	85	1	19	2	13	3	2	4	34
0	77	1	26	2	28	3	56	4	77
0	23	1	97	2	74	3	31	4	96
0	88	1	2	2	12	3	29	4	57
0	18	1	67	2	10	3	58	4	80
0	32	1	21	2	81	3	57	4	31
0	8	1	50	2	42	3	53	4	86
0	7	1	82	2	22	3	76	4	29
0	83	1	18	2	87	3	96	4	33
0	12	1	93	2	4	3	74	4	61
0	85	1	71	2	36	3	17	4	42
0	18	1	9	2	55	3	21	4	2
0	57	1	44	2	70	3	25	4	69
0	73	1	56	2	22	3	44	4	90
0	6	1	80	2	35	3	1	4	74
0	1	1	80	2	13	3	25	4	69
0	39	1	17	2	8	3	95	4	46
0	37	1	15	2	25	3	11	4	68
0	98	1	28	2	1	3	74	4	71
0	39	1	47	2	62	3	28	4	60
0	55	1	72	2	60	3	84	4	56
0	6	1	36	2	36	3	42	4	42
0	38	1	95	2	30	3	52	4	63
0	41	1	37	2	75	3	79	4	32
0	58	1	31	2	11	3	75	4	91
0	77	1	79	2	61	3	29	4	36
0	53	1	18	2	84	3	64	4	14
0	67	1	57	2	24	3	40	4	40
0	2	1	79	2	82	3	69	4	31
0	3	1	98	2	49	3	12	4	31
0	3	1	72	2	82	3	96	4	3
0	25	1	61	2	84	3	92	4	78
0	26	1	75	2	7	3	7	4	89
0	20	1	11	2	65	3	38	4	95
0	83	1	14	2	36	3	40	4	30
0	78	1	48	2	41	3	45	4	89
0	79	1	31	2	49	3	97	4	33
0	81	1	35	2	88	3	62	4	89
0	6	1	72	2	31	3	62	4	14
0	27	1	72	2	76	3	80	4	11
0	91	1	34	2	11	3	16	4	47
0	88	1	36	2	43	3	66	4	24
0	76	1	20	2	39	3	4	4	98
0	95	1	26	2	10	3	73	4	9
0	85	1	23	2	3	3	49	4	90
0	12	1	82	2	74	3	26	4	4
0	7	1	72	2	61	3	34	4	97
0	45	1	20	2	34	3	50	4	45
0	45	1	92	2	22	3	38	4	13
0	85	1	34	2	28	3	63	4	18
0	1	1	63	2	3	3	71	4	26
0	68	1	31	2	62	3	26	4	36
0	7	1	62	2	18	3	62	4	18
0	5	1	59	2	5	3	6	4	54
0	76	1	92	2	59	3	29	4	63
0	92	1	1	2	64	3	36	4	5
0	77	1	55	2	11	3	8	4	3
0	43	1	70	2	89	3	9	4	29
0	15	1	57	2	8	3	15	4	39
0	82	1	74	2	59	3	21	4	9
0	27	1	29	2	22	3	10	4	42
0	9	1	5	2	73	3	9	4	33
0	67	1	66	2	27	3	22	4	58
0	51	1	51	2	10	3	60	4	75
0	35	1	69	2	96	3	76	4	39
0	19	1	84	2	45	3	90	4	80
0	18	1	42	2	44	3	27	4	77
0	49	1	34	2	2	3	66	4	93
0	39	1	97	2	81	3	75	4	61
0	48	1	31	2	86	3	56	4	87
0	31	1	65	2	99	3	46	4	74
0	58	1	33	2	45	3	70	4	23
0	25	1	59	2	82	3	28	4	15
0	26	1	23	2	99	3	44	4	10
0	18	1	50	2	44	3	66	4	36
0	37	1	87	2	21	3	16	4	91
0	88	1	97	2	89	3	4	4	50
0	53	1	42	2	98	3	53	4	20
0	17	1	88	2	32	3	43	4	69
0	79	1	15	2	54	3	61	4	36
0	26	1	31	2	43	3	46	4	70
0	81	1	22	2	34	3	10	4	37
0	70	1	12	2	30	3	78	4	35
LBCmax: 1070
RELDUE
-1	807	9	3
-1	899	8	1
-1	918	3	8
-1	916	9	2
-1	881	5	1
-1	929	4	4
-1	801	5	1
-1	850	2	1
-1	801	9	3
-1	949	6	4
-1	811	6	3
-1	788	6	8
-1	749	6	9
-1	957	9	9
-1	871	5	9
-1	796	3	9
-1	821	3	2
-1	878	1	8
-1	920	9	3
-1	890	7	4
-1	873	6	8
-1	868	9	3
-1	841	4	5
-1	820	4	6
-1	896	5	7
-1	816	6	2
-1	767	8	3
-1	939	1	7
-1	782	7	9
-1	854	4	4
-1	758	8	9
-1	875	7	5
-1	862	8	4
-1	768	1	3
-1	839	9	4
-1	768	2	7
-1	827	6	3
-1	912	7	7
-1	961	4	3
-1	859	5	2
-1	751	6	3
-1	927	4	8
-1	787	4	1
-1	862	2	9
-1	836	2	4
-1	883	1	9
-1	794	9	4
-1	827	5	6
-1	862	2	4
-1	780	5	9
-1	827	4	1
-1	860	7	1
-1	855	6	9
-1	776	6	5
-1	913	5	4
-1	903	4	4
-1	807	5	2
-1	846	7	6
-1	768	5	8
-1	814	2	7
-1	911	3	2
-1	825	2	5
-1	817	3	2
-1	910	7	2
-1	940	8	2
-1	900	5	9
-1	890	7	5
-1	945	8	5
-1	867	6	4
-1	851	2	4
-1	933	4	6
-1	873	5	7
-1	880	1	6
-1	810	5	7
-1	888	6	8
-1	909	1	3
-1	829	3	7
-1	942	7	2
-1	948	9	2
-1	762	7	4
-1	770	2	4
-1	903	6	4
-1	826	8	5
-1	751	7	9
-1	775	3	3
-1	861	1	2
-1	768	6	7
-1	834	4	6
-1	818	6	4
-1	900	5	6
-1	924	7	1
-1	944	6	9
-1	892	1	3
-1	896	6	9
-1	912	8	6
-1	889	6	4
-1	859	6	8
-1	840	2	9
-1	886	9	1
-1	900	9	5
DDW
726	888
854	944
872	964
879	953
802	960
836	1022
745	857
799	901
761	841
930	968
762	860
749	827
697	801
938	976
810	932
780	812
747	895
817	939
883	957
837	943
794	952
807	929
824	858
763	877
833	959
767	865
721	813
854	1024
727	837
820	888
705	811
822	928
819	905
691	845
780	898
745	791
777	877
885	939
942	980
842	876
706	796
918	936
740	834
793	931
828	844
865	901
730	858
786	868
836	888
702	858
810	844
834	886
795	915
745	807
849	977
876	930
775	839
778	914
714	822
790	838
875	947
751	899
735	899
901	919
893	987
891	909
881	899
879	1011
824	910
817	885
877	989
821	925
827	933
786	834
799	977
827	991
812	846
895	989
891	1005
716	808
701	839
885	921
768	884
698	804
752	798
827	895
699	837
817	851
785	851
864	936
832	1016
868	1020
830	954
815	977
839	985
818	960
842	876
798	882
859	913
891	909
