HFSDDW
50	15	5
0	95	1	3	2	93	3	77	4	32
0	20	1	96	2	64	3	61	4	29
0	79	1	80	2	16	3	58	4	5
0	61	1	10	2	3	3	82	4	96
0	56	1	13	2	77	3	62	4	50
0	10	1	97	2	97	3	4	4	73
0	14	1	36	2	63	3	19	4	45
0	23	1	7	2	32	3	34	4	99
0	46	1	26	2	74	3	68	4	86
0	20	1	81	2	59	3	50	4	89
0	55	1	21	2	58	3	56	4	91
0	82	1	26	2	31	3	28	4	23
0	22	1	98	2	60	3	88	4	16
0	43	1	17	2	97	3	13	4	81
0	54	1	77	2	68	3	82	4	50
0	31	1	39	2	9	3	76	4	30
0	28	1	39	2	48	3	15	4	19
0	92	1	78	2	7	3	27	4	62
0	97	1	76	2	5	3	12	4	77
0	48	1	66	2	86	3	53	4	44
0	3	1	84	2	47	3	68	4	35
0	77	1	52	2	75	3	7	4	61
0	44	1	17	2	55	3	97	4	94
0	83	1	51	2	46	3	70	4	23
0	65	1	11	2	70	3	50	4	84
0	78	1	73	2	57	3	6	4	2
0	64	1	52	2	56	3	32	4	27
0	44	1	92	2	79	3	79	4	41
0	41	1	3	2	99	3	66	4	18
0	81	1	22	2	7	3	18	4	94
0	97	1	20	2	17	3	30	4	79
0	92	1	14	2	96	3	84	4	57
0	5	1	94	2	70	3	5	4	96
0	91	1	60	2	23	3	71	4	50
0	91	1	72	2	67	3	29	4	82
0	62	1	11	2	5	3	32	4	4
0	57	1	67	2	40	3	11	4	5
0	45	1	36	2	27	3	53	4	34
0	31	1	95	2	94	3	22	4	37
0	46	1	32	2	94	3	69	4	26
0	21	1	98	2	36	3	67	4	4
0	25	1	53	2	87	3	48	4	17
0	81	1	10	2	64	3	80	4	1
0	38	1	55	2	60	3	1	4	52
0	56	1	34	2	70	3	37	4	20
0	95	1	77	2	45	3	92	4	36
0	30	1	16	2	35	3	6	4	82
0	58	1	32	2	72	3	7	4	79
0	91	1	49	2	78	3	36	4	53
0	21	1	32	2	14	3	21	4	99
LBCmax: 993
RELDUE
-1	876	5	7
-1	838	2	8
-1	884	9	1
-1	730	2	7
-1	836	6	6
-1	869	3	9
-1	752	2	5
-1	892	4	8
-1	790	8	1
-1	711	7	3
-1	790	4	6
-1	710	3	1
-1	885	2	7
-1	719	6	5
-1	867	8	7
-1	826	5	8
-1	844	8	9
-1	811	5	9
-1	891	5	5
-1	780	9	4
-1	707	4	5
-1	861	6	7
-1	801	6	4
-1	736	2	7
-1	814	5	5
-1	708	1	5
-1	804	9	2
-1	762	4	8
-1	863	5	2
-1	892	6	2
-1	823	5	6
-1	822	8	8
-1	743	1	4
-1	880	1	2
-1	784	9	5
-1	811	4	4
-1	737	1	3
-1	729	8	9
-1	765	9	5
-1	885	4	8
-1	753	5	8
-1	760	1	4
-1	743	7	1
-1	892	9	6
-1	758	5	6
-1	863	4	4
-1	802	8	8
-1	828	9	7
-1	794	6	7
-1	868	6	2
DDW
850	902
830	846
813	955
723	737
819	853
808	930
714	790
830	954
758	822
675	747
711	869
639	781
814	956
654	784
806	928
768	884
785	903
770	852
882	900
772	788
665	749
818	904
745	857
707	765
798	830
701	715
756	852
739	785
820	906
874	910
790	856
797	847
669	817
854	906
737	831
762	860
730	744
656	802
742	788
867	903
708	798
737	783
721	765
883	901
697	819
820	906
746	858
745	911
778	810
842	894
