HFSDDW
100	15	5
0	50	1	72	2	61	3	11	4	50
0	90	1	47	2	26	3	67	4	10
0	47	1	21	2	18	3	95	4	49
0	50	1	17	2	89	3	1	4	22
0	38	1	69	2	6	3	67	4	75
0	24	1	72	2	88	3	59	4	65
0	50	1	52	2	31	3	2	4	77
0	8	1	4	2	95	3	12	4	81
0	65	1	39	2	78	3	27	4	32
0	97	1	42	2	31	3	34	4	25
0	62	1	84	2	6	3	51	4	24
0	80	1	66	2	93	3	35	4	26
0	18	1	59	2	67	3	3	4	60
0	95	1	90	2	16	3	18	4	42
0	47	1	21	2	78	3	19	4	56
0	99	1	91	2	79	3	36	4	78
0	81	1	41	2	54	3	34	4	4
0	66	1	46	2	80	3	78	4	96
0	41	1	10	2	61	3	85	4	64
0	6	1	71	2	75	3	66	4	37
0	8	1	27	2	13	3	92	4	77
0	41	1	6	2	87	3	95	4	24
0	89	1	87	2	58	3	57	4	44
0	76	1	5	2	34	3	99	4	93
0	50	1	11	2	37	3	22	4	1
0	37	1	60	2	92	3	55	4	50
0	28	1	16	2	13	3	98	4	70
0	55	1	29	2	62	3	56	4	62
0	60	1	58	2	84	3	54	4	8
0	54	1	52	2	4	3	41	4	87
0	2	1	38	2	76	3	73	4	86
0	97	1	89	2	91	3	91	4	41
0	81	1	14	2	33	3	45	4	96
0	73	1	74	2	59	3	86	4	89
0	48	1	43	2	77	3	38	4	33
0	91	1	26	2	83	3	14	4	46
0	84	1	56	2	51	3	67	4	49
0	89	1	40	2	40	3	12	4	73
0	65	1	37	2	70	3	16	4	81
0	47	1	25	2	40	3	58	4	34
0	80	1	93	2	17	3	52	4	39
0	58	1	60	2	39	3	40	4	95
0	72	1	7	2	78	3	46	4	56
0	25	1	62	2	66	3	95	4	7
0	34	1	35	2	47	3	14	4	24
0	12	1	72	2	62	3	56	4	86
0	67	1	85	2	25	3	79	4	66
0	91	1	40	2	99	3	28	4	90
0	30	1	1	2	99	3	17	4	1
0	58	1	59	2	25	3	59	4	56
0	85	1	59	2	45	3	51	4	1
0	46	1	47	2	3	3	28	4	28
0	86	1	98	2	82	3	54	4	28
0	87	1	82	2	98	3	79	4	65
0	85	1	62	2	38	3	5	4	77
0	33	1	35	2	30	3	14	4	65
0	53	1	48	2	3	3	1	4	2
0	8	1	40	2	73	3	79	4	21
0	44	1	37	2	72	3	99	4	5
0	32	1	19	2	46	3	88	4	14
0	76	1	60	2	45	3	94	4	71
0	23	1	22	2	40	3	74	4	67
0	11	1	17	2	89	3	62	4	75
0	38	1	95	2	82	3	53	4	21
0	47	1	9	2	20	3	59	4	21
0	48	1	90	2	38	3	99	4	46
0	15	1	88	2	41	3	99	4	89
0	93	1	4	2	9	3	30	4	78
0	86	1	99	2	99	3	12	4	10
0	27	1	48	2	11	3	25	4	67
0	37	1	37	2	93	3	68	4	66
0	68	1	40	2	85	3	73	4	23
0	33	1	83	2	41	3	29	4	52
0	23	1	76	2	89	3	73	4	82
0	35	1	86	2	52	3	74	4	35
0	47	1	10	2	8	3	50	4	93
0	1	1	80	2	14	3	33	4	10
0	78	1	95	2	72	3	33	4	21
0	53	1	18	2	35	3	7	4	46
0	3	1	59	2	71	3	60	4	87
0	51	1	58	2	37	3	42	4	32
0	50	1	84	2	19	3	34	4	20
0	59	1	32	2	36	3	80	4	23
0	52	1	70	2	8	3	19	4	74
0	28	1	4	2	56	3	52	4	30
0	18	1	51	2	46	3	28	4	32
0	88	1	39	2	48	3	63	4	43
0	43	1	43	2	71	3	2	4	59
0	93	1	76	2	39	3	14	4	62
0	21	1	81	2	55	3	84	4	93
0	33	1	52	2	52	3	85	4	59
0	48	1	2	2	85	3	13	4	15
0	98	1	39	2	90	3	2	4	32
0	21	1	84	2	73	3	38	4	79
0	10	1	98	2	6	3	60	4	81
0	51	1	64	2	43	3	90	4	9
0	36	1	96	2	62	3	35	4	99
0	36	1	86	2	63	3	4	4	95
0	42	1	58	2	59	3	87	4	61
0	55	1	85	2	38	3	82	4	42
LBCmax: 1812
RELDUE
-1	1205	8	2
-1	681	3	6
-1	857	4	6
-1	632	3	9
-1	2076	8	7
-1	1165	5	6
-1	1384	4	2
-1	2217	5	1
-1	613	2	5
-1	697	3	1
-1	2053	7	3
-1	1607	1	7
-1	2261	6	2
-1	614	3	9
-1	1959	6	4
-1	581	4	8
-1	1936	3	7
-1	1563	7	7
-1	575	6	5
-1	2277	1	9
-1	1159	2	9
-1	927	9	7
-1	1819	1	3
-1	1312	6	7
-1	1228	7	6
-1	1476	5	5
-1	1262	5	5
-1	886	8	6
-1	2337	2	5
-1	1019	1	2
-1	1729	3	4
-1	1018	4	4
-1	1630	3	7
-1	1429	4	7
-1	1855	4	7
-1	1065	5	7
-1	1981	5	4
-1	1573	9	7
-1	1448	4	3
-1	1726	7	3
-1	2164	6	5
-1	2251	2	1
-1	1617	9	9
-1	2261	3	8
-1	758	8	2
-1	2047	6	2
-1	1689	5	8
-1	1539	6	8
-1	705	6	5
-1	1605	5	3
-1	1960	9	9
-1	1076	4	9
-1	1201	2	7
-1	2121	9	2
-1	680	5	1
-1	821	3	8
-1	1218	8	7
-1	1901	6	7
-1	1760	2	3
-1	1144	4	4
-1	2259	4	6
-1	1041	8	3
-1	2237	2	4
-1	1951	2	6
-1	1324	7	2
-1	1579	2	8
-1	2334	8	4
-1	1375	4	7
-1	1115	2	2
-1	1437	9	3
-1	957	9	2
-1	907	3	7
-1	659	8	7
-1	1206	4	7
-1	656	3	8
-1	1264	6	3
-1	1667	2	1
-1	1914	8	4
-1	1097	2	1
-1	1538	8	7
-1	2143	6	4
-1	2080	4	4
-1	724	9	5
-1	1276	9	4
-1	1415	4	9
-1	1196	6	9
-1	2174	4	2
-1	1865	5	3
-1	1292	3	1
-1	1578	4	4
-1	2204	1	5
-1	624	3	9
-1	2169	5	9
-1	848	6	8
-1	1824	5	1
-1	1666	5	1
-1	558	4	2
-1	2022	6	5
-1	1480	8	9
-1	1536	8	4
DDW
1097	1313
613	749
823	891
607	657
2014	2138
1083	1247
1246	1522
2195	2239
570	656
655	739
2032	2074
1591	1623
2103	2419
583	645
1802	2116
569	593
1917	1955
1485	1641
523	627
2049	2505
1055	1263
908	946
1655	1983
1260	1364
1179	1277
1402	1550
1186	1338
868	904
2197	2477
917	1121
1643	1815
977	1059
1597	1663
1286	1572
1744	1966
1054	1076
1961	2001
1416	1730
1361	1535
1571	1881
2142	2186
2116	2386
1585	1649
2035	2487
682	834
1945	2149
1605	1773
1385	1693
670	740
1525	1685
1862	2058
1033	1119
1189	1213
1909	2333
639	721
764	878
1194	1242
1711	2091
1584	1936
1041	1247
2214	2304
958	1124
2103	2371
1814	2088
1298	1350
1468	1690
2101	2567
1279	1471
1015	1215
1336	1538
947	967
898	916
600	718
1194	1218
590	722
1213	1315
1500	1834
1742	2086
1042	1152
1384	1692
2122	2164
1934	2226
666	782
1263	1289
1344	1486
1172	1220
2087	2261
1809	1921
1227	1357
1420	1736
1984	2424
612	636
1952	2386
780	916
1678	1970
1616	1716
552	564
1921	2123
1347	1613
1490	1582
