HFSDDW
50	15	5
0	81	1	46	2	24	3	35	4	19
0	56	1	52	2	40	3	9	4	9
0	25	1	88	2	57	3	22	4	82
0	55	1	17	2	86	3	46	4	73
0	72	1	38	2	70	3	84	4	89
0	5	1	64	2	1	3	85	4	33
0	69	1	80	2	39	3	82	4	89
0	17	1	15	2	19	3	31	4	36
0	87	1	42	2	85	3	6	4	57
0	97	1	56	2	36	3	90	4	38
0	6	1	56	2	60	3	50	4	41
0	43	1	75	2	40	3	45	4	15
0	92	1	51	2	55	3	76	4	39
0	44	1	49	2	75	3	32	4	65
0	41	1	98	2	56	3	11	4	86
0	31	1	53	2	64	3	27	4	92
0	49	1	28	2	11	3	47	4	28
0	14	1	21	2	89	3	41	4	46
0	41	1	75	2	73	3	16	4	44
0	36	1	86	2	10	3	67	4	14
0	48	1	80	2	5	3	25	4	97
0	8	1	1	2	49	3	63	4	11
0	90	1	11	2	14	3	53	4	66
0	65	1	40	2	8	3	49	4	26
0	24	1	59	2	35	3	85	4	24
0	65	1	26	2	40	3	67	4	51
0	44	1	43	2	97	3	14	4	45
0	68	1	24	2	86	3	50	4	20
0	14	1	71	2	27	3	30	4	55
0	31	1	62	2	20	3	50	4	79
0	95	1	79	2	60	3	41	4	89
0	88	1	46	2	19	3	1	4	32
0	82	1	60	2	82	3	13	4	66
0	47	1	14	2	1	3	9	4	97
0	41	1	54	2	58	3	29	4	12
0	53	1	33	2	5	3	30	4	93
0	4	1	6	2	89	3	88	4	55
0	65	1	83	2	56	3	24	4	56
0	22	1	6	2	85	3	18	4	38
0	53	1	88	2	15	3	64	4	9
0	18	1	62	2	12	3	52	4	38
0	41	1	22	2	31	3	30	4	36
0	56	1	42	2	88	3	8	4	29
0	76	1	70	2	93	3	57	4	2
0	64	1	57	2	76	3	53	4	76
0	36	1	69	2	40	3	91	4	58
0	64	1	19	2	40	3	22	4	76
0	41	1	93	2	38	3	51	4	14
0	44	1	52	2	27	3	88	4	1
0	80	1	17	2	77	3	89	4	61
LBCmax: 934
RELDUE
-1	435	8	5
-1	458	5	1
-1	387	8	5
-1	398	5	2
-1	363	1	3
-1	393	3	9
-1	441	1	8
-1	390	8	8
-1	422	3	1
-1	283	9	1
-1	415	7	3
-1	433	8	2
-1	354	3	5
-1	414	7	9
-1	414	1	9
-1	349	9	7
-1	283	7	9
-1	404	2	7
-1	339	5	5
-1	444	5	3
-1	435	2	5
-1	341	7	5
-1	361	8	6
-1	361	3	8
-1	388	6	6
-1	301	3	1
-1	336	6	2
-1	445	8	5
-1	378	6	3
-1	460	7	3
-1	316	8	6
-1	451	2	1
-1	375	4	5
-1	336	3	2
-1	421	6	2
-1	410	4	8
-1	396	6	7
-1	424	8	3
-1	425	5	4
-1	308	3	7
-1	383	2	8
-1	345	3	4
-1	396	6	9
-1	372	2	6
-1	359	1	6
-1	396	1	2
-1	303	8	2
-1	383	5	6
-1	310	4	6
-1	399	2	3
DDW
405	465
444	472
372	402
354	442
341	385
350	436
401	481
320	460
392	452
246	320
411	419
416	450
283	425
335	493
402	426
283	415
266	300
343	465
305	373
408	480
400	470
293	389
347	375
289	433
380	396
286	316
269	403
409	481
355	401
437	483
256	376
365	537
349	401
333	339
383	459
402	418
341	451
360	488
412	438
299	317
341	425
324	366
372	420
342	402
312	406
321	471
291	315
314	452
301	319
355	443
