HFSDDW
100	25	5
0	82	1	15	2	13	3	68	4	37
0	62	1	75	2	76	3	22	4	22
0	19	1	68	2	83	3	73	4	32
0	49	1	9	2	38	3	43	4	24
0	15	1	90	2	73	3	78	4	72
0	5	1	73	2	97	3	68	4	94
0	5	1	7	2	69	3	19	4	86
0	49	1	48	2	34	3	50	4	27
0	94	1	41	2	19	3	75	4	94
0	10	1	5	2	1	3	86	4	89
0	79	1	51	2	1	3	93	4	32
0	92	1	42	2	34	3	95	4	33
0	88	1	78	2	8	3	27	4	17
0	12	1	98	2	65	3	86	4	83
0	1	1	74	2	87	3	16	4	29
0	73	1	71	2	97	3	83	4	63
0	99	1	72	2	11	3	78	4	15
0	54	1	6	2	75	3	86	4	94
0	8	1	14	2	38	3	18	4	38
0	17	1	34	2	91	3	59	4	83
0	11	1	39	2	15	3	4	4	88
0	6	1	63	2	85	3	65	4	59
0	21	1	44	2	51	3	33	4	33
0	17	1	67	2	29	3	13	4	62
0	6	1	23	2	79	3	91	4	75
0	87	1	36	2	70	3	77	4	12
0	40	1	80	2	39	3	99	4	53
0	61	1	57	2	7	3	89	4	10
0	90	1	21	2	11	3	28	4	74
0	64	1	63	2	6	3	84	4	22
0	50	1	5	2	79	3	96	4	78
0	87	1	60	2	24	3	29	4	2
0	69	1	93	2	8	3	53	4	19
0	40	1	6	2	51	3	79	4	72
0	59	1	60	2	40	3	3	4	72
0	84	1	13	2	51	3	18	4	12
0	25	1	30	2	85	3	56	4	62
0	36	1	2	2	42	3	22	4	65
0	1	1	34	2	78	3	87	4	40
0	97	1	14	2	57	3	9	4	34
0	59	1	12	2	26	3	13	4	62
0	89	1	64	2	76	3	25	4	93
0	75	1	10	2	6	3	17	4	77
0	40	1	9	2	51	3	91	4	83
0	39	1	63	2	30	3	15	4	71
0	26	1	81	2	52	3	62	4	74
0	71	1	55	2	42	3	84	4	53
0	13	1	4	2	72	3	94	4	72
0	71	1	25	2	18	3	29	4	89
0	91	1	28	2	62	3	11	4	1
0	89	1	62	2	66	3	26	4	94
0	95	1	81	2	12	3	41	4	36
0	8	1	13	2	14	3	50	4	22
0	21	1	67	2	22	3	63	4	65
0	36	1	36	2	57	3	19	4	12
0	14	1	45	2	2	3	26	4	80
0	97	1	20	2	42	3	62	4	85
0	10	1	89	2	17	3	89	4	57
0	31	1	92	2	31	3	58	4	65
0	58	1	11	2	67	3	7	4	69
0	25	1	7	2	98	3	45	4	64
0	53	1	6	2	47	3	14	4	80
0	50	1	80	2	85	3	61	4	39
0	88	1	71	2	52	3	64	4	13
0	31	1	50	2	32	3	7	4	34
0	44	1	5	2	98	3	54	4	54
0	3	1	78	2	94	3	57	4	56
0	91	1	22	2	96	3	98	4	33
0	4	1	43	2	3	3	10	4	7
0	51	1	7	2	70	3	20	4	77
0	87	1	59	2	4	3	94	4	38
0	74	1	74	2	92	3	12	4	20
0	49	1	8	2	93	3	60	4	77
0	72	1	86	2	29	3	6	4	47
0	67	1	74	2	53	3	32	4	9
0	88	1	48	2	23	3	99	4	83
0	38	1	35	2	78	3	77	4	66
0	43	1	74	2	1	3	19	4	82
0	17	1	29	2	84	3	78	4	84
0	96	1	49	2	42	3	32	4	34
0	64	1	77	2	65	3	72	4	10
0	13	1	7	2	71	3	85	4	49
0	26	1	52	2	92	3	29	4	82
0	14	1	29	2	17	3	94	4	34
0	98	1	85	2	11	3	24	4	31
0	38	1	90	2	75	3	48	4	13
0	39	1	6	2	91	3	65	4	19
0	60	1	70	2	7	3	67	4	53
0	37	1	4	2	16	3	69	4	56
0	65	1	37	2	55	3	95	4	70
0	68	1	33	2	48	3	97	4	36
0	79	1	67	2	42	3	42	4	72
0	23	1	31	2	24	3	73	4	11
0	21	1	60	2	28	3	11	4	23
0	44	1	22	2	49	3	41	4	97
0	94	1	70	2	41	3	67	4	65
0	2	1	35	2	79	3	78	4	44
0	6	1	57	2	94	3	29	4	40
0	92	1	28	2	65	3	94	4	30
0	6	1	80	2	42	3	59	4	35
LBCmax: 1114
RELDUE
-1	163	2	2
-1	213	7	4
-1	607	4	1
-1	923	4	8
-1	402	7	6
-1	623	6	1
-1	1045	3	7
-1	193	5	2
-1	113	9	3
-1	573	7	5
-1	206	6	2
-1	408	8	9
-1	935	9	8
-1	959	8	5
-1	904	2	8
-1	1098	6	8
-1	691	5	9
-1	616	5	5
-1	432	9	8
-1	157	3	3
-1	818	4	3
-1	849	5	1
-1	1207	6	8
-1	906	8	8
-1	451	9	9
-1	285	9	3
-1	750	2	2
-1	722	8	1
-1	233	3	8
-1	1127	5	6
-1	277	3	9
-1	424	6	8
-1	1020	9	8
-1	475	5	4
-1	790	3	1
-1	1136	3	1
-1	1115	9	4
-1	181	1	4
-1	689	6	7
-1	1205	4	2
-1	358	9	9
-1	666	6	3
-1	1158	9	4
-1	1087	7	4
-1	455	1	4
-1	842	2	2
-1	717	4	6
-1	1099	1	5
-1	370	7	7
-1	572	1	8
-1	710	3	4
-1	495	5	9
-1	260	6	8
-1	724	3	7
-1	908	1	5
-1	539	4	6
-1	232	4	3
-1	926	6	3
-1	583	3	3
-1	227	9	6
-1	1098	1	2
-1	433	4	9
-1	1185	8	1
-1	211	7	4
-1	406	4	6
-1	1007	6	9
-1	614	7	6
-1	570	8	5
-1	280	4	7
-1	994	6	1
-1	1208	1	1
-1	621	3	5
-1	1152	1	6
-1	453	7	2
-1	1024	1	7
-1	263	2	4
-1	917	7	4
-1	231	7	2
-1	562	1	6
-1	835	1	5
-1	794	2	9
-1	877	3	5
-1	463	8	4
-1	887	8	8
-1	527	4	1
-1	1008	9	6
-1	274	6	8
-1	407	6	1
-1	793	9	8
-1	361	8	3
-1	1015	4	5
-1	300	4	7
-1	824	4	3
-1	573	2	3
-1	217	8	7
-1	1151	5	8
-1	706	6	1
-1	1057	8	2
-1	792	7	7
-1	673	7	6
DDW
139	187
177	249
522	692
748	1098
334	470
548	698
878	1212
156	230
93	133
487	659
194	218
388	428
785	1085
806	1112
868	940
955	1241
608	774
536	696
415	449
137	177
777	859
747	951
1195	1219
770	1042
397	505
276	294
600	900
643	801
186	280
1026	1228
260	294
407	441
979	1061
456	494
703	877
1000	1272
914	1316
165	197
572	806
1012	1398
322	394
626	706
1054	1262
1054	1120
410	500
791	893
574	860
912	1286
300	440
538	606
625	795
485	505
229	291
717	731
826	990
517	561
193	271
741	1111
542	624
193	261
955	1241
411	455
960	1410
192	230
369	443
977	1037
602	626
502	638
266	294
865	1123
1015	1401
596	646
956	1348
412	494
983	1065
210	316
889	945
189	273
528	596
785	885
770	818
851	903
407	519
754	1020
432	622
958	1058
241	307
395	419
666	920
332	390
863	1167
246	354
808	840
556	590
210	224
1082	1220
657	755
1046	1068
681	903
619	727
