HFSDDW
100	25	5
0	74	1	84	2	1	3	5	4	85
0	33	1	41	2	25	3	54	4	6
0	32	1	28	2	40	3	53	4	81
0	52	1	70	2	91	3	80	4	3
0	55	1	92	2	88	3	61	4	4
0	18	1	42	2	9	3	32	4	27
0	35	1	4	2	27	3	69	4	31
0	15	1	21	2	99	3	20	4	18
0	33	1	3	2	20	3	86	4	11
0	74	1	59	2	47	3	60	4	27
0	72	1	17	2	8	3	92	4	56
0	82	1	96	2	39	3	1	4	67
0	90	1	32	2	92	3	27	4	70
0	28	1	2	2	70	3	23	4	67
0	31	1	70	2	71	3	63	4	70
0	52	1	72	2	2	3	50	4	30
0	59	1	95	2	48	3	6	4	54
0	19	1	96	2	34	3	14	4	49
0	19	1	82	2	98	3	52	4	28
0	1	1	10	2	92	3	16	4	83
0	72	1	88	2	24	3	93	4	95
0	3	1	45	2	45	3	23	4	4
0	10	1	94	2	88	3	71	4	9
0	94	1	84	2	87	3	73	4	52
0	31	1	68	2	57	3	74	4	49
0	49	1	71	2	20	3	35	4	69
0	42	1	80	2	86	3	66	4	57
0	70	1	71	2	54	3	10	4	52
0	73	1	52	2	11	3	10	4	40
0	24	1	93	2	28	3	43	4	33
0	17	1	23	2	19	3	64	4	53
0	5	1	32	2	50	3	45	4	46
0	31	1	26	2	10	3	54	4	62
0	29	1	9	2	22	3	14	4	39
0	24	1	30	2	77	3	22	4	78
0	79	1	57	2	48	3	35	4	25
0	56	1	44	2	76	3	3	4	52
0	20	1	61	2	23	3	14	4	52
0	39	1	22	2	10	3	64	4	21
0	48	1	43	2	56	3	48	4	11
0	16	1	71	2	14	3	5	4	10
0	87	1	45	2	97	3	85	4	74
0	47	1	84	2	15	3	21	4	90
0	87	1	49	2	7	3	3	4	42
0	67	1	86	2	9	3	61	4	99
0	3	1	21	2	14	3	1	4	30
0	36	1	2	2	99	3	25	4	10
0	85	1	30	2	71	3	93	4	64
0	74	1	64	2	37	3	40	4	6
0	55	1	7	2	89	3	74	4	34
0	98	1	36	2	54	3	6	4	43
0	29	1	63	2	53	3	5	4	7
0	67	1	32	2	96	3	55	4	38
0	46	1	84	2	90	3	11	4	5
0	57	1	78	2	14	3	38	4	68
0	4	1	49	2	68	3	56	4	45
0	96	1	32	2	40	3	67	4	32
0	99	1	47	2	94	3	81	4	80
0	23	1	77	2	66	3	86	4	97
0	43	1	67	2	82	3	3	4	59
0	70	1	16	2	78	3	69	4	76
0	21	1	23	2	17	3	38	4	39
0	80	1	94	2	96	3	60	4	11
0	36	1	92	2	30	3	24	4	38
0	99	1	89	2	10	3	30	4	82
0	80	1	12	2	28	3	40	4	26
0	37	1	67	2	66	3	96	4	74
0	81	1	53	2	70	3	91	4	11
0	77	1	31	2	57	3	42	4	1
0	28	1	80	2	7	3	75	4	62
0	50	1	37	2	58	3	64	4	60
0	80	1	6	2	48	3	86	4	95
0	10	1	95	2	76	3	12	4	2
0	13	1	29	2	99	3	85	4	30
0	82	1	22	2	39	3	14	4	61
0	69	1	33	2	67	3	29	4	55
0	1	1	5	2	52	3	78	4	75
0	1	1	9	2	3	3	37	4	93
0	75	1	5	2	84	3	95	4	2
0	82	1	54	2	45	3	40	4	88
0	99	1	80	2	22	3	46	4	79
0	29	1	98	2	45	3	3	4	91
0	48	1	39	2	20	3	32	4	95
0	5	1	44	2	98	3	37	4	2
0	5	1	27	2	63	3	91	4	55
0	78	1	38	2	43	3	13	4	79
0	16	1	87	2	27	3	41	4	55
0	20	1	83	2	6	3	98	4	47
0	2	1	64	2	99	3	46	4	46
0	37	1	85	2	52	3	99	4	96
0	38	1	55	2	9	3	38	4	84
0	72	1	18	2	30	3	90	4	2
0	90	1	55	2	33	3	24	4	76
0	60	1	12	2	78	3	76	4	76
0	21	1	38	2	99	3	90	4	1
0	40	1	27	2	18	3	45	4	19
0	92	1	86	2	43	3	16	4	41
0	60	1	79	2	89	3	57	4	82
0	3	1	53	2	16	3	97	4	56
0	47	1	31	2	76	3	70	4	85
LBCmax: 1070
RELDUE
-1	164	5	4
-1	0	6	6
-1	698	6	4
-1	150	4	5
-1	709	4	8
-1	0	3	8
-1	481	3	8
-1	89	1	9
-1	302	4	1
-1	359	7	4
-1	380	4	6
-1	0	7	9
-1	800	3	6
-1	669	3	5
-1	0	8	6
-1	0	4	1
-1	18	3	2
-1	81	3	5
-1	777	2	5
-1	60	3	7
-1	755	6	1
-1	131	5	7
-1	115	6	2
-1	898	1	9
-1	684	2	6
-1	613	2	7
-1	132	9	4
-1	0	1	9
-1	256	7	7
-1	463	4	9
-1	0	2	8
-1	443	7	8
-1	401	4	3
-1	532	5	2
-1	888	5	6
-1	804	8	9
-1	7	7	9
-1	99	7	3
-1	310	1	1
-1	325	3	1
-1	0	6	3
-1	549	3	2
-1	436	4	7
-1	39	1	8
-1	292	1	4
-1	0	8	4
-1	628	1	4
-1	350	6	7
-1	841	4	6
-1	441	3	3
-1	268	7	9
-1	36	4	6
-1	891	8	3
-1	473	9	1
-1	0	6	8
-1	0	8	7
-1	820	4	3
-1	764	3	8
-1	430	6	5
-1	0	4	7
-1	730	2	6
-1	453	1	2
-1	796	7	4
-1	802	8	4
-1	259	4	1
-1	900	9	5
-1	457	7	9
-1	160	4	7
-1	744	9	6
-1	146	4	2
-1	901	7	9
-1	882	2	3
-1	734	5	1
-1	344	1	7
-1	3	1	7
-1	98	2	8
-1	658	2	5
-1	0	2	1
-1	498	8	2
-1	665	9	4
-1	948	5	6
-1	746	7	6
-1	43	8	3
-1	778	9	4
-1	87	9	6
-1	920	9	9
-1	516	2	3
-1	892	1	2
-1	476	4	8
-1	855	7	6
-1	947	4	1
-1	206	4	6
-1	633	8	2
-1	213	3	3
-1	558	8	4
-1	460	8	8
-1	716	7	9
-1	597	7	2
-1	744	3	6
-1	356	4	2
DDW
157	171
0	0
579	817
138	162
596	822
0	0
418	544
72	106
278	326
291	427
334	426
0	0
720	880
629	709
0	0
0	0
17	19
79	83
653	901
50	70
747	763
114	148
101	129
790	1006
568	800
601	625
127	137
0	0
228	284
370	556
0	0
368	518
369	433
479	585
799	977
667	941
7	7
98	100
254	366
286	364
0	0
505	593
358	514
32	46
242	342
0	0
578	678
315	385
690	992
415	467
214	322
35	37
740	1042
407	539
0	0
0	0
812	828
718	810
383	477
0	0
708	752
421	485
732	860
730	874
207	311
765	1035
388	526
128	192
625	863
139	153
856	946
856	908
705	763
327	361
3	3
84	112
553	763
0	0
418	578
645	685
806	1090
642	850
40	46
731	825
86	88
773	1067
511	521
758	1026
443	509
684	1026
786	1108
167	245
570	696
204	222
502	614
442	478
573	859
537	657
595	893
349	363
