HFSDDW
100	15	5
0	46	1	45	2	20	3	21	4	30
0	96	1	38	2	37	3	11	4	6
0	10	1	48	2	48	3	91	4	69
0	47	1	62	2	57	3	25	4	41
0	32	1	82	2	33	3	40	4	99
0	47	1	51	2	1	3	35	4	80
0	10	1	38	2	40	3	37	4	2
0	55	1	28	2	55	3	48	4	12
0	8	1	71	2	99	3	20	4	1
0	50	1	21	2	37	3	48	4	62
0	20	1	79	2	56	3	28	4	95
0	63	1	12	2	80	3	22	4	83
0	45	1	38	2	2	3	31	4	96
0	72	1	9	2	11	3	90	4	15
0	20	1	7	2	9	3	13	4	34
0	61	1	83	2	14	3	39	4	49
0	26	1	15	2	52	3	73	4	61
0	31	1	82	2	12	3	42	4	38
0	43	1	47	2	33	3	65	4	67
0	70	1	69	2	69	3	24	4	29
0	42	1	11	2	47	3	34	4	43
0	13	1	70	2	43	3	94	4	35
0	80	1	98	2	42	3	72	4	57
0	31	1	85	2	29	3	69	4	65
0	90	1	96	2	68	3	52	4	71
0	72	1	74	2	44	3	46	4	64
0	91	1	14	2	90	3	11	4	8
0	16	1	67	2	18	3	30	4	48
0	60	1	39	2	17	3	8	4	58
0	45	1	5	2	61	3	8	4	36
0	84	1	41	2	99	3	58	4	38
0	45	1	42	2	95	3	62	4	70
0	39	1	27	2	97	3	31	4	43
0	66	1	9	2	32	3	64	4	42
0	64	1	67	2	98	3	22	4	6
0	52	1	80	2	61	3	93	4	26
0	68	1	13	2	36	3	11	4	79
0	50	1	14	2	32	3	72	4	63
0	73	1	72	2	56	3	59	4	10
0	34	1	41	2	86	3	64	4	91
0	37	1	73	2	96	3	66	4	72
0	17	1	43	2	78	3	53	4	86
0	65	1	81	2	2	3	36	4	3
0	27	1	90	2	87	3	51	4	92
0	53	1	76	2	60	3	2	4	68
0	91	1	12	2	39	3	13	4	71
0	11	1	93	2	96	3	2	4	89
0	94	1	16	2	70	3	38	4	63
0	8	1	35	2	79	3	85	4	97
0	92	1	70	2	20	3	57	4	83
0	43	1	54	2	36	3	72	4	39
0	61	1	14	2	94	3	97	4	80
0	5	1	4	2	66	3	81	4	76
0	72	1	84	2	1	3	47	4	8
0	11	1	21	2	49	3	88	4	84
0	18	1	97	2	74	3	4	4	76
0	22	1	92	2	82	3	30	4	28
0	56	1	57	2	25	3	63	4	29
0	81	1	22	2	72	3	58	4	58
0	5	1	69	2	97	3	9	4	26
0	8	1	70	2	72	3	49	4	72
0	23	1	6	2	48	3	87	4	21
0	63	1	39	2	90	3	21	4	59
0	13	1	21	2	37	3	53	4	21
0	15	1	60	2	38	3	19	4	27
0	89	1	48	2	90	3	30	4	79
0	49	1	99	2	65	3	78	4	68
0	51	1	21	2	34	3	57	4	6
0	50	1	10	2	37	3	42	4	65
0	42	1	31	2	52	3	99	4	45
0	84	1	32	2	44	3	88	4	12
0	48	1	33	2	53	3	23	4	83
0	74	1	15	2	18	3	9	4	72
0	64	1	73	2	13	3	53	4	8
0	92	1	87	2	80	3	48	4	70
0	5	1	23	2	95	3	54	4	84
0	58	1	96	2	91	3	84	4	95
0	17	1	55	2	77	3	66	4	20
0	19	1	67	2	11	3	73	4	31
0	36	1	92	2	29	3	69	4	1
0	69	1	18	2	98	3	91	4	53
0	96	1	52	2	96	3	18	4	7
0	26	1	37	2	99	3	39	4	25
0	78	1	23	2	33	3	13	4	55
0	9	1	95	2	47	3	33	4	88
0	26	1	76	2	7	3	18	4	35
0	13	1	94	2	27	3	53	4	15
0	41	1	97	2	1	3	32	4	99
0	65	1	59	2	60	3	59	4	94
0	82	1	68	2	72	3	48	4	52
0	13	1	59	2	16	3	14	4	92
0	73	1	71	2	66	3	3	4	28
0	20	1	46	2	79	3	83	4	94
0	31	1	11	2	46	3	24	4	84
0	81	1	23	2	2	3	14	4	90
0	50	1	36	2	87	3	38	4	7
0	57	1	5	2	58	3	65	4	22
0	53	1	78	2	13	3	61	4	42
0	70	1	31	2	97	3	4	4	79
0	19	1	79	2	76	3	65	4	63
LBCmax: 1837
RELDUE
-1	970	3	5
-1	425	4	9
-1	722	1	4
-1	895	5	8
-1	970	8	4
-1	1181	6	7
-1	823	9	3
-1	212	7	4
-1	437	9	9
-1	645	2	7
-1	591	3	6
-1	1105	9	9
-1	495	4	7
-1	1243	5	5
-1	958	6	1
-1	357	7	7
-1	1147	2	5
-1	338	1	9
-1	870	8	6
-1	633	7	1
-1	766	6	6
-1	1266	2	3
-1	1117	9	3
-1	1084	9	2
-1	337	9	3
-1	733	4	1
-1	462	3	8
-1	1257	9	6
-1	563	6	4
-1	974	6	3
-1	960	8	9
-1	846	2	7
-1	429	6	9
-1	1004	5	4
-1	575	2	7
-1	577	6	3
-1	795	3	1
-1	1216	1	7
-1	1218	5	6
-1	524	1	1
-1	1237	7	3
-1	1018	5	4
-1	1170	7	6
-1	398	4	4
-1	238	5	4
-1	1137	4	4
-1	216	1	4
-1	198	2	6
-1	555	5	5
-1	883	6	1
-1	534	7	6
-1	908	9	2
-1	337	6	1
-1	452	8	2
-1	302	7	3
-1	991	2	9
-1	594	4	5
-1	924	6	6
-1	741	5	7
-1	420	9	1
-1	902	5	2
-1	853	9	8
-1	936	4	2
-1	749	3	9
-1	971	9	5
-1	1031	2	9
-1	860	9	9
-1	777	4	2
-1	851	3	3
-1	565	7	7
-1	848	8	3
-1	1218	6	2
-1	406	3	4
-1	529	9	5
-1	682	8	6
-1	1035	2	7
-1	279	5	6
-1	902	5	5
-1	1030	6	2
-1	487	8	5
-1	700	7	8
-1	447	3	3
-1	885	1	3
-1	967	1	5
-1	624	2	4
-1	235	3	2
-1	692	1	3
-1	1264	3	3
-1	885	6	7
-1	870	6	9
-1	1269	2	8
-1	1158	2	4
-1	658	3	5
-1	982	4	3
-1	908	4	8
-1	567	5	2
-1	266	5	3
-1	605	9	9
-1	713	1	4
-1	493	2	1
DDW
931	1009
400	450
693	751
859	931
931	1009
1063	1299
765	881
206	218
420	454
626	664
532	650
994	1216
460	530
1131	1355
929	987
321	393
1055	1239
308	368
783	957
595	671
697	835
1165	1367
1106	1128
1051	1117
307	367
718	748
425	499
1156	1358
540	586
935	1013
931	989
821	871
403	455
944	1064
535	615
537	617
755	835
1119	1313
1206	1230
503	545
1126	1348
998	1038
1053	1287
390	406
214	262
1069	1205
205	227
184	212
500	610
874	892
523	545
890	926
324	350
425	479
296	308
922	1060
558	630
915	933
697	785
412	428
875	929
768	938
842	1030
674	824
961	981
949	1113
817	903
769	785
825	877
525	605
806	890
1206	1230
369	443
497	561
627	737
963	1107
257	301
821	983
989	1071
468	506
651	749
438	456
814	956
928	1006
605	643
233	237
630	754
1251	1277
850	920
783	957
1244	1294
1100	1216
638	678
894	1070
890	926
516	618
258	274
544	666
706	720
483	503
