HFSDDW
50	15	5
0	37	1	87	2	86	3	93	4	46
0	65	1	58	2	93	3	71	4	1
0	67	1	5	2	20	3	90	4	83
0	77	1	64	2	46	3	27	4	37
0	46	1	40	2	61	3	94	4	5
0	23	1	78	2	89	3	59	4	89
0	23	1	8	2	46	3	30	4	56
0	62	1	31	2	52	3	73	4	5
0	95	1	26	2	14	3	27	4	45
0	59	1	72	2	58	3	99	4	81
0	89	1	49	2	85	3	36	4	15
0	97	1	26	2	91	3	88	4	24
0	87	1	69	2	35	3	81	4	78
0	59	1	58	2	90	3	35	4	21
0	47	1	12	2	72	3	22	4	42
0	20	1	26	2	35	3	50	4	46
0	51	1	20	2	90	3	77	4	1
0	73	1	23	2	11	3	15	4	59
0	37	1	39	2	64	3	50	4	18
0	26	1	90	2	32	3	48	4	85
0	1	1	81	2	23	3	78	4	35
0	77	1	76	2	64	3	94	4	94
0	71	1	91	2	42	3	43	4	73
0	67	1	79	2	58	3	81	4	5
0	37	1	48	2	75	3	76	4	84
0	8	1	48	2	23	3	5	4	16
0	30	1	94	2	86	3	64	4	45
0	69	1	96	2	12	3	42	4	24
0	96	1	59	2	16	3	21	4	87
0	45	1	97	2	21	3	76	4	50
0	47	1	33	2	50	3	44	4	48
0	53	1	7	2	47	3	94	4	28
0	29	1	54	2	59	3	78	4	65
0	77	1	6	2	77	3	97	4	5
0	70	1	68	2	16	3	58	4	8
0	78	1	32	2	55	3	88	4	40
0	10	1	27	2	47	3	54	4	69
0	96	1	44	2	43	3	17	4	92
0	62	1	50	2	17	3	14	4	94
0	43	1	99	2	37	3	55	4	11
0	39	1	21	2	24	3	72	4	79
0	78	1	17	2	92	3	36	4	70
0	21	1	51	2	59	3	55	4	19
0	2	1	8	2	6	3	10	4	68
0	33	1	63	2	60	3	6	4	42
0	21	1	51	2	3	3	63	4	65
0	79	1	95	2	99	3	78	4	1
0	88	1	4	2	74	3	74	4	90
0	80	1	52	2	7	3	47	4	71
0	11	1	90	2	62	3	95	4	93
LBCmax: 1036
RELDUE
-1	475	6	1
-1	1081	1	6
-1	394	9	1
-1	1003	6	1
-1	909	9	9
-1	892	2	5
-1	730	8	9
-1	290	3	4
-1	416	1	6
-1	712	4	1
-1	393	6	4
-1	254	8	3
-1	407	1	2
-1	835	8	2
-1	1044	6	3
-1	371	6	2
-1	641	6	8
-1	940	7	2
-1	667	8	4
-1	414	7	3
-1	1120	2	6
-1	443	2	1
-1	420	1	8
-1	297	1	5
-1	1021	8	3
-1	943	6	6
-1	687	9	5
-1	247	8	2
-1	458	3	8
-1	425	6	8
-1	415	2	5
-1	1019	5	7
-1	169	4	9
-1	826	8	9
-1	406	3	1
-1	983	6	7
-1	798	8	2
-1	237	8	1
-1	108	3	7
-1	356	3	2
-1	394	1	4
-1	991	3	3
-1	563	6	9
-1	269	3	1
-1	754	1	5
-1	783	9	1
-1	338	7	9
-1	480	2	7
-1	684	1	4
-1	576	6	1
DDW
428	522
1070	1092
386	402
923	1083
845	973
812	972
672	788
267	313
387	445
648	776
354	432
239	269
383	431
793	877
960	1128
341	401
622	660
912	968
660	674
393	435
1030	1210
403	483
378	462
273	321
1001	1041
886	1000
618	756
222	272
453	463
416	434
374	456
927	1111
166	172
801	851
394	418
973	993
774	822
225	249
100	116
328	384
386	402
941	1041
535	591
264	274
709	799
752	814
321	355
461	499
670	698
547	605
