HFSDDW
100	15	5
0	92	1	56	2	97	3	40	4	20
0	60	1	25	2	86	3	15	4	33
0	73	1	25	2	57	3	25	4	72
0	32	1	90	2	88	3	46	4	96
0	47	1	56	2	54	3	66	4	50
0	53	1	31	2	26	3	69	4	16
0	92	1	46	2	26	3	62	4	40
0	16	1	11	2	6	3	21	4	31
0	61	1	98	2	81	3	98	4	73
0	18	1	39	2	19	3	77	4	14
0	61	1	49	2	42	3	6	4	58
0	36	1	3	2	32	3	90	4	67
0	29	1	98	2	18	3	98	4	40
0	27	1	99	2	95	3	84	4	57
0	21	1	85	2	68	3	16	4	36
0	49	1	75	2	55	3	93	4	33
0	14	1	12	2	49	3	55	4	54
0	43	1	5	2	20	3	4	4	4
0	13	1	79	2	16	3	53	4	2
0	62	1	80	2	82	3	58	4	46
0	18	1	44	2	35	3	21	4	93
0	76	1	81	2	26	3	70	4	9
0	61	1	48	2	39	3	57	4	53
0	18	1	50	2	62	3	45	4	97
0	22	1	79	2	91	3	80	4	44
0	42	1	70	2	15	3	14	4	73
0	69	1	92	2	96	3	47	4	15
0	70	1	77	2	28	3	62	4	78
0	61	1	78	2	50	3	95	4	43
0	65	1	40	2	58	3	1	4	84
0	13	1	18	2	38	3	61	4	24
0	39	1	52	2	54	3	77	4	51
0	6	1	67	2	13	3	96	4	40
0	69	1	51	2	91	3	43	4	83
0	40	1	23	2	1	3	66	4	36
0	44	1	30	2	96	3	38	4	78
0	2	1	12	2	14	3	30	4	60
0	51	1	55	2	36	3	23	4	76
0	18	1	23	2	50	3	11	4	72
0	93	1	66	2	53	3	55	4	73
0	15	1	49	2	16	3	17	4	44
0	90	1	18	2	71	3	25	4	80
0	9	1	55	2	17	3	99	4	50
0	94	1	53	2	83	3	37	4	88
0	15	1	16	2	69	3	67	4	65
0	18	1	72	2	89	3	94	4	42
0	78	1	77	2	41	3	64	4	63
0	53	1	96	2	97	3	85	4	70
0	33	1	83	2	11	3	43	4	67
0	62	1	7	2	50	3	61	4	78
0	40	1	82	2	17	3	66	4	59
0	98	1	80	2	49	3	52	4	27
0	18	1	28	2	77	3	82	4	3
0	32	1	15	2	52	3	36	4	97
0	97	1	56	2	98	3	66	4	56
0	31	1	5	2	26	3	99	4	3
0	12	1	22	2	29	3	16	4	3
0	95	1	60	2	75	3	6	4	64
0	73	1	48	2	46	3	58	4	52
0	6	1	6	2	28	3	41	4	35
0	48	1	54	2	15	3	64	4	80
0	84	1	84	2	50	3	11	4	28
0	94	1	54	2	49	3	49	4	16
0	95	1	99	2	61	3	80	4	7
0	71	1	39	2	47	3	71	4	25
0	49	1	11	2	40	3	14	4	50
0	25	1	77	2	85	3	64	4	54
0	57	1	8	2	65	3	35	4	19
0	11	1	11	2	64	3	77	4	70
0	19	1	99	2	96	3	43	4	57
0	6	1	45	2	48	3	34	4	64
0	9	1	8	2	43	3	39	4	32
0	73	1	45	2	37	3	60	4	4
0	17	1	68	2	84	3	94	4	58
0	87	1	35	2	27	3	62	4	96
0	61	1	75	2	69	3	1	4	6
0	50	1	14	2	96	3	57	4	45
0	80	1	30	2	52	3	1	4	46
0	50	1	65	2	26	3	4	4	45
0	66	1	73	2	4	3	74	4	54
0	51	1	15	2	3	3	85	4	69
0	71	1	19	2	85	3	37	4	3
0	34	1	39	2	42	3	34	4	81
0	60	1	48	2	80	3	16	4	23
0	87	1	17	2	84	3	49	4	9
0	23	1	9	2	23	3	17	4	30
0	87	1	72	2	94	3	47	4	55
0	36	1	12	2	12	3	87	4	73
0	62	1	44	2	15	3	97	4	12
0	12	1	23	2	91	3	23	4	85
0	19	1	93	2	88	3	51	4	66
0	34	1	31	2	54	3	77	4	46
0	62	1	95	2	68	3	8	4	16
0	61	1	44	2	95	3	79	4	46
0	48	1	36	2	92	3	42	4	61
0	44	1	2	2	87	3	37	4	97
0	1	1	17	2	1	3	32	4	12
0	94	1	84	2	44	3	80	4	21
0	6	1	57	2	35	3	42	4	12
0	66	1	75	2	8	3	82	4	51
LBCmax: 1747
RELDUE
-1	1004	3	1
-1	295	1	3
-1	50	3	9
-1	1161	9	5
-1	471	3	4
-1	1267	2	5
-1	0	8	6
-1	629	9	4
-1	1405	9	5
-1	223	7	3
-1	396	6	9
-1	583	2	8
-1	121	1	9
-1	1219	8	9
-1	619	2	8
-1	614	2	9
-1	1492	5	2
-1	470	6	4
-1	1495	4	3
-1	197	4	3
-1	1177	3	4
-1	0	2	8
-1	83	4	1
-1	841	6	3
-1	536	5	2
-1	1417	5	7
-1	0	8	7
-1	714	9	3
-1	358	9	2
-1	1479	2	4
-1	1013	2	1
-1	1470	3	5
-1	0	2	3
-1	1330	1	6
-1	342	1	5
-1	1113	9	6
-1	0	2	5
-1	241	9	2
-1	1478	8	4
-1	334	5	1
-1	1446	3	5
-1	489	4	1
-1	753	4	5
-1	836	1	7
-1	1363	3	3
-1	904	5	3
-1	530	2	1
-1	791	1	3
-1	1503	1	6
-1	982	6	2
-1	1063	1	1
-1	498	3	9
-1	32	2	8
-1	887	6	4
-1	1105	8	7
-1	1002	5	5
-1	36	7	1
-1	782	1	6
-1	450	6	2
-1	626	1	7
-1	1254	3	3
-1	705	4	7
-1	96	1	7
-1	1498	5	1
-1	782	4	6
-1	499	1	2
-1	499	7	4
-1	364	9	3
-1	701	2	4
-1	1079	9	6
-1	539	8	6
-1	1075	9	5
-1	564	8	9
-1	985	5	1
-1	324	9	5
-1	512	7	9
-1	646	6	9
-1	820	8	8
-1	1050	6	6
-1	1204	9	4
-1	711	4	5
-1	620	9	3
-1	783	6	3
-1	949	7	4
-1	241	2	8
-1	339	4	3
-1	1262	3	5
-1	594	8	6
-1	50	4	8
-1	913	9	1
-1	902	2	4
-1	690	1	9
-1	1364	9	2
-1	677	6	8
-1	653	5	2
-1	565	6	6
-1	218	5	5
-1	827	3	4
-1	0	7	6
-1	688	9	5
DDW
954	1054
283	307
40	60
1115	1207
466	476
1140	1394
0	0
616	642
1377	1433
212	234
356	436
484	682
105	137
1000	1438
588	650
497	731
1358	1626
461	479
1390	1600
177	217
1000	1354
0	0
68	98
681	1001
509	563
1190	1644
0	0
600	828
337	379
1316	1642
821	1205
1264	1676
0	0
1224	1436
280	404
1102	1124
0	0
195	287
1197	1759
301	367
1287	1605
440	538
625	881
786	886
1159	1567
759	1049
525	535
696	886
1413	1593
913	1051
861	1265
433	563
29	35
807	967
917	1293
932	1072
34	38
626	938
364	536
588	664
1078	1430
578	832
80	112
1333	1663
727	837
419	579
404	594
346	382
694	708
1036	1122
490	588
968	1182
541	587
818	1152
262	386
486	538
633	659
713	927
998	1102
1096	1312
604	818
589	651
705	861
769	1129
212	270
315	363
1174	1350
535	653
44	56
813	1013
758	1046
621	759
1091	1637
589	765
542	764
492	638
190	246
777	877
0	0
550	826
