HFSDDW
50	25	5
0	3	1	5	2	47	3	21	4	78
0	75	1	38	2	94	3	5	4	6
0	46	1	47	2	85	3	98	4	37
0	65	1	84	2	63	3	69	4	42
0	43	1	49	2	50	3	27	4	92
0	83	1	19	2	83	3	5	4	58
0	83	1	64	2	88	3	38	4	45
0	13	1	14	2	51	3	85	4	26
0	31	1	92	2	43	3	96	4	99
0	96	1	2	2	37	3	96	4	62
0	37	1	17	2	82	3	12	4	16
0	54	1	54	2	20	3	29	4	95
0	56	1	55	2	90	3	47	4	22
0	82	1	59	2	48	3	53	4	24
0	52	1	33	2	77	3	44	4	12
0	51	1	7	2	54	3	28	4	95
0	82	1	81	2	87	3	42	4	21
0	66	1	81	2	76	3	22	4	91
0	59	1	93	2	22	3	90	4	69
0	76	1	3	2	95	3	74	4	18
0	37	1	53	2	84	3	72	4	10
0	5	1	40	2	38	3	1	4	65
0	48	1	1	2	92	3	33	4	13
0	74	1	68	2	48	3	27	4	56
0	1	1	83	2	26	3	62	4	65
0	58	1	11	2	87	3	75	4	35
0	49	1	11	2	79	3	11	4	59
0	29	1	97	2	15	3	33	4	16
0	27	1	44	2	76	3	57	4	43
0	59	1	2	2	88	3	77	4	94
0	8	1	55	2	68	3	19	4	17
0	53	1	28	2	23	3	8	4	52
0	94	1	52	2	63	3	65	4	17
0	37	1	21	2	81	3	74	4	84
0	77	1	53	2	16	3	12	4	29
0	57	1	8	2	68	3	19	4	7
0	57	1	22	2	11	3	80	4	27
0	94	1	43	2	61	3	93	4	6
0	1	1	75	2	8	3	80	4	22
0	74	1	81	2	11	3	41	4	7
0	38	1	20	2	15	3	92	4	18
0	54	1	39	2	57	3	89	4	60
0	46	1	59	2	5	3	2	4	94
0	72	1	42	2	82	3	38	4	23
0	94	1	59	2	87	3	68	4	84
0	3	1	46	2	35	3	89	4	55
0	75	1	96	2	28	3	12	4	68
0	37	1	8	2	18	3	63	4	72
0	55	1	86	2	72	3	34	4	60
0	41	1	70	2	6	3	86	4	50
LBCmax: 640
RELDUE
-1	362	1	8
-1	447	7	3
-1	413	8	1
-1	343	8	1
-1	336	5	1
-1	421	9	8
-1	361	4	6
-1	380	8	7
-1	330	6	3
-1	339	2	1
-1	330	3	2
-1	326	9	5
-1	406	5	1
-1	364	2	7
-1	428	1	2
-1	383	9	5
-1	360	1	9
-1	439	4	5
-1	363	7	2
-1	394	5	2
-1	403	9	2
-1	351	6	9
-1	344	9	3
-1	404	2	5
-1	407	6	9
-1	330	9	9
-1	432	3	4
-1	389	8	8
-1	330	8	3
-1	375	7	8
-1	360	9	1
-1	372	1	3
-1	382	2	4
-1	371	7	4
-1	348	3	3
-1	419	9	4
-1	351	7	9
-1	333	1	1
-1	447	6	9
-1	434	5	3
-1	326	8	7
-1	398	1	1
-1	332	3	9
-1	381	3	6
-1	403	1	5
-1	384	7	4
-1	344	4	7
-1	368	2	8
-1	383	2	3
-1	334	8	6
DDW
322	402
371	523
401	425
319	367
269	403
370	472
347	375
357	403
307	353
285	393
310	350
267	385
337	475
324	404
342	514
364	402
356	364
435	443
356	370
378	410
387	419
340	362
320	368
331	477
354	460
290	370
350	514
311	467
274	386
356	394
292	428
346	398
367	397
301	441
296	400
415	423
309	393
283	383
438	456
373	495
274	378
394	402
309	355
354	408
387	419
319	449
299	389
298	438
322	444
267	401
