HFSDDW
50	50	10
0	98	1	79	2	75	3	79	4	11	5	91	6	65	7	38	8	71	9	46
0	37	1	20	2	99	3	51	4	72	5	60	6	34	7	31	8	31	9	32
0	16	1	14	2	46	3	98	4	67	5	20	6	80	7	6	8	45	9	16
0	82	1	63	2	54	3	80	4	20	5	5	6	31	7	66	8	59	9	32
0	96	1	35	2	29	3	66	4	17	5	38	6	30	7	87	8	86	9	63
0	40	1	5	2	87	3	42	4	98	5	85	6	34	7	76	8	13	9	91
0	12	1	60	2	92	3	56	4	63	5	73	6	65	7	19	8	31	9	68
0	30	1	68	2	72	3	98	4	36	5	80	6	84	7	79	8	81	9	30
0	90	1	93	2	19	3	82	4	76	5	77	6	76	7	12	8	81	9	34
0	71	1	54	2	54	3	67	4	21	5	36	6	43	7	73	8	3	9	43
0	72	1	11	2	56	3	19	4	34	5	72	6	33	7	88	8	7	9	19
0	1	1	54	2	94	3	83	4	2	5	19	6	41	7	10	8	80	9	86
0	97	1	54	2	38	3	96	4	97	5	75	6	15	7	5	8	78	9	99
0	38	1	12	2	77	3	39	4	57	5	80	6	37	7	1	8	49	9	4
0	44	1	87	2	6	3	63	4	34	5	18	6	59	7	70	8	66	9	3
0	95	1	33	2	92	3	17	4	46	5	19	6	72	7	60	8	22	9	58
0	58	1	29	2	11	3	7	4	80	5	89	6	77	7	56	8	27	9	22
0	81	1	40	2	61	3	76	4	42	5	11	6	48	7	74	8	63	9	79
0	17	1	44	2	39	3	76	4	5	5	5	6	19	7	60	8	93	9	39
0	8	1	77	2	79	3	90	4	46	5	16	6	76	7	98	8	83	9	45
0	41	1	4	2	44	3	45	4	21	5	55	6	71	7	17	8	75	9	35
0	70	1	98	2	96	3	42	4	42	5	14	6	90	7	34	8	3	9	75
0	70	1	17	2	63	3	87	4	14	5	5	6	60	7	71	8	31	9	26
0	34	1	50	2	91	3	19	4	39	5	14	6	1	7	93	8	55	9	49
0	34	1	3	2	85	3	58	4	68	5	9	6	80	7	38	8	48	9	32
0	26	1	43	2	95	3	8	4	75	5	24	6	40	7	56	8	31	9	17
0	95	1	1	2	85	3	49	4	2	5	21	6	7	7	78	8	3	9	29
0	14	1	96	2	79	3	54	4	42	5	67	6	31	7	5	8	20	9	6
0	24	1	23	2	23	3	98	4	1	5	91	6	54	7	84	8	44	9	16
0	73	1	44	2	63	3	39	4	54	5	34	6	18	7	37	8	57	9	48
0	2	1	3	2	36	3	20	4	19	5	30	6	64	7	42	8	65	9	8
0	92	1	36	2	37	3	25	4	92	5	72	6	77	7	86	8	48	9	10
0	66	1	23	2	35	3	87	4	56	5	69	6	33	7	40	8	1	9	9
0	50	1	94	2	47	3	71	4	4	5	22	6	87	7	4	8	80	9	71
0	28	1	13	2	20	3	36	4	23	5	38	6	8	7	38	8	46	9	81
0	56	1	31	2	88	3	47	4	81	5	79	6	68	7	49	8	64	9	49
0	96	1	24	2	41	3	56	4	58	5	98	6	88	7	65	8	22	9	71
0	85	1	73	2	6	3	77	4	82	5	54	6	4	7	98	8	64	9	18
0	61	1	94	2	93	3	20	4	52	5	19	6	7	7	1	8	90	9	25
0	54	1	38	2	40	3	32	4	74	5	4	6	71	7	63	8	78	9	24
0	49	1	43	2	17	3	75	4	95	5	82	6	25	7	11	8	65	9	27
0	75	1	69	2	84	3	46	4	87	5	3	6	30	7	22	8	4	9	39
0	92	1	88	2	74	3	97	4	18	5	47	6	34	7	74	8	4	9	78
0	83	1	41	2	21	3	41	4	68	5	19	6	78	7	19	8	24	9	69
0	94	1	95	2	35	3	63	4	49	5	84	6	54	7	93	8	44	9	71
0	74	1	49	2	59	3	40	4	32	5	61	6	68	7	20	8	57	9	49
0	48	1	50	2	7	3	87	4	44	5	35	6	49	7	44	8	77	9	69
0	25	1	11	2	98	3	34	4	44	5	96	6	53	7	11	8	48	9	34
0	93	1	41	2	31	3	33	4	5	5	34	6	81	7	80	8	9	9	8
0	50	1	58	2	62	3	75	4	22	5	44	6	89	7	48	8	20	9	15
LBCmax: 891
RELDUE
-1	582	3	2
-1	356	6	1
-1	415	6	7
-1	937	7	5
-1	682	6	8
-1	833	2	3
-1	722	2	9
-1	486	3	1
-1	1118	7	4
-1	579	3	7
-1	343	8	6
-1	781	8	4
-1	908	3	9
-1	477	8	6
-1	759	7	3
-1	338	8	1
-1	442	1	9
-1	928	7	9
-1	1005	4	8
-1	353	7	3
-1	738	1	7
-1	876	9	1
-1	579	3	5
-1	891	5	9
-1	431	5	9
-1	860	3	5
-1	700	2	5
-1	474	3	6
-1	383	3	3
-1	1158	8	6
-1	335	8	2
-1	309	7	3
-1	1077	9	1
-1	561	3	2
-1	1141	2	4
-1	1010	6	8
-1	479	7	9
-1	760	6	1
-1	1033	6	8
-1	629	2	7
-1	1005	5	9
-1	776	2	7
-1	1027	1	3
-1	925	9	5
-1	1145	7	2
-1	1093	6	2
-1	1036	9	1
-1	609	5	9
-1	443	1	7
-1	384	1	2
DDW
559	605
342	370
386	444
918	956
655	709
800	866
664	780
476	496
1017	1219
562	596
309	377
742	820
899	917
467	487
744	774
304	372
398	486
835	1021
965	1045
328	378
731	745
815	937
550	608
882	900
401	461
817	903
637	763
441	507
364	402
1077	1239
332	338
278	340
991	1163
505	617
1084	1198
990	1030
465	493
752	768
981	1085
585	673
945	1065
714	838
945	1109
879	971
1111	1179
1060	1126
1026	1046
554	664
403	483
361	407
