HFSDDW
100	25	5
0	58	1	22	2	66	3	10	4	67
0	2	1	82	2	15	3	2	4	93
0	96	1	31	2	19	3	34	4	95
0	22	1	41	2	62	3	2	4	62
0	96	1	23	2	90	3	85	4	39
0	40	1	71	2	99	3	13	4	93
0	81	1	65	2	31	3	42	4	22
0	68	1	51	2	49	3	56	4	68
0	49	1	65	2	45	3	48	4	9
0	32	1	49	2	90	3	75	4	73
0	73	1	96	2	89	3	35	4	63
0	35	1	31	2	81	3	71	4	27
0	30	1	82	2	2	3	8	4	13
0	31	1	99	2	77	3	13	4	27
0	71	1	92	2	7	3	34	4	14
0	31	1	78	2	43	3	76	4	7
0	90	1	80	2	24	3	40	4	21
0	85	1	75	2	95	3	78	4	87
0	37	1	69	2	78	3	29	4	38
0	66	1	64	2	38	3	36	4	77
0	32	1	72	2	78	3	48	4	2
0	81	1	90	2	56	3	22	4	33
0	57	1	88	2	5	3	64	4	37
0	50	1	59	2	61	3	86	4	28
0	56	1	4	2	98	3	25	4	89
0	2	1	15	2	77	3	95	4	48
0	66	1	40	2	8	3	99	4	75
0	18	1	2	2	75	3	38	4	39
0	94	1	20	2	74	3	45	4	30
0	49	1	65	2	14	3	92	4	88
0	8	1	3	2	51	3	9	4	22
0	28	1	74	2	53	3	59	4	99
0	67	1	14	2	61	3	74	4	67
0	17	1	81	2	5	3	88	4	20
0	48	1	83	2	24	3	47	4	33
0	37	1	30	2	54	3	94	4	41
0	37	1	1	2	85	3	7	4	40
0	63	1	89	2	98	3	78	4	47
0	44	1	49	2	17	3	39	4	72
0	81	1	59	2	1	3	78	4	14
0	67	1	60	2	26	3	73	4	41
0	25	1	79	2	4	3	75	4	85
0	98	1	20	2	59	3	18	4	63
0	67	1	28	2	54	3	34	4	4
0	27	1	82	2	27	3	42	4	75
0	99	1	66	2	84	3	75	4	51
0	77	1	29	2	75	3	81	4	73
0	76	1	75	2	13	3	66	4	16
0	84	1	85	2	23	3	92	4	49
0	24	1	89	2	98	3	75	4	6
0	53	1	5	2	67	3	75	4	86
0	85	1	33	2	83	3	97	4	42
0	58	1	94	2	29	3	24	4	8
0	69	1	44	2	77	3	45	4	86
0	92	1	16	2	88	3	18	4	19
0	42	1	59	2	35	3	92	4	52
0	10	1	67	2	10	3	69	4	98
0	73	1	62	2	1	3	94	4	88
0	43	1	91	2	15	3	24	4	58
0	89	1	57	2	99	3	85	4	80
0	79	1	12	2	54	3	89	4	14
0	38	1	17	2	50	3	56	4	45
0	26	1	98	2	90	3	46	4	32
0	90	1	85	2	59	3	26	4	35
0	7	1	44	2	83	3	57	4	44
0	1	1	1	2	64	3	59	4	29
0	84	1	60	2	49	3	13	4	72
0	97	1	14	2	21	3	56	4	60
0	56	1	13	2	45	3	49	4	62
0	44	1	1	2	69	3	91	4	67
0	5	1	97	2	73	3	51	4	73
0	36	1	29	2	96	3	45	4	13
0	37	1	53	2	90	3	27	4	60
0	65	1	50	2	77	3	73	4	35
0	76	1	65	2	3	3	66	4	78
0	94	1	99	2	34	3	94	4	99
0	1	1	31	2	72	3	91	4	25
0	86	1	87	2	98	3	40	4	37
0	68	1	17	2	75	3	44	4	24
0	4	1	22	2	18	3	88	4	96
0	94	1	23	2	96	3	57	4	90
0	40	1	94	2	8	3	72	4	78
0	37	1	94	2	3	3	46	4	12
0	6	1	80	2	99	3	3	4	74
0	78	1	51	2	38	3	37	4	66
0	60	1	89	2	59	3	42	4	74
0	72	1	81	2	45	3	97	4	5
0	77	1	35	2	15	3	1	4	84
0	91	1	80	2	26	3	61	4	99
0	74	1	15	2	29	3	32	4	18
0	23	1	23	2	16	3	15	4	19
0	44	1	84	2	60	3	90	4	31
0	50	1	36	2	65	3	98	4	7
0	55	1	50	2	5	3	42	4	35
0	71	1	65	2	98	3	18	4	82
0	98	1	25	2	76	3	37	4	92
0	45	1	61	2	28	3	25	4	51
0	50	1	66	2	30	3	79	4	61
0	92	1	75	2	24	3	70	4	35
0	56	1	16	2	28	3	55	4	45
LBCmax: 1210
RELDUE
-1	173	9	2
-1	5	9	3
-1	933	3	7
-1	1055	2	3
-1	437	6	4
-1	575	8	2
-1	176	7	9
-1	1063	1	1
-1	275	5	8
-1	127	3	3
-1	104	1	6
-1	0	9	7
-1	156	1	5
-1	1071	1	3
-1	916	7	1
-1	954	7	3
-1	0	5	2
-1	362	6	3
-1	444	2	2
-1	565	1	1
-1	963	9	8
-1	113	6	1
-1	179	8	3
-1	860	1	7
-1	381	3	7
-1	1042	7	7
-1	380	6	9
-1	224	2	4
-1	881	3	3
-1	195	3	8
-1	882	7	8
-1	1055	5	6
-1	142	6	5
-1	994	7	5
-1	702	4	8
-1	300	8	4
-1	775	7	2
-1	249	4	2
-1	834	1	9
-1	1015	8	7
-1	181	5	3
-1	703	1	9
-1	1059	3	9
-1	591	7	5
-1	388	1	3
-1	905	9	9
-1	511	8	2
-1	190	4	2
-1	897	4	9
-1	436	4	3
-1	460	5	5
-1	790	4	4
-1	862	9	4
-1	1068	1	4
-1	545	5	9
-1	0	3	4
-1	916	4	6
-1	0	4	4
-1	552	7	5
-1	485	4	7
-1	74	8	2
-1	1042	5	2
-1	60	9	8
-1	0	6	5
-1	335	8	3
-1	139	8	2
-1	924	5	6
-1	251	2	9
-1	248	9	7
-1	495	1	8
-1	58	9	3
-1	816	9	1
-1	618	9	6
-1	519	5	2
-1	263	8	9
-1	139	4	8
-1	143	5	7
-1	678	4	4
-1	350	1	2
-1	566	5	1
-1	410	7	5
-1	68	6	3
-1	417	2	2
-1	324	8	8
-1	825	4	4
-1	0	5	1
-1	72	5	5
-1	164	8	6
-1	328	2	4
-1	642	3	3
-1	474	4	4
-1	701	7	8
-1	786	8	1
-1	227	6	8
-1	819	2	8
-1	229	8	7
-1	521	2	9
-1	980	2	4
-1	135	7	7
-1	128	9	7
DDW
159	187
5	5
858	1008
1013	1097
415	459
552	598
171	181
1052	1074
250	300
116	138
102	106
0	0
140	172
1050	1092
843	989
916	992
0	0
333	391
422	466
554	576
896	1030
112	114
166	192
808	912
358	404
959	1125
346	414
208	240
846	916
185	205
794	970
992	1118
135	149
944	1044
653	751
279	321
721	829
242	256
801	867
964	1066
167	195
661	745
953	1165
573	609
357	419
887	923
465	557
188	192
879	915
401	471
432	488
711	869
836	888
972	1164
534	556
0	0
907	925
0	0
502	602
451	519
70	78
969	1115
56	64
0	0
302	368
129	149
906	942
238	264
233	263
485	505
53	63
767	865
593	643
467	571
252	274
138	140
142	144
651	705
318	382
543	589
369	451
63	73
396	438
301	347
751	899
0	0
70	74
153	175
315	341
578	706
446	502
666	736
747	825
211	243
737	901
224	234
474	568
921	1039
130	140
125	131
