HFSDDW
150	25	5
0	71	1	39	2	24	3	91	4	64
0	50	1	32	2	99	3	44	4	23
0	63	1	28	2	87	3	17	4	92
0	11	1	41	2	8	3	50	4	86
0	64	1	18	2	11	3	16	4	63
0	98	1	87	2	32	3	71	4	39
0	43	1	24	2	78	3	68	4	94
0	77	1	1	2	83	3	3	4	51
0	90	1	17	2	38	3	61	4	17
0	96	1	9	2	56	3	49	4	63
0	62	1	47	2	36	3	70	4	66
0	54	1	28	2	8	3	28	4	65
0	63	1	99	2	28	3	6	4	80
0	40	1	49	2	19	3	22	4	16
0	10	1	57	2	5	3	98	4	95
0	48	1	79	2	50	3	99	4	67
0	89	1	31	2	82	3	8	4	76
0	95	1	87	2	8	3	2	4	40
0	49	1	92	2	55	3	37	4	88
0	90	1	88	2	33	3	80	4	77
0	47	1	90	2	34	3	34	4	53
0	6	1	43	2	37	3	75	4	19
0	74	1	77	2	9	3	60	4	76
0	32	1	17	2	21	3	29	4	85
0	52	1	42	2	17	3	81	4	66
0	17	1	2	2	68	3	11	4	5
0	59	1	47	2	69	3	22	4	21
0	99	1	97	2	49	3	54	4	71
0	53	1	50	2	33	3	83	4	66
0	71	1	84	2	95	3	61	4	57
0	73	1	68	2	4	3	95	4	25
0	6	1	74	2	52	3	68	4	36
0	4	1	75	2	27	3	70	4	59
0	28	1	9	2	86	3	40	4	77
0	35	1	68	2	66	3	57	4	32
0	3	1	9	2	34	3	16	4	94
0	33	1	7	2	7	3	54	4	31
0	90	1	44	2	74	3	96	4	16
0	26	1	45	2	80	3	19	4	68
0	78	1	24	2	62	3	24	4	38
0	63	1	97	2	55	3	84	4	23
0	6	1	3	2	47	3	63	4	23
0	96	1	41	2	37	3	73	4	4
0	96	1	68	2	72	3	40	4	69
0	84	1	34	2	89	3	24	4	52
0	89	1	87	2	48	3	89	4	54
0	78	1	46	2	10	3	78	4	31
0	35	1	51	2	23	3	32	4	26
0	88	1	97	2	11	3	74	4	20
0	84	1	9	2	7	3	15	4	71
0	10	1	51	2	23	3	55	4	54
0	29	1	9	2	32	3	33	4	33
0	18	1	55	2	57	3	9	4	44
0	50	1	31	2	58	3	43	4	69
0	46	1	45	2	41	3	15	4	80
0	87	1	24	2	16	3	5	4	67
0	81	1	80	2	33	3	18	4	45
0	28	1	24	2	55	3	24	4	2
0	27	1	20	2	90	3	99	4	8
0	33	1	40	2	2	3	30	4	69
0	54	1	50	2	64	3	45	4	26
0	65	1	10	2	9	3	74	4	67
0	6	1	92	2	27	3	65	4	51
0	38	1	22	2	40	3	64	4	16
0	27	1	76	2	35	3	41	4	43
0	26	1	54	2	42	3	8	4	47
0	48	1	23	2	85	3	35	4	13
0	32	1	17	2	88	3	92	4	79
0	18	1	16	2	80	3	57	4	96
0	34	1	93	2	25	3	48	4	70
0	12	1	99	2	37	3	15	4	43
0	77	1	15	2	24	3	2	4	1
0	11	1	68	2	1	3	28	4	20
0	83	1	7	2	92	3	53	4	19
0	21	1	34	2	48	3	85	4	98
0	11	1	96	2	77	3	44	4	9
0	33	1	30	2	93	3	37	4	36
0	48	1	85	2	71	3	92	4	35
0	17	1	92	2	86	3	91	4	69
0	50	1	15	2	52	3	38	4	14
0	27	1	2	2	72	3	30	4	49
0	78	1	52	2	52	3	16	4	32
0	81	1	37	2	79	3	92	4	68
0	81	1	74	2	64	3	91	4	71
0	97	1	36	2	99	3	18	4	2
0	29	1	47	2	56	3	16	4	48
0	96	1	44	2	40	3	31	4	81
0	32	1	57	2	64	3	88	4	57
0	95	1	33	2	55	3	60	4	54
0	80	1	14	2	93	3	24	4	87
0	76	1	51	2	61	3	66	4	16
0	91	1	2	2	54	3	28	4	21
0	31	1	95	2	36	3	68	4	36
0	38	1	97	2	49	3	12	4	37
0	24	1	10	2	75	3	34	4	75
0	64	1	80	2	40	3	64	4	22
0	15	1	53	2	33	3	29	4	72
0	46	1	83	2	73	3	15	4	90
0	30	1	3	2	36	3	68	4	26
0	1	1	97	2	87	3	24	4	17
0	82	1	65	2	82	3	87	4	63
0	66	1	75	2	27	3	90	4	52
0	12	1	61	2	90	3	7	4	6
0	78	1	63	2	8	3	96	4	90
0	54	1	24	2	34	3	22	4	7
0	22	1	73	2	7	3	9	4	75
0	67	1	93	2	17	3	48	4	39
0	50	1	71	2	45	3	65	4	6
0	70	1	57	2	83	3	63	4	78
0	69	1	13	2	30	3	63	4	48
0	37	1	89	2	90	3	34	4	62
0	58	1	31	2	61	3	81	4	42
0	92	1	68	2	19	3	15	4	84
0	19	1	45	2	43	3	67	4	55
0	7	1	19	2	43	3	90	4	21
0	97	1	41	2	71	3	43	4	37
0	10	1	44	2	44	3	60	4	39
0	77	1	3	2	83	3	86	4	81
0	20	1	10	2	64	3	23	4	14
0	2	1	39	2	68	3	78	4	60
0	25	1	69	2	63	3	8	4	41
0	19	1	47	2	1	3	14	4	64
0	18	1	60	2	19	3	44	4	33
0	49	1	25	2	58	3	76	4	8
0	16	1	62	2	57	3	86	4	36
0	97	1	54	2	20	3	77	4	19
0	59	1	73	2	92	3	83	4	13
0	40	1	81	2	36	3	19	4	21
0	30	1	3	2	69	3	22	4	64
0	60	1	91	2	20	3	90	4	64
0	77	1	80	2	91	3	71	4	44
0	63	1	13	2	77	3	72	4	44
0	64	1	28	2	23	3	94	4	6
0	44	1	67	2	35	3	32	4	93
0	68	1	88	2	40	3	55	4	77
0	14	1	92	2	35	3	22	4	75
0	6	1	34	2	30	3	13	4	42
0	78	1	81	2	21	3	39	4	49
0	27	1	4	2	63	3	74	4	56
0	3	1	80	2	75	3	16	4	20
0	92	1	56	2	88	3	96	4	96
0	88	1	41	2	37	3	93	4	31
0	71	1	78	2	55	3	96	4	39
0	30	1	97	2	10	3	53	4	27
0	63	1	46	2	96	3	82	4	66
0	64	1	25	2	65	3	98	4	75
0	34	1	18	2	19	3	3	4	83
0	49	1	46	2	33	3	16	4	53
0	38	1	45	2	27	3	9	4	78
0	49	1	49	2	67	3	36	4	27
LBCmax: 1589
RELDUE
-1	0	2	2
-1	958	1	7
-1	186	8	6
-1	1257	1	4
-1	749	3	8
-1	575	6	8
-1	800	1	6
-1	0	9	1
-1	319	3	8
-1	360	6	6
-1	855	6	9
-1	1036	2	2
-1	440	6	7
-1	142	2	1
-1	1381	7	3
-1	692	2	4
-1	781	3	7
-1	679	7	9
-1	59	6	7
-1	1271	5	5
-1	1180	6	1
-1	867	6	3
-1	1327	1	5
-1	0	2	8
-1	1257	4	4
-1	124	9	8
-1	145	9	2
-1	1232	3	2
-1	0	1	9
-1	127	1	2
-1	86	4	1
-1	766	7	1
-1	317	6	2
-1	991	6	4
-1	957	9	9
-1	847	5	5
-1	1359	4	2
-1	314	9	5
-1	558	3	8
-1	427	1	2
-1	1248	5	4
-1	474	6	3
-1	0	3	4
-1	1168	5	1
-1	1256	4	5
-1	838	9	7
-1	0	7	3
-1	0	2	6
-1	27	4	6
-1	238	6	9
-1	1263	8	8
-1	1365	9	4
-1	683	9	5
-1	563	4	8
-1	512	2	7
-1	480	8	2
-1	1061	8	8
-1	181	6	9
-1	1430	4	5
-1	465	7	3
-1	271	6	5
-1	998	9	4
-1	0	1	7
-1	33	7	1
-1	114	9	4
-1	0	2	7
-1	559	2	2
-1	879	4	7
-1	616	5	2
-1	374	3	8
-1	764	9	7
-1	307	8	7
-1	0	6	7
-1	1062	8	9
-1	0	7	2
-1	546	2	8
-1	819	9	4
-1	0	3	3
-1	20	9	5
-1	260	3	3
-1	11	7	4
-1	15	8	8
-1	1046	6	2
-1	1094	1	7
-1	294	4	9
-1	152	5	3
-1	0	3	9
-1	1185	3	9
-1	320	7	3
-1	317	8	4
-1	1216	8	8
-1	1018	3	8
-1	314	2	3
-1	0	8	7
-1	0	9	1
-1	91	7	9
-1	440	8	1
-1	1285	1	5
-1	895	9	1
-1	1167	1	5
-1	119	6	2
-1	504	5	8
-1	785	6	9
-1	1084	6	9
-1	905	1	3
-1	797	6	7
-1	1244	6	9
-1	1051	4	8
-1	540	1	1
-1	1396	6	3
-1	1092	4	3
-1	903	7	3
-1	1	2	5
-1	1011	4	3
-1	295	8	7
-1	97	1	6
-1	1383	2	4
-1	211	7	7
-1	1169	4	5
-1	1392	2	3
-1	0	6	8
-1	805	6	6
-1	400	5	1
-1	139	4	9
-1	588	6	2
-1	1176	5	9
-1	1423	5	7
-1	0	1	4
-1	906	4	2
-1	1203	6	2
-1	0	6	4
-1	964	2	4
-1	534	3	9
-1	284	6	3
-1	0	2	7
-1	937	5	6
-1	660	8	3
-1	1392	7	5
-1	30	6	2
-1	928	8	2
-1	339	2	4
-1	303	6	6
-1	485	3	1
-1	355	2	4
-1	656	3	4
-1	154	3	2
-1	857	9	1
-1	734	7	2
-1	1069	6	3
-1	1331	3	6
DDW
0	0
939	977
156	216
1018	1496
644	854
472	678
784	816
0	0
313	325
317	403
735	975
984	1088
405	475
128	156
1119	1643
671	713
648	914
598	760
58	60
1207	1335
1003	1357
832	902
1314	1340
0	0
1144	1370
115	133
125	165
1035	1429
0	0
113	141
71	101
705	827
257	377
941	1041
833	1081
822	872
1182	1536
270	358
458	658
384	470
1236	1260
465	483
0	0
1004	1332
1068	1444
830	846
0	0
0	0
26	28
209	267
1162	1364
1338	1392
642	724
557	569
425	599
446	514
1040	1082
177	185
1273	1587
428	502
260	282
938	1058
0	0
29	37
97	131
0	0
520	598
844	914
505	727
310	438
680	848
295	319
0	0
935	1189
0	0
470	622
672	966
0	0
16	24
239	281
10	12
14	16
900	1192
1083	1105
282	306
126	178
0	0
960	1410
294	346
295	339
1204	1228
896	1140
305	323
0	0
0	0
77	105
392	488
1079	1491
716	1074
1062	1272
101	137
438	570
699	871
1019	1149
887	923
765	829
1157	1331
893	1209
454	626
1340	1452
994	1190
768	1038
1	1
971	1051
245	345
79	115
1203	1563
188	234
1075	1263
1141	1643
0	0
741	869
336	464
124	154
488	688
941	1411
1409	1437
0	0
843	969
1071	1335
0	0
935	993
491	577
250	318
0	0
768	1106
561	759
1267	1517
24	36
742	1114
305	373
279	327
470	500
341	369
538	774
143	165
771	943
587	881
919	1219
1238	1424
