HFSDDW
50	25	5
0	6	1	91	2	77	3	89	4	85
0	4	1	1	2	61	3	11	4	12
0	72	1	8	2	45	3	96	4	7
0	26	1	43	2	39	3	10	4	36
0	10	1	48	2	53	3	69	4	47
0	96	1	16	2	28	3	73	4	17
0	25	1	47	2	28	3	2	4	13
0	17	1	15	2	60	3	11	4	77
0	46	1	82	2	22	3	17	4	16
0	23	1	27	2	73	3	44	4	89
0	5	1	2	2	98	3	60	4	54
0	58	1	39	2	9	3	43	4	89
0	88	1	72	2	88	3	93	4	87
0	26	1	79	2	43	3	84	4	89
0	12	1	83	2	28	3	33	4	90
0	28	1	26	2	37	3	53	4	25
0	70	1	43	2	83	3	84	4	13
0	23	1	48	2	68	3	48	4	55
0	78	1	6	2	18	3	21	4	89
0	73	1	94	2	28	3	30	4	90
0	43	1	83	2	89	3	54	4	77
0	21	1	73	2	66	3	69	4	27
0	32	1	2	2	55	3	19	4	20
0	45	1	88	2	4	3	80	4	64
0	77	1	12	2	95	3	30	4	12
0	7	1	66	2	7	3	43	4	18
0	33	1	98	2	7	3	63	4	81
0	86	1	54	2	29	3	8	4	92
0	50	1	81	2	98	3	21	4	23
0	76	1	51	2	99	3	2	4	44
0	84	1	91	2	47	3	66	4	13
0	31	1	87	2	59	3	43	4	71
0	54	1	66	2	23	3	52	4	94
0	33	1	94	2	91	3	37	4	33
0	91	1	59	2	96	3	88	4	15
0	96	1	14	2	75	3	7	4	36
0	56	1	67	2	6	3	99	4	33
0	41	1	51	2	41	3	51	4	51
0	99	1	94	2	86	3	37	4	38
0	83	1	58	2	46	3	27	4	90
0	81	1	59	2	62	3	68	4	52
0	25	1	95	2	58	3	51	4	17
0	18	1	13	2	53	3	7	4	15
0	87	1	61	2	24	3	19	4	53
0	81	1	54	2	41	3	86	4	34
0	97	1	73	2	59	3	51	4	31
0	38	1	67	2	48	3	16	4	54
0	97	1	5	2	37	3	47	4	9
0	46	1	92	2	89	3	35	4	33
0	86	1	41	2	79	3	22	4	51
LBCmax: 628
RELDUE
-1	216	2	1
-1	231	3	1
-1	222	7	9
-1	281	6	2
-1	199	7	2
-1	222	6	2
-1	210	3	8
-1	284	9	6
-1	232	9	1
-1	258	2	7
-1	253	1	9
-1	233	3	3
-1	198	4	5
-1	213	2	8
-1	287	5	9
-1	252	1	9
-1	269	5	7
-1	235	3	5
-1	254	7	4
-1	210	3	1
-1	292	5	3
-1	218	1	8
-1	285	6	7
-1	201	1	2
-1	196	9	9
-1	300	2	7
-1	269	6	8
-1	196	7	3
-1	255	7	1
-1	248	6	2
-1	258	7	7
-1	306	6	7
-1	235	2	7
-1	314	6	5
-1	199	6	5
-1	192	9	6
-1	238	7	1
-1	282	3	8
-1	197	8	4
-1	222	6	7
-1	288	5	1
-1	224	9	6
-1	190	8	3
-1	304	4	7
-1	259	9	9
-1	201	7	6
-1	295	7	2
-1	276	4	7
-1	259	6	4
-1	292	7	9
DDW
214	218
217	245
209	235
267	295
197	201
211	233
189	231
267	301
218	246
235	281
240	266
224	242
190	206
192	234
267	307
234	270
247	291
233	237
231	277
191	229
280	304
196	240
268	302
187	215
182	210
291	309
242	296
182	210
237	273
233	263
250	266
291	321
216	254
292	336
185	213
173	211
224	252
268	296
187	207
213	231
279	297
206	242
186	194
298	310
246	272
191	211
286	304
254	298
246	272
272	312
