HFSDDW
50	15	5
0	94	1	38	2	34	3	76	4	15
0	16	1	48	2	1	3	42	4	73
0	38	1	97	2	34	3	66	4	57
0	25	1	32	2	59	3	39	4	82
0	85	1	76	2	93	3	82	4	53
0	13	1	5	2	50	3	54	4	91
0	18	1	44	2	98	3	36	4	60
0	53	1	84	2	64	3	1	4	88
0	17	1	66	2	93	3	58	4	2
0	12	1	10	2	70	3	31	4	1
0	55	1	60	2	44	3	47	4	18
0	19	1	44	2	51	3	24	4	2
0	12	1	98	2	46	3	51	4	55
0	94	1	99	2	98	3	7	4	5
0	40	1	68	2	59	3	50	4	66
0	19	1	83	2	36	3	81	4	41
0	4	1	35	2	19	3	54	4	37
0	58	1	99	2	51	3	18	4	42
0	9	1	33	2	41	3	99	4	76
0	19	1	20	2	42	3	3	4	8
0	13	1	12	2	63	3	26	4	61
0	86	1	2	2	93	3	80	4	98
0	35	1	8	2	70	3	82	4	97
0	76	1	79	2	92	3	14	4	97
0	94	1	48	2	80	3	64	4	96
0	7	1	28	2	60	3	74	4	48
0	99	1	41	2	34	3	74	4	29
0	92	1	71	2	93	3	93	4	50
0	57	1	7	2	70	3	19	4	7
0	1	1	63	2	58	3	2	4	1
0	40	1	27	2	28	3	5	4	13
0	65	1	31	2	99	3	30	4	54
0	59	1	41	2	20	3	33	4	99
0	94	1	74	2	95	3	54	4	6
0	6	1	85	2	99	3	64	4	41
0	87	1	77	2	61	3	58	4	95
0	44	1	69	2	58	3	73	4	9
0	72	1	13	2	29	3	61	4	64
0	61	1	72	2	63	3	39	4	90
0	16	1	87	2	38	3	20	4	13
0	26	1	67	2	5	3	96	4	94
0	54	1	27	2	64	3	64	4	26
0	87	1	70	2	41	3	34	4	10
0	90	1	83	2	46	3	25	4	28
0	81	1	46	2	34	3	90	4	45
0	34	1	22	2	60	3	74	4	25
0	99	1	40	2	42	3	46	4	69
0	76	1	65	2	62	3	78	4	54
0	45	1	49	2	64	3	36	4	76
0	90	1	31	2	30	3	30	4	1
LBCmax: 975
RELDUE
-1	413	6	4
-1	503	6	9
-1	220	7	2
-1	990	7	4
-1	397	1	9
-1	879	9	4
-1	422	1	9
-1	236	6	4
-1	597	4	2
-1	697	5	7
-1	405	2	8
-1	749	8	7
-1	976	9	7
-1	481	1	5
-1	348	5	1
-1	568	7	6
-1	376	8	8
-1	1031	9	7
-1	725	3	4
-1	429	9	8
-1	346	8	8
-1	302	4	2
-1	752	9	1
-1	785	5	2
-1	906	6	8
-1	417	4	4
-1	893	8	4
-1	1059	1	8
-1	235	5	9
-1	624	1	9
-1	123	1	3
-1	1001	9	1
-1	399	3	4
-1	816	5	2
-1	1000	1	9
-1	665	2	1
-1	358	2	6
-1	585	8	4
-1	240	4	6
-1	970	8	8
-1	512	3	9
-1	589	9	6
-1	202	6	3
-1	264	8	5
-1	319	8	1
-1	857	2	4
-1	668	3	9
-1	339	8	6
-1	194	9	4
-1	366	9	5
DDW
384	442
483	523
218	222
921	1059
365	429
835	923
409	435
231	241
561	633
648	746
385	425
682	816
966	986
467	495
320	376
562	574
361	391
990	1072
689	761
386	472
322	370
299	305
722	782
706	864
834	978
384	450
830	956
1038	1080
214	256
605	643
117	129
901	1101
367	431
783	849
970	1030
605	725
326	390
567	603
216	264
941	999
507	517
548	630
184	220
259	269
297	341
831	883
641	695
332	346
188	200
337	395
