HFSDDW
50	15	5
0	61	1	3	2	10	3	89	4	19
0	75	1	31	2	22	3	35	4	74
0	93	1	20	2	25	3	67	4	39
0	99	1	60	2	77	3	45	4	18
0	47	1	73	2	50	3	67	4	45
0	67	1	13	2	10	3	21	4	96
0	57	1	43	2	60	3	12	4	29
0	93	1	97	2	96	3	14	4	98
0	20	1	64	2	14	3	38	4	69
0	41	1	21	2	36	3	36	4	82
0	54	1	19	2	44	3	10	4	42
0	88	1	52	2	42	3	44	4	52
0	62	1	21	2	1	3	38	4	17
0	51	1	59	2	13	3	38	4	46
0	3	1	64	2	64	3	47	4	97
0	82	1	59	2	13	3	97	4	5
0	46	1	76	2	74	3	39	4	42
0	39	1	98	2	51	3	69	4	41
0	41	1	56	2	53	3	61	4	36
0	98	1	63	2	75	3	21	4	19
0	81	1	9	2	98	3	90	4	79
0	90	1	55	2	97	3	12	4	60
0	29	1	40	2	44	3	40	4	6
0	85	1	46	2	61	3	96	4	78
0	52	1	9	2	43	3	96	4	5
0	47	1	11	2	3	3	11	4	98
0	19	1	84	2	91	3	79	4	23
0	38	1	78	2	84	3	59	4	52
0	84	1	2	2	40	3	10	4	13
0	1	1	12	2	14	3	56	4	51
0	53	1	3	2	79	3	42	4	66
0	73	1	65	2	2	3	85	4	33
0	80	1	52	2	86	3	13	4	41
0	45	1	48	2	65	3	17	4	68
0	7	1	62	2	2	3	44	4	94
0	50	1	69	2	33	3	84	4	5
0	35	1	97	2	47	3	60	4	46
0	17	1	5	2	49	3	13	4	50
0	72	1	77	2	99	3	27	4	71
0	32	1	15	2	28	3	69	4	67
0	52	1	47	2	96	3	87	4	44
0	90	1	1	2	35	3	48	4	17
0	5	1	33	2	17	3	81	4	97
0	82	1	6	2	27	3	66	4	24
0	40	1	99	2	52	3	66	4	95
0	30	1	62	2	75	3	73	4	62
0	36	1	42	2	63	3	17	4	52
0	88	1	2	2	59	3	16	4	55
0	17	1	70	2	2	3	96	4	46
0	39	1	60	2	19	3	29	4	89
LBCmax: 977
RELDUE
-1	356	7	6
-1	955	9	2
-1	697	1	8
-1	546	7	5
-1	365	4	6
-1	616	5	4
-1	1022	1	4
-1	397	5	8
-1	999	8	8
-1	239	5	3
-1	377	8	5
-1	341	1	3
-1	705	2	1
-1	934	8	1
-1	887	8	2
-1	711	6	8
-1	779	4	4
-1	1075	8	1
-1	379	5	3
-1	191	7	6
-1	890	7	3
-1	550	8	3
-1	211	4	5
-1	201	6	3
-1	167	6	4
-1	784	2	3
-1	1055	6	8
-1	644	1	2
-1	293	5	6
-1	647	1	9
-1	774	1	6
-1	525	7	3
-1	555	9	7
-1	911	9	7
-1	450	5	4
-1	565	3	5
-1	882	1	9
-1	267	6	5
-1	974	7	8
-1	1066	8	6
-1	1015	5	5
-1	787	5	4
-1	752	1	4
-1	109	2	6
-1	360	4	7
-1	994	6	9
-1	174	3	7
-1	251	5	1
-1	250	6	5
-1	913	4	7
DDW
335	377
869	1041
634	760
535	557
358	372
573	659
991	1053
365	429
969	1029
227	251
358	396
314	368
649	761
887	981
843	931
668	754
763	795
1043	1107
368	390
178	204
837	943
522	578
203	219
183	219
154	180
753	815
1023	1087
625	663
281	305
608	686
697	851
514	536
527	583
893	929
446	454
525	605
820	944
256	278
935	1013
1023	1109
1005	1025
748	826
722	782
99	119
349	371
905	1083
171	177
228	274
242	258
904	922
