HFSDDW
200	15	5
0	92	1	65	2	51	3	60	4	20
0	56	1	6	2	41	3	56	4	33
0	22	1	61	2	75	3	33	4	91
0	99	1	49	2	81	3	3	4	23
0	47	1	83	2	2	3	10	4	53
0	45	1	42	2	83	3	91	4	37
0	57	1	37	2	78	3	62	4	96
0	66	1	28	2	16	3	95	4	40
0	68	1	65	2	4	3	21	4	78
0	93	1	80	2	56	3	21	4	71
0	79	1	83	2	26	3	3	4	30
0	9	1	64	2	41	3	7	4	74
0	15	1	22	2	50	3	19	4	76
0	85	1	83	2	14	3	37	4	26
0	71	1	33	2	86	3	63	4	55
0	82	1	80	2	80	3	32	4	60
0	65	1	85	2	63	3	20	4	57
0	74	1	12	2	75	3	32	4	87
0	2	1	86	2	10	3	22	4	25
0	46	1	16	2	84	3	45	4	92
0	10	1	67	2	20	3	95	4	1
0	46	1	96	2	62	3	48	4	48
0	29	1	83	2	10	3	46	4	10
0	29	1	59	2	30	3	62	4	2
0	74	1	8	2	81	3	49	4	24
0	84	1	24	2	65	3	38	4	9
0	67	1	96	2	36	3	39	4	50
0	97	1	66	2	67	3	20	4	11
0	77	1	49	2	28	3	84	4	59
0	18	1	77	2	63	3	12	4	96
0	87	1	86	2	23	3	43	4	19
0	3	1	85	2	70	3	71	4	16
0	23	1	32	2	25	3	39	4	80
0	33	1	48	2	70	3	96	4	12
0	62	1	91	2	10	3	51	4	25
0	26	1	79	2	97	3	90	4	7
0	8	1	61	2	53	3	42	4	22
0	81	1	73	2	93	3	21	4	48
0	12	1	96	2	96	3	5	4	88
0	45	1	25	2	89	3	4	4	27
0	70	1	7	2	66	3	1	4	34
0	95	1	76	2	71	3	19	4	93
0	24	1	88	2	80	3	64	4	9
0	62	1	79	2	82	3	18	4	99
0	59	1	54	2	50	3	49	4	99
0	66	1	95	2	6	3	63	4	79
0	2	1	90	2	93	3	64	4	37
0	1	1	94	2	52	3	8	4	26
0	5	1	3	2	75	3	28	4	24
0	24	1	16	2	32	3	95	4	26
0	65	1	42	2	71	3	4	4	67
0	16	1	56	2	18	3	1	4	67
0	99	1	71	2	9	3	39	4	92
0	33	1	95	2	16	3	28	4	8
0	67	1	27	2	75	3	91	4	95
0	56	1	79	2	23	3	25	4	76
0	50	1	64	2	10	3	37	4	14
0	59	1	19	2	89	3	96	4	21
0	44	1	76	2	52	3	40	4	26
0	34	1	94	2	37	3	35	4	91
0	28	1	99	2	4	3	87	4	59
0	39	1	66	2	79	3	9	4	12
0	37	1	34	2	93	3	24	4	18
0	36	1	61	2	71	3	25	4	33
0	14	1	6	2	20	3	7	4	64
0	91	1	75	2	35	3	65	4	61
0	62	1	42	2	87	3	33	4	49
0	50	1	60	2	22	3	78	4	75
0	92	1	39	2	81	3	85	4	84
0	11	1	83	2	29	3	23	4	90
0	73	1	23	2	12	3	3	4	77
0	23	1	80	2	96	3	24	4	68
0	64	1	32	2	14	3	47	4	49
0	94	1	46	2	60	3	75	4	67
0	76	1	39	2	93	3	49	4	40
0	75	1	25	2	35	3	23	4	54
0	8	1	46	2	12	3	75	4	88
0	40	1	31	2	85	3	56	4	26
0	70	1	63	2	98	3	11	4	12
0	61	1	25	2	34	3	36	4	89
0	64	1	24	2	53	3	56	4	14
0	34	1	30	2	62	3	63	4	3
0	98	1	45	2	73	3	69	4	60
0	18	1	20	2	39	3	59	4	10
0	64	1	61	2	4	3	49	4	96
0	13	1	40	2	83	3	38	4	78
0	50	1	90	2	98	3	34	4	90
0	84	1	93	2	56	3	61	4	55
0	10	1	68	2	22	3	54	4	28
0	25	1	89	2	29	3	50	4	94
0	41	1	86	2	75	3	27	4	26
0	3	1	20	2	5	3	60	4	1
0	93	1	47	2	24	3	84	4	53
0	8	1	47	2	40	3	79	4	75
0	25	1	64	2	77	3	4	4	99
0	95	1	40	2	50	3	21	4	71
0	24	1	11	2	33	3	44	4	38
0	63	1	15	2	72	3	9	4	87
0	65	1	88	2	96	3	61	4	61
0	63	1	44	2	38	3	1	4	21
0	78	1	49	2	50	3	75	4	69
0	77	1	10	2	71	3	27	4	30
0	63	1	69	2	83	3	88	4	77
0	82	1	15	2	80	3	47	4	89
0	92	1	75	2	32	3	91	4	11
0	36	1	68	2	17	3	43	4	36
0	51	1	2	2	50	3	1	4	93
0	74	1	61	2	57	3	74	4	60
0	53	1	44	2	45	3	78	4	25
0	96	1	5	2	8	3	83	4	78
0	49	1	64	2	91	3	11	4	28
0	4	1	18	2	58	3	64	4	34
0	10	1	93	2	28	3	90	4	78
0	61	1	20	2	83	3	94	4	3
0	22	1	57	2	6	3	86	4	37
0	49	1	30	2	53	3	66	4	15
0	31	1	60	2	33	3	65	4	87
0	87	1	10	2	39	3	73	4	90
0	57	1	3	2	92	3	41	4	51
0	60	1	16	2	55	3	99	4	63
0	76	1	22	2	14	3	81	4	56
0	92	1	58	2	6	3	74	4	79
0	73	1	64	2	91	3	50	4	3
0	49	1	61	2	63	3	4	4	91
0	52	1	81	2	11	3	5	4	46
0	19	1	64	2	64	3	35	4	76
0	33	1	75	2	53	3	4	4	38
0	9	1	47	2	51	3	9	4	94
0	29	1	5	2	64	3	93	4	17
0	92	1	11	2	43	3	39	4	2
0	99	1	52	2	51	3	9	4	12
0	95	1	12	2	9	3	36	4	38
0	29	1	93	2	71	3	98	4	46
0	98	1	11	2	88	3	13	4	93
0	3	1	10	2	55	3	9	4	62
0	47	1	17	2	17	3	88	4	54
0	8	1	21	2	26	3	33	4	77
0	80	1	24	2	45	3	91	4	42
0	97	1	38	2	16	3	70	4	66
0	35	1	34	2	66	3	48	4	19
0	81	1	23	2	30	3	45	4	99
0	89	1	97	2	42	3	46	4	64
0	79	1	95	2	21	3	82	4	30
0	8	1	68	2	38	3	21	4	65
0	74	1	66	2	97	3	70	4	96
0	65	1	94	2	84	3	43	4	28
0	14	1	51	2	68	3	70	4	72
0	85	1	90	2	81	3	34	4	88
0	83	1	82	2	99	3	27	4	63
0	3	1	18	2	34	3	40	4	58
0	67	1	95	2	45	3	83	4	44
0	16	1	25	2	60	3	49	4	35
0	95	1	14	2	99	3	18	4	50
0	28	1	27	2	51	3	10	4	45
0	17	1	87	2	5	3	33	4	82
0	92	1	66	2	70	3	8	4	93
0	47	1	60	2	44	3	84	4	60
0	19	1	7	2	85	3	26	4	57
0	60	1	31	2	32	3	99	4	93
0	69	1	82	2	81	3	76	4	35
0	75	1	66	2	25	3	95	4	42
0	80	1	91	2	13	3	2	4	51
0	49	1	55	2	52	3	55	4	87
0	35	1	69	2	15	3	58	4	32
0	22	1	42	2	25	3	52	4	84
0	85	1	55	2	5	3	40	4	13
0	10	1	84	2	93	3	72	4	19
0	80	1	36	2	49	3	42	4	80
0	27	1	93	2	84	3	74	4	9
0	6	1	79	2	76	3	13	4	59
0	99	1	67	2	24	3	45	4	14
0	34	1	42	2	72	3	11	4	57
0	25	1	86	2	73	3	88	4	42
0	64	1	61	2	79	3	37	4	7
0	98	1	21	2	72	3	77	4	6
0	28	1	58	2	51	3	44	4	79
0	7	1	78	2	92	3	80	4	13
0	42	1	61	2	49	3	59	4	84
0	39	1	63	2	38	3	85	4	55
0	40	1	21	2	95	3	33	4	44
0	45	1	99	2	39	3	6	4	60
0	78	1	94	2	46	3	40	4	86
0	76	1	90	2	29	3	32	4	51
0	47	1	93	2	92	3	76	4	99
0	4	1	12	2	21	3	52	4	67
0	35	1	83	2	86	3	23	4	65
0	7	1	62	2	18	3	1	4	34
0	7	1	39	2	87	3	21	4	34
0	47	1	15	2	10	3	72	4	9
0	48	1	35	2	7	3	35	4	9
0	46	1	29	2	20	3	34	4	41
0	33	1	78	2	87	3	38	4	25
0	95	1	9	2	24	3	74	4	79
0	14	1	72	2	28	3	97	4	44
0	8	1	7	2	71	3	42	4	52
0	88	1	2	2	48	3	44	4	19
0	99	1	77	2	52	3	14	4	19
0	78	1	43	2	84	3	59	4	2
0	28	1	52	2	49	3	95	4	39
0	39	1	91	2	35	3	93	4	95
LBCmax: 3607
RELDUE
-1	3815	2	9
-1	1331	7	9
-1	1414	7	5
-1	4372	3	1
-1	1126	1	4
-1	2506	5	7
-1	3148	6	6
-1	3881	4	9
-1	4018	8	9
-1	2977	9	9
-1	2204	9	7
-1	2178	7	7
-1	2645	7	3
-1	1786	1	4
-1	1988	3	3
-1	1748	3	8
-1	3120	7	7
-1	1454	8	3
-1	3104	1	6
-1	1129	6	3
-1	3626	9	5
-1	4255	9	5
-1	3563	4	2
-1	4543	8	4
-1	1670	9	7
-1	3070	9	7
-1	3182	9	1
-1	3815	9	4
-1	1202	3	9
-1	1540	2	4
-1	4588	5	8
-1	3494	7	8
-1	3063	1	7
-1	2816	1	9
-1	2636	7	2
-1	4436	8	2
-1	3525	3	6
-1	3260	9	5
-1	1529	8	3
-1	3933	3	6
-1	1828	5	6
-1	3436	4	5
-1	1202	3	5
-1	1332	9	6
-1	3612	7	4
-1	4594	1	2
-1	1405	4	3
-1	2133	7	1
-1	3628	8	1
-1	1807	4	7
-1	4067	2	9
-1	3991	7	8
-1	3934	8	7
-1	4402	5	3
-1	1983	1	5
-1	4249	6	9
-1	2457	7	6
-1	1560	9	9
-1	3784	5	2
-1	2745	6	6
-1	4013	8	4
-1	4022	2	4
-1	3761	1	7
-1	3560	7	1
-1	3079	9	9
-1	3400	6	7
-1	3804	8	6
-1	4518	4	6
-1	3839	9	5
-1	2242	7	5
-1	2913	1	6
-1	4550	6	2
-1	4614	7	1
-1	3860	4	8
-1	3991	4	8
-1	1271	6	6
-1	4134	4	8
-1	3313	9	8
-1	2013	7	4
-1	1765	7	2
-1	2747	1	5
-1	2131	4	2
-1	1269	9	9
-1	4084	2	1
-1	2162	2	3
-1	1678	9	9
-1	4249	5	2
-1	3351	5	2
-1	1915	8	1
-1	3077	6	9
-1	3060	3	9
-1	3046	6	1
-1	4165	4	1
-1	3474	3	1
-1	4610	7	6
-1	2495	9	6
-1	4365	8	5
-1	2332	5	6
-1	2943	3	5
-1	1293	3	8
-1	1872	9	4
-1	1576	6	1
-1	2983	9	6
-1	2467	2	3
-1	3583	3	8
-1	4207	9	6
-1	4066	7	8
-1	1155	8	1
-1	1493	8	3
-1	1793	7	9
-1	1196	6	2
-1	3834	4	6
-1	4237	4	4
-1	3101	2	9
-1	4688	6	9
-1	2964	8	4
-1	3835	8	7
-1	4366	9	9
-1	2479	4	6
-1	2482	2	7
-1	3840	8	9
-1	1535	7	9
-1	3684	7	3
-1	1844	8	9
-1	3872	6	4
-1	4557	7	1
-1	1466	7	4
-1	2222	3	8
-1	3940	9	1
-1	2577	6	5
-1	1596	5	2
-1	2884	6	4
-1	1452	9	6
-1	1801	8	1
-1	4583	8	9
-1	2252	7	2
-1	3837	2	1
-1	3491	1	6
-1	1583	5	5
-1	2644	9	2
-1	2301	5	2
-1	4176	3	3
-1	2939	2	8
-1	1204	7	4
-1	2962	5	2
-1	3916	9	3
-1	3498	9	6
-1	2146	2	7
-1	3475	3	3
-1	2727	9	1
-1	3350	5	7
-1	4688	2	7
-1	4542	6	5
-1	1542	8	7
-1	2142	4	6
-1	1418	4	5
-1	2581	2	5
-1	2220	1	4
-1	3285	8	4
-1	3716	2	2
-1	3822	9	4
-1	2926	6	6
-1	1904	9	4
-1	3606	2	6
-1	1278	8	4
-1	3002	3	2
-1	3463	5	8
-1	3518	6	7
-1	3208	9	6
-1	3518	6	6
-1	3816	9	1
-1	1425	1	8
-1	3865	7	4
-1	4524	2	5
-1	1262	6	8
-1	4354	8	9
-1	3286	1	7
-1	3562	2	1
-1	3572	2	5
-1	4646	7	2
-1	2140	3	3
-1	4010	8	1
-1	3437	3	2
-1	2295	1	3
-1	3916	8	3
-1	1597	4	3
-1	3031	7	6
-1	4600	3	9
-1	4349	4	7
-1	4246	8	6
-1	4360	3	7
-1	2699	9	9
-1	1287	5	4
-1	2557	1	7
-1	3512	7	6
-1	4065	6	5
-1	3353	8	4
-1	4022	3	6
-1	4615	2	1
-1	4650	5	5
DDW
3472	4158
1105	1557
1230	1598
4066	4678
1013	1239
2205	2807
2991	3305
3454	4308
3576	4460
2858	3096
1895	2513
1982	2374
2301	2989
1715	1857
1590	2386
1538	1958
2933	3307
1192	1716
2763	3445
914	1344
3517	3735
4000	4510
3100	4026
4316	4770
1436	1904
2517	3623
2927	3437
3586	4044
1142	1262
1355	1725
3854	5322
3249	3739
2910	3216
2619	3013
2531	2741
4037	4835
3419	3631
2804	3716
1361	1697
3225	4641
1773	1883
3058	3814
1142	1262
1185	1479
2890	4334
4410	4778
1152	1658
1813	2453
3265	3991
1536	2078
3742	4392
3712	4270
3501	4367
3874	4930
1805	2161
4122	4376
2334	2580
1420	1700
3254	4314
2388	3102
3852	4174
3218	4826
3535	3987
2848	4272
2802	3356
3128	3672
3652	3956
4247	4789
3071	4607
1995	2489
2622	3204
3958	5142
4245	4983
3358	4362
3313	4669
1106	1436
4051	4217
3214	3412
1912	2114
1571	1959
2720	2774
1833	2429
1066	1472
3635	4533
2054	2270
1510	1846
3569	4929
2882	3820
1551	2279
3046	3108
2938	3182
2589	3503
4123	4207
2849	4099
3918	5302
2395	2595
4103	4627
2215	2449
2884	3002
1125	1461
1498	2246
1387	1765
2536	3430
1998	2936
3368	3798
3534	4880
3253	4879
936	1374
1254	1732
1488	2098
1172	1220
3757	3911
4068	4406
3008	3194
4125	5251
2638	3290
3682	3988
3667	5065
2082	2876
2010	2954
3341	4339
1366	1704
3389	3979
1475	2213
3562	4182
3828	5286
1290	1642
2000	2444
3191	4689
2216	2938
1468	1724
2394	3374
1437	1467
1567	2035
4079	5087
2049	2455
3070	4604
2898	4084
1488	1678
2406	2882
2048	2554
3466	4886
2381	3497
1168	1240
2399	3525
3838	3994
3113	3883
1760	2532
3232	3718
2618	2836
2680	4020
4219	5157
4088	4996
1480	1604
2121	2163
1276	1560
2478	2684
1865	2575
2891	3679
3307	4125
3669	3975
2633	3219
1885	1923
3534	3678
1150	1406
2822	3182
3394	3532
3096	3940
2791	3625
3412	3624
3396	4236
1325	1525
3440	4290
4207	4841
1148	1376
3657	5051
2859	3713
3348	3776
3536	3608
4367	4925
2033	2247
3408	4612
3334	3540
1951	2639
3329	4503
1310	1884
2819	3243
3772	5428
3784	4914
4161	4331
4098	4622
2564	2834
1210	1364
2148	2966
3301	3723
4024	4106
2783	3923
3338	4706
3969	5261
4046	5254
