HFSDDW
50	25	5
0	21	1	77	2	43	3	4	4	11
0	24	1	39	2	11	3	24	4	6
0	12	1	95	2	74	3	23	4	74
0	38	1	28	2	51	3	26	4	40
0	47	1	40	2	98	3	42	4	50
0	66	1	66	2	44	3	70	4	75
0	99	1	25	2	29	3	81	4	31
0	53	1	77	2	73	3	85	4	90
0	67	1	66	2	31	3	86	4	15
0	67	1	84	2	31	3	29	4	92
0	98	1	44	2	41	3	25	4	18
0	81	1	79	2	2	3	53	4	44
0	57	1	94	2	40	3	49	4	7
0	87	1	66	2	92	3	92	4	21
0	61	1	54	2	66	3	35	4	72
0	80	1	10	2	12	3	28	4	83
0	82	1	36	2	16	3	77	4	76
0	55	1	83	2	4	3	63	4	50
0	74	1	76	2	20	3	41	4	34
0	72	1	26	2	81	3	80	4	27
0	1	1	92	2	38	3	8	4	32
0	44	1	78	2	6	3	53	4	37
0	71	1	67	2	73	3	70	4	62
0	22	1	79	2	62	3	72	4	51
0	4	1	63	2	30	3	43	4	47
0	85	1	35	2	25	3	2	4	99
0	55	1	28	2	31	3	1	4	82
0	90	1	97	2	9	3	46	4	33
0	77	1	78	2	51	3	26	4	78
0	7	1	3	2	50	3	79	4	12
0	93	1	63	2	9	3	30	4	23
0	38	1	62	2	95	3	60	4	47
0	10	1	53	2	4	3	53	4	82
0	43	1	37	2	72	3	88	4	72
0	24	1	71	2	17	3	40	4	73
0	26	1	12	2	4	3	64	4	41
0	82	1	85	2	46	3	90	4	7
0	91	1	20	2	2	3	77	4	45
0	28	1	3	2	48	3	98	4	24
0	24	1	74	2	98	3	43	4	35
0	70	1	30	2	62	3	7	4	88
0	23	1	47	2	69	3	57	4	97
0	26	1	59	2	31	3	20	4	64
0	25	1	8	2	14	3	47	4	91
0	24	1	35	2	94	3	43	4	45
0	22	1	23	2	18	3	17	4	49
0	52	1	14	2	60	3	30	4	71
0	53	1	23	2	39	3	3	4	83
0	45	1	50	2	45	3	80	4	19
0	69	1	72	2	29	3	35	4	99
LBCmax: 637
RELDUE
-1	125	7	7
-1	294	8	3
-1	262	9	5
-1	264	5	8
-1	108	1	4
-1	196	4	2
-1	198	9	8
-1	134	2	1
-1	299	5	4
-1	319	7	5
-1	64	5	9
-1	175	8	2
-1	265	9	9
-1	92	9	7
-1	236	8	3
-1	112	7	5
-1	441	8	2
-1	68	1	8
-1	249	2	6
-1	109	2	8
-1	68	4	7
-1	326	1	8
-1	109	9	9
-1	306	1	9
-1	242	2	7
-1	344	7	6
-1	410	6	8
-1	117	5	8
-1	158	8	7
-1	354	3	1
-1	253	6	7
-1	423	1	7
-1	382	6	9
-1	130	4	7
-1	190	8	4
-1	415	9	8
-1	300	2	9
-1	94	1	8
-1	131	8	1
-1	202	2	9
-1	130	8	9
-1	82	6	1
-1	361	6	2
-1	199	9	9
-1	382	6	3
-1	122	9	5
-1	438	3	2
-1	206	3	7
-1	201	6	3
-1	86	2	1
DDW
118	132
282	306
257	267
243	285
98	118
178	214
188	208
123	145
275	323
293	345
58	70
159	191
252	278
89	95
231	241
105	119
432	450
67	69
244	254
104	114
67	69
310	342
107	111
288	324
230	254
327	361
385	435
105	129
147	169
340	368
248	258
393	453
348	416
127	133
180	200
394	436
273	327
86	102
128	134
186	218
121	139
80	84
350	372
181	217
367	397
121	123
394	482
204	208
199	203
79	93
