HFSDDW
100	15	5
0	27	1	32	2	47	3	6	4	77
0	61	1	40	2	91	3	64	4	56
0	97	1	38	2	63	3	36	4	70
0	72	1	98	2	55	3	13	4	56
0	3	1	36	2	19	3	26	4	98
0	28	1	61	2	60	3	65	4	27
0	97	1	87	2	20	3	36	4	7
0	19	1	79	2	35	3	94	4	54
0	35	1	85	2	6	3	28	4	7
0	67	1	63	2	40	3	69	4	10
0	36	1	69	2	98	3	27	4	93
0	91	1	14	2	21	3	7	4	49
0	1	1	80	2	27	3	38	4	59
0	11	1	19	2	28	3	29	4	51
0	93	1	64	2	61	3	59	4	22
0	18	1	30	2	90	3	20	4	32
0	64	1	21	2	91	3	56	4	91
0	28	1	89	2	92	3	43	4	16
0	6	1	59	2	28	3	45	4	53
0	55	1	59	2	68	3	69	4	95
0	49	1	36	2	11	3	18	4	17
0	71	1	8	2	40	3	6	4	76
0	61	1	24	2	1	3	75	4	85
0	79	1	89	2	71	3	46	4	31
0	22	1	26	2	84	3	14	4	45
0	34	1	37	2	17	3	6	4	66
0	59	1	62	2	21	3	24	4	82
0	28	1	11	2	73	3	40	4	20
0	21	1	49	2	87	3	67	4	54
0	82	1	59	2	52	3	59	4	74
0	65	1	88	2	22	3	39	4	74
0	24	1	51	2	97	3	73	4	82
0	35	1	91	2	34	3	39	4	17
0	99	1	3	2	76	3	92	4	57
0	69	1	17	2	32	3	27	4	11
0	72	1	38	2	18	3	60	4	63
0	75	1	84	2	57	3	32	4	2
0	71	1	40	2	81	3	50	4	59
0	77	1	13	2	99	3	57	4	85
0	29	1	15	2	48	3	50	4	54
0	79	1	82	2	60	3	3	4	5
0	49	1	56	2	95	3	29	4	3
0	85	1	33	2	38	3	11	4	8
0	50	1	34	2	3	3	38	4	46
0	59	1	21	2	27	3	33	4	80
0	56	1	17	2	74	3	41	4	81
0	57	1	89	2	68	3	6	4	83
0	92	1	25	2	55	3	27	4	52
0	15	1	45	2	53	3	47	4	73
0	44	1	75	2	89	3	50	4	36
0	95	1	13	2	11	3	4	4	95
0	58	1	55	2	27	3	22	4	48
0	33	1	82	2	55	3	47	4	45
0	95	1	65	2	33	3	27	4	15
0	26	1	79	2	75	3	85	4	32
0	15	1	67	2	79	3	59	4	37
0	81	1	27	2	25	3	6	4	86
0	45	1	79	2	65	3	10	4	25
0	38	1	97	2	33	3	79	4	19
0	32	1	89	2	7	3	2	4	78
0	79	1	43	2	63	3	35	4	10
0	17	1	37	2	25	3	71	4	80
0	90	1	75	2	67	3	85	4	67
0	7	1	57	2	49	3	61	4	1
0	17	1	1	2	23	3	2	4	77
0	28	1	46	2	96	3	67	4	99
0	25	1	61	2	78	3	81	4	58
0	38	1	63	2	89	3	95	4	69
0	8	1	54	2	93	3	30	4	35
0	62	1	31	2	47	3	12	4	13
0	74	1	40	2	45	3	2	4	61
0	78	1	21	2	61	3	58	4	82
0	70	1	41	2	58	3	71	4	55
0	29	1	97	2	85	3	28	4	30
0	43	1	68	2	54	3	91	4	92
0	63	1	7	2	92	3	67	4	15
0	96	1	98	2	85	3	54	4	25
0	84	1	17	2	76	3	21	4	79
0	18	1	3	2	31	3	14	4	99
0	67	1	96	2	22	3	74	4	6
0	64	1	46	2	20	3	81	4	70
0	7	1	86	2	53	3	10	4	98
0	71	1	28	2	93	3	43	4	85
0	72	1	55	2	4	3	46	4	71
0	13	1	22	2	64	3	49	4	12
0	40	1	37	2	40	3	92	4	25
0	66	1	85	2	19	3	62	4	51
0	51	1	79	2	4	3	84	4	19
0	97	1	63	2	67	3	23	4	8
0	90	1	9	2	87	3	29	4	28
0	13	1	92	2	75	3	4	4	92
0	43	1	81	2	70	3	70	4	30
0	70	1	47	2	61	3	84	4	32
0	86	1	10	2	32	3	92	4	34
0	92	1	52	2	20	3	28	4	73
0	50	1	55	2	42	3	41	4	22
0	32	1	49	2	11	3	65	4	13
0	74	1	10	2	15	3	69	4	9
0	69	1	9	2	34	3	55	4	49
0	51	1	2	2	82	3	90	4	21
LBCmax: 1846
RELDUE
-1	2044	4	7
-1	1973	8	2
-1	2314	6	9
-1	2304	4	9
-1	1192	7	3
-1	1668	7	8
-1	1897	5	9
-1	1436	4	1
-1	1124	1	2
-1	1339	1	5
-1	2171	5	7
-1	1287	4	5
-1	1094	1	3
-1	1433	4	8
-1	2357	1	6
-1	936	2	4
-1	1213	1	6
-1	2335	9	4
-1	1890	5	9
-1	1614	9	1
-1	1969	1	7
-1	2299	4	5
-1	1700	8	6
-1	2103	9	9
-1	1744	4	9
-1	2116	9	7
-1	889	7	8
-1	1744	5	7
-1	2017	4	3
-1	953	2	4
-1	1441	6	5
-1	1902	8	2
-1	1495	1	4
-1	927	7	9
-1	1318	1	1
-1	1567	6	1
-1	1549	3	9
-1	854	5	7
-1	1111	3	8
-1	1516	7	4
-1	583	3	4
-1	1697	5	1
-1	2101	7	5
-1	1055	6	2
-1	940	1	3
-1	1104	9	3
-1	2013	8	5
-1	2144	5	5
-1	1614	9	3
-1	1067	4	4
-1	839	8	1
-1	652	8	3
-1	730	4	8
-1	1170	5	8
-1	1376	3	8
-1	2146	4	5
-1	827	6	7
-1	765	1	2
-1	1114	1	7
-1	1476	5	6
-1	1333	7	6
-1	706	9	8
-1	1819	1	4
-1	725	3	7
-1	2299	5	9
-1	822	8	1
-1	2193	5	3
-1	721	6	3
-1	669	5	3
-1	1343	7	8
-1	1788	9	8
-1	913	8	3
-1	1778	8	5
-1	928	6	1
-1	1585	5	3
-1	825	5	3
-1	752	8	7
-1	1199	6	3
-1	1716	2	1
-1	1193	2	1
-1	657	5	7
-1	1145	3	4
-1	684	9	3
-1	1503	9	3
-1	667	1	7
-1	1343	6	8
-1	1726	9	6
-1	878	7	8
-1	1951	7	7
-1	1572	9	6
-1	1294	7	2
-1	1338	3	2
-1	2141	5	5
-1	2035	3	7
-1	736	6	4
-1	2278	2	5
-1	2279	1	6
-1	1929	3	2
-1	1157	5	5
-1	672	3	5
DDW
1921	2167
1894	2052
2291	2337
2120	2488
1109	1275
1551	1785
1840	1954
1393	1479
1113	1135
1232	1446
2041	2301
1223	1351
1072	1116
1347	1519
2263	2451
899	973
1140	1286
2288	2382
1720	2060
1533	1695
1949	1989
2230	2368
1581	1819
1935	2271
1622	1866
2074	2158
818	960
1674	1814
1956	2078
905	1001
1383	1499
1864	1940
1420	1570
881	973
1305	1331
1520	1614
1518	1580
803	905
1044	1178
1380	1652
566	600
1680	1714
1933	2269
960	1150
865	1015
1016	1192
1953	2073
2037	2251
1566	1662
960	1174
780	898
626	678
679	781
1065	1275
1307	1445
2082	2210
761	893
742	788
1103	1125
1402	1550
1200	1466
642	770
1637	2001
682	768
2184	2414
781	863
2171	2215
663	779
636	702
1330	1356
1734	1842
822	1004
1654	1902
919	937
1553	1617
817	833
707	797
1103	1295
1699	1733
1086	1300
598	716
1111	1179
670	698
1443	1563
607	727
1209	1477
1640	1812
825	931
1756	2146
1446	1698
1216	1372
1204	1472
2034	2248
2015	2055
670	802
2187	2369
2256	2302
1890	1968
1099	1215
645	699
