HFSDDW
100	25	5
0	72	1	63	2	34	3	85	4	17
0	44	1	12	2	93	3	41	4	58
0	66	1	5	2	93	3	83	4	25
0	5	1	5	2	19	3	90	4	88
0	91	1	46	2	16	3	46	4	65
0	83	1	47	2	82	3	75	4	54
0	65	1	99	2	72	3	69	4	28
0	92	1	51	2	33	3	89	4	72
0	12	1	61	2	32	3	36	4	37
0	74	1	4	2	48	3	84	4	16
0	45	1	23	2	80	3	75	4	97
0	26	1	47	2	88	3	21	4	34
0	97	1	30	2	18	3	86	4	92
0	66	1	32	2	25	3	56	4	32
0	53	1	71	2	30	3	18	4	77
0	31	1	15	2	80	3	10	4	91
0	79	1	98	2	97	3	60	4	10
0	42	1	19	2	96	3	71	4	2
0	46	1	63	2	13	3	55	4	75
0	82	1	43	2	45	3	43	4	70
0	42	1	79	2	92	3	52	4	62
0	74	1	93	2	62	3	97	4	66
0	11	1	67	2	79	3	29	4	55
0	98	1	32	2	58	3	77	4	51
0	48	1	35	2	53	3	54	4	86
0	90	1	58	2	74	3	43	4	94
0	88	1	69	2	38	3	40	4	50
0	99	1	7	2	45	3	97	4	35
0	49	1	56	2	98	3	6	4	90
0	78	1	83	2	83	3	1	4	76
0	51	1	84	2	68	3	92	4	22
0	7	1	26	2	38	3	66	4	72
0	16	1	20	2	20	3	4	4	78
0	41	1	30	2	39	3	79	4	55
0	92	1	86	2	61	3	42	4	2
0	91	1	36	2	48	3	64	4	8
0	7	1	74	2	74	3	66	4	44
0	5	1	2	2	45	3	18	4	43
0	73	1	68	2	79	3	26	4	19
0	30	1	37	2	95	3	27	4	49
0	49	1	45	2	5	3	46	4	84
0	64	1	23	2	27	3	90	4	30
0	70	1	78	2	74	3	58	4	65
0	42	1	46	2	53	3	59	4	73
0	40	1	84	2	22	3	36	4	81
0	25	1	8	2	36	3	23	4	72
0	55	1	41	2	21	3	16	4	59
0	62	1	70	2	29	3	82	4	79
0	81	1	75	2	55	3	87	4	73
0	95	1	93	2	22	3	61	4	77
0	84	1	84	2	36	3	53	4	9
0	65	1	24	2	68	3	64	4	60
0	57	1	87	2	4	3	18	4	75
0	29	1	58	2	59	3	99	4	3
0	71	1	17	2	70	3	80	4	92
0	65	1	29	2	34	3	63	4	86
0	31	1	85	2	75	3	46	4	88
0	71	1	5	2	67	3	7	4	94
0	39	1	2	2	64	3	23	4	23
0	93	1	71	2	38	3	13	4	44
0	38	1	35	2	22	3	58	4	6
0	67	1	14	2	56	3	61	4	44
0	36	1	89	2	6	3	78	4	30
0	71	1	13	2	58	3	30	4	5
0	25	1	90	2	52	3	5	4	64
0	70	1	53	2	48	3	57	4	98
0	94	1	91	2	22	3	19	4	48
0	95	1	64	2	18	3	40	4	22
0	57	1	49	2	7	3	63	4	59
0	49	1	96	2	86	3	93	4	51
0	81	1	13	2	8	3	9	4	20
0	47	1	82	2	18	3	93	4	36
0	14	1	66	2	98	3	62	4	49
0	44	1	68	2	86	3	30	4	34
0	8	1	95	2	18	3	8	4	47
0	76	1	84	2	89	3	46	4	15
0	73	1	67	2	55	3	7	4	18
0	81	1	83	2	14	3	99	4	1
0	13	1	46	2	24	3	5	4	8
0	91	1	50	2	44	3	14	4	15
0	81	1	10	2	56	3	59	4	43
0	85	1	95	2	99	3	61	4	43
0	63	1	93	2	71	3	79	4	62
0	47	1	12	2	92	3	45	4	68
0	60	1	55	2	87	3	29	4	22
0	61	1	72	2	14	3	1	4	55
0	26	1	40	2	75	3	32	4	33
0	64	1	11	2	95	3	63	4	32
0	86	1	83	2	52	3	56	4	38
0	19	1	75	2	44	3	42	4	60
0	80	1	58	2	99	3	46	4	54
0	27	1	22	2	27	3	37	4	82
0	14	1	81	2	99	3	7	4	17
0	23	1	18	2	40	3	46	4	98
0	36	1	16	2	29	3	13	4	82
0	76	1	4	2	32	3	91	4	3
0	86	1	28	2	71	3	40	4	75
0	68	1	41	2	30	3	77	4	7
0	42	1	84	2	59	3	81	4	19
0	5	1	84	2	45	3	39	4	15
LBCmax: 1225
RELDUE
-1	859	5	9
-1	943	9	4
-1	1099	7	2
-1	965	8	9
-1	917	8	1
-1	1015	9	1
-1	927	1	8
-1	1069	7	7
-1	1013	2	3
-1	1049	1	2
-1	915	2	9
-1	1078	2	4
-1	943	7	8
-1	940	4	1
-1	1093	2	5
-1	1068	6	4
-1	880	5	4
-1	1003	5	2
-1	934	4	3
-1	976	8	7
-1	1057	8	5
-1	1072	2	4
-1	1011	9	7
-1	954	7	5
-1	994	7	3
-1	984	4	4
-1	997	7	9
-1	975	9	6
-1	1089	7	5
-1	1047	7	8
-1	1083	7	8
-1	999	7	3
-1	1086	4	5
-1	1045	6	6
-1	861	4	6
-1	982	4	9
-1	928	4	4
-1	924	3	7
-1	894	7	8
-1	883	5	9
-1	955	2	8
-1	991	3	8
-1	1020	1	3
-1	1100	6	6
-1	1060	5	8
-1	985	4	9
-1	977	5	9
-1	917	9	1
-1	1066	7	8
-1	936	9	4
-1	1090	2	1
-1	918	2	2
-1	891	9	5
-1	1078	9	4
-1	939	6	3
-1	890	8	9
-1	1035	9	7
-1	1001	7	8
-1	1073	5	8
-1	1036	3	2
-1	875	8	9
-1	1054	2	5
-1	1083	2	4
-1	1068	4	4
-1	1068	4	3
-1	1019	9	8
-1	1095	8	1
-1	1001	8	1
-1	936	7	2
-1	968	9	6
-1	997	4	3
-1	1058	9	3
-1	965	9	4
-1	907	9	7
-1	877	3	2
-1	922	6	8
-1	908	6	8
-1	1014	6	2
-1	997	9	7
-1	866	9	5
-1	863	1	5
-1	936	1	4
-1	1012	3	1
-1	1010	1	9
-1	1059	9	6
-1	1022	2	4
-1	965	9	7
-1	864	7	6
-1	963	1	9
-1	1073	5	7
-1	1049	5	7
-1	1030	2	2
-1	954	6	1
-1	961	2	1
-1	865	5	7
-1	1003	2	9
-1	1011	2	4
-1	1054	5	9
-1	888	2	6
-1	897	9	9
DDW
825	893
849	1037
1000	1198
897	1033
825	1009
985	1045
834	1020
962	1176
1003	1023
944	1154
906	924
1067	1089
915	971
921	959
1082	1104
1025	1111
845	915
913	1093
859	1009
956	996
962	1152
1061	1083
960	1062
925	983
944	1044
964	1004
977	1017
926	1024
1067	1111
953	1141
1029	1137
949	1049
977	1195
982	1108
818	904
923	1041
844	1012
878	970
867	921
839	927
936	974
961	1021
918	1122
1034	1166
986	1134
965	1005
899	1055
908	926
1013	1119
917	955
1014	1166
881	955
811	971
992	1164
920	958
863	917
973	1097
931	1071
1041	1105
943	1129
866	884
1001	1107
986	1180
1036	1100
1015	1121
948	1090
1084	1106
931	1071
861	1011
910	1026
947	1047
963	1153
897	1033
871	943
868	886
867	977
899	917
923	1105
937	1057
840	892
820	906
917	955
1002	1022
909	1111
1027	1091
1002	1042
907	1023
847	881
915	1011
1052	1094
944	1154
999	1061
925	983
913	1009
830	900
933	1073
960	1062
970	1138
870	906
888	906
