HFSDDW
50	15	5
0	3	1	36	2	84	3	8	4	4
0	16	1	47	2	78	3	5	4	88
0	71	1	78	2	11	3	55	4	85
0	67	1	8	2	83	3	57	4	21
0	88	1	12	2	44	3	54	4	84
0	63	1	22	2	31	3	4	4	4
0	24	1	9	2	64	3	36	4	37
0	18	1	27	2	26	3	98	4	71
0	80	1	5	2	98	3	33	4	57
0	70	1	72	2	40	3	81	4	5
0	3	1	6	2	11	3	45	4	95
0	90	1	92	2	31	3	24	4	40
0	93	1	17	2	75	3	2	4	64
0	63	1	14	2	75	3	19	4	67
0	40	1	81	2	84	3	85	4	40
0	83	1	14	2	12	3	97	4	14
0	91	1	82	2	50	3	98	4	1
0	19	1	98	2	19	3	41	4	46
0	26	1	96	2	3	3	58	4	78
0	63	1	30	2	96	3	68	4	93
0	56	1	96	2	22	3	14	4	64
0	22	1	21	2	25	3	6	4	12
0	77	1	81	2	33	3	10	4	49
0	11	1	67	2	77	3	1	4	46
0	65	1	94	2	35	3	72	4	41
0	44	1	78	2	27	3	8	4	76
0	54	1	17	2	43	3	4	4	58
0	95	1	61	2	36	3	34	4	79
0	97	1	73	2	14	3	29	4	69
0	45	1	63	2	93	3	10	4	67
0	96	1	53	2	96	3	23	4	29
0	61	1	62	2	49	3	73	4	21
0	43	1	94	2	18	3	29	4	58
0	60	1	38	2	30	3	52	4	54
0	50	1	31	2	43	3	21	4	48
0	92	1	81	2	6	3	3	4	95
0	80	1	84	2	17	3	40	4	80
0	1	1	21	2	20	3	75	4	96
0	33	1	12	2	63	3	14	4	36
0	4	1	55	2	85	3	71	4	9
0	7	1	34	2	42	3	56	4	18
0	65	1	11	2	75	3	74	4	37
0	80	1	57	2	46	3	77	4	40
0	59	1	77	2	78	3	49	4	57
0	40	1	19	2	55	3	55	4	21
0	38	1	68	2	30	3	84	4	45
0	37	1	96	2	34	3	94	4	89
0	47	1	43	2	61	3	23	4	15
0	90	1	45	2	45	3	38	4	16
0	76	1	65	2	85	3	73	4	77
LBCmax: 999
RELDUE
-1	455	5	2
-1	762	9	8
-1	515	6	1
-1	384	2	1
-1	711	5	7
-1	828	2	6
-1	771	5	9
-1	819	1	2
-1	508	3	8
-1	777	1	4
-1	883	3	1
-1	785	3	8
-1	843	3	6
-1	478	9	2
-1	898	2	6
-1	803	4	6
-1	435	7	1
-1	612	9	6
-1	828	8	7
-1	854	5	1
-1	396	4	6
-1	394	7	5
-1	631	8	1
-1	507	1	4
-1	699	4	1
-1	870	8	7
-1	742	1	9
-1	398	1	5
-1	535	8	1
-1	569	6	1
-1	732	2	1
-1	795	8	9
-1	634	3	6
-1	342	8	4
-1	414	9	5
-1	658	3	5
-1	662	4	1
-1	420	1	6
-1	454	3	7
-1	306	1	2
-1	712	5	5
-1	635	7	2
-1	459	7	7
-1	558	5	8
-1	402	9	4
-1	357	7	7
-1	626	2	4
-1	391	8	3
-1	531	7	8
-1	493	2	3
DDW
441	469
709	815
494	536
349	419
654	768
795	861
740	802
811	827
457	559
738	816
857	909
769	801
826	860
454	502
853	943
747	859
418	452
569	655
811	845
794	914
392	400
390	398
599	663
477	537
643	755
818	922
712	772
358	438
524	546
523	615
666	798
755	835
596	672
318	366
373	455
599	717
649	675
378	462
431	477
294	318
684	740
597	673
418	500
525	591
394	410
336	378
582	670
360	422
478	584
483	503
