HFSDDW
200	25	5
0	71	1	62	2	63	3	78	4	72
0	1	1	61	2	9	3	7	4	70
0	45	1	8	2	88	3	76	4	78
0	21	1	35	2	17	3	31	4	61
0	54	1	66	2	14	3	43	4	49
0	9	1	40	2	7	3	56	4	49
0	43	1	71	2	64	3	9	4	85
0	52	1	62	2	28	3	96	4	76
0	58	1	17	2	73	3	51	4	51
0	80	1	6	2	80	3	70	4	51
0	78	1	71	2	23	3	52	4	28
0	6	1	48	2	20	3	30	4	64
0	60	1	54	2	53	3	57	4	27
0	73	1	43	2	79	3	91	4	27
0	58	1	8	2	20	3	54	4	3
0	38	1	92	2	63	3	92	4	69
0	3	1	60	2	36	3	5	4	70
0	71	1	49	2	13	3	81	4	79
0	4	1	42	2	97	3	32	4	17
0	4	1	64	2	17	3	24	4	78
0	37	1	26	2	89	3	44	4	93
0	71	1	52	2	68	3	49	4	90
0	14	1	85	2	28	3	61	4	61
0	1	1	19	2	48	3	86	4	55
0	24	1	31	2	98	3	12	4	23
0	17	1	10	2	87	3	38	4	98
0	73	1	75	2	40	3	15	4	32
0	77	1	71	2	91	3	12	4	99
0	20	1	80	2	63	3	91	4	66
0	19	1	14	2	36	3	71	4	16
0	85	1	16	2	31	3	68	4	54
0	6	1	27	2	77	3	21	4	76
0	61	1	64	2	31	3	51	4	17
0	38	1	45	2	13	3	29	4	84
0	29	1	27	2	37	3	86	4	35
0	44	1	68	2	8	3	46	4	5
0	3	1	73	2	17	3	22	4	13
0	58	1	44	2	72	3	61	4	27
0	51	1	93	2	71	3	35	4	38
0	56	1	50	2	12	3	74	4	28
0	73	1	1	2	8	3	86	4	87
0	59	1	78	2	44	3	33	4	11
0	38	1	20	2	31	3	17	4	74
0	87	1	47	2	9	3	38	4	59
0	94	1	73	2	52	3	3	4	34
0	35	1	56	2	3	3	49	4	79
0	93	1	56	2	34	3	19	4	31
0	2	1	66	2	30	3	35	4	54
0	79	1	1	2	40	3	50	4	88
0	31	1	63	2	55	3	60	4	50
0	10	1	42	2	74	3	15	4	33
0	1	1	49	2	5	3	53	4	52
0	3	1	76	2	95	3	54	4	17
0	82	1	85	2	13	3	85	4	72
0	22	1	17	2	73	3	83	4	80
0	94	1	33	2	2	3	14	4	3
0	72	1	2	2	42	3	98	4	69
0	52	1	82	2	19	3	85	4	30
0	53	1	61	2	77	3	83	4	51
0	4	1	5	2	86	3	34	4	7
0	46	1	51	2	69	3	87	4	29
0	92	1	68	2	90	3	35	4	39
0	67	1	47	2	90	3	51	4	79
0	2	1	34	2	96	3	84	4	64
0	99	1	67	2	27	3	55	4	20
0	60	1	40	2	90	3	33	4	76
0	89	1	47	2	68	3	8	4	57
0	22	1	32	2	54	3	70	4	77
0	83	1	92	2	83	3	46	4	62
0	6	1	71	2	26	3	4	4	50
0	69	1	8	2	2	3	69	4	7
0	78	1	24	2	14	3	68	4	69
0	53	1	78	2	58	3	58	4	50
0	21	1	79	2	83	3	94	4	58
0	70	1	79	2	27	3	8	4	81
0	8	1	83	2	80	3	92	4	14
0	89	1	14	2	86	3	82	4	8
0	81	1	46	2	98	3	1	4	78
0	97	1	18	2	86	3	1	4	24
0	6	1	35	2	25	3	96	4	42
0	27	1	87	2	32	3	46	4	79
0	89	1	81	2	94	3	88	4	98
0	94	1	43	2	21	3	54	4	80
0	39	1	91	2	75	3	51	4	68
0	75	1	80	2	82	3	17	4	60
0	52	1	93	2	26	3	83	4	75
0	73	1	58	2	84	3	51	4	86
0	2	1	82	2	41	3	4	4	18
0	1	1	51	2	11	3	2	4	83
0	54	1	96	2	32	3	21	4	85
0	14	1	60	2	74	3	28	4	67
0	47	1	5	2	15	3	85	4	28
0	96	1	55	2	12	3	13	4	26
0	36	1	59	2	70	3	67	4	78
0	56	1	51	2	71	3	34	4	68
0	24	1	70	2	80	3	33	4	7
0	55	1	61	2	5	3	98	4	62
0	14	1	84	2	56	3	83	4	40
0	96	1	67	2	56	3	75	4	21
0	45	1	39	2	97	3	76	4	48
0	95	1	26	2	64	3	43	4	29
0	62	1	88	2	40	3	60	4	43
0	77	1	24	2	82	3	79	4	72
0	35	1	50	2	14	3	51	4	12
0	51	1	3	2	87	3	28	4	81
0	89	1	95	2	96	3	13	4	23
0	85	1	72	2	5	3	85	4	11
0	29	1	97	2	62	3	69	4	99
0	26	1	45	2	95	3	40	4	62
0	73	1	84	2	77	3	4	4	86
0	94	1	26	2	47	3	64	4	96
0	92	1	39	2	36	3	61	4	40
0	67	1	91	2	27	3	38	4	58
0	6	1	20	2	97	3	68	4	43
0	38	1	88	2	44	3	51	4	86
0	7	1	8	2	48	3	66	4	9
0	5	1	19	2	93	3	27	4	29
0	59	1	26	2	40	3	89	4	19
0	90	1	61	2	1	3	30	4	33
0	34	1	18	2	58	3	81	4	57
0	53	1	87	2	9	3	60	4	49
0	7	1	81	2	95	3	78	4	89
0	85	1	91	2	70	3	53	4	36
0	48	1	98	2	99	3	9	4	98
0	79	1	80	2	9	3	49	4	53
0	77	1	87	2	14	3	19	4	53
0	88	1	49	2	66	3	9	4	56
0	17	1	10	2	33	3	78	4	23
0	78	1	30	2	61	3	99	4	34
0	99	1	90	2	48	3	94	4	85
0	35	1	19	2	49	3	82	4	77
0	72	1	78	2	60	3	7	4	71
0	19	1	68	2	77	3	26	4	1
0	36	1	25	2	61	3	96	4	19
0	38	1	66	2	22	3	86	4	21
0	50	1	19	2	10	3	16	4	54
0	86	1	40	2	19	3	33	4	18
0	70	1	99	2	83	3	31	4	83
0	39	1	50	2	26	3	7	4	4
0	11	1	53	2	36	3	98	4	97
0	75	1	29	2	51	3	76	4	47
0	69	1	96	2	62	3	62	4	28
0	54	1	69	2	44	3	53	4	85
0	79	1	49	2	44	3	8	4	31
0	37	1	41	2	30	3	14	4	80
0	88	1	40	2	15	3	83	4	11
0	97	1	82	2	11	3	19	4	78
0	57	1	88	2	43	3	86	4	49
0	73	1	37	2	22	3	4	4	30
0	69	1	6	2	73	3	22	4	25
0	61	1	9	2	29	3	68	4	60
0	34	1	98	2	37	3	96	4	58
0	30	1	82	2	79	3	51	4	31
0	71	1	59	2	26	3	74	4	28
0	90	1	6	2	57	3	58	4	57
0	99	1	19	2	27	3	84	4	11
0	82	1	66	2	93	3	58	4	49
0	88	1	53	2	42	3	58	4	45
0	59	1	51	2	47	3	29	4	20
0	91	1	58	2	71	3	72	4	58
0	10	1	80	2	98	3	93	4	35
0	55	1	51	2	71	3	12	4	60
0	16	1	72	2	53	3	85	4	75
0	63	1	89	2	21	3	2	4	42
0	19	1	18	2	67	3	30	4	69
0	39	1	59	2	29	3	39	4	66
0	42	1	48	2	54	3	27	4	1
0	3	1	68	2	99	3	24	4	93
0	38	1	82	2	30	3	97	4	29
0	87	1	98	2	61	3	53	4	56
0	2	1	37	2	69	3	30	4	40
0	92	1	14	2	68	3	25	4	95
0	96	1	22	2	32	3	46	4	19
0	67	1	18	2	27	3	84	4	73
0	94	1	89	2	97	3	9	4	5
0	36	1	87	2	69	3	1	4	82
0	41	1	98	2	76	3	82	4	64
0	6	1	79	2	24	3	86	4	9
0	89	1	1	2	75	3	29	4	97
0	17	1	50	2	84	3	79	4	61
0	69	1	71	2	77	3	79	4	62
0	13	1	40	2	61	3	26	4	4
0	5	1	44	2	67	3	43	4	54
0	98	1	45	2	50	3	82	4	13
0	88	1	93	2	40	3	76	4	84
0	94	1	15	2	68	3	11	4	88
0	85	1	4	2	89	3	39	4	13
0	69	1	22	2	97	3	21	4	51
0	66	1	18	2	98	3	83	4	4
0	45	1	33	2	33	3	74	4	99
0	71	1	1	2	2	3	67	4	73
0	76	1	32	2	1	3	94	4	67
0	97	1	71	2	50	3	38	4	18
0	2	1	54	2	28	3	30	4	84
0	77	1	48	2	29	3	31	4	47
0	71	1	94	2	57	3	72	4	40
0	61	1	82	2	93	3	12	4	17
0	85	1	2	2	23	3	66	4	36
0	38	1	21	2	3	3	53	4	54
0	94	1	68	2	60	3	65	4	3
LBCmax: 2190
RELDUE
-1	1412	5	7
-1	283	4	6
-1	248	2	2
-1	1404	6	6
-1	510	1	8
-1	529	8	7
-1	1154	6	9
-1	1152	8	1
-1	482	5	2
-1	244	7	5
-1	1294	5	3
-1	1194	5	2
-1	599	7	8
-1	947	7	3
-1	293	7	9
-1	419	8	5
-1	1240	4	4
-1	725	2	8
-1	495	8	4
-1	646	7	3
-1	1523	9	3
-1	628	8	9
-1	1026	5	2
-1	1459	7	7
-1	827	2	5
-1	965	8	6
-1	812	6	7
-1	1217	7	3
-1	1230	2	2
-1	900	8	3
-1	257	5	4
-1	670	8	2
-1	1432	9	4
-1	1130	4	3
-1	859	7	9
-1	964	3	1
-1	1271	5	4
-1	263	6	2
-1	1394	4	6
-1	1444	6	5
-1	407	2	9
-1	625	2	3
-1	259	1	2
-1	1069	8	6
-1	929	7	9
-1	1061	7	6
-1	1419	6	4
-1	839	8	6
-1	845	5	7
-1	726	9	2
-1	444	8	5
-1	605	9	2
-1	738	3	7
-1	644	2	3
-1	265	1	6
-1	1002	8	6
-1	791	5	4
-1	323	1	5
-1	795	2	6
-1	1079	1	8
-1	1250	6	7
-1	1470	5	8
-1	1455	2	6
-1	1115	5	1
-1	1520	5	1
-1	843	6	7
-1	1295	6	5
-1	1002	6	7
-1	306	9	9
-1	863	1	3
-1	681	1	6
-1	1196	5	1
-1	865	2	2
-1	584	2	2
-1	458	4	4
-1	1116	4	9
-1	588	6	2
-1	1490	6	1
-1	748	9	2
-1	1300	9	6
-1	1079	3	1
-1	1507	7	1
-1	591	9	1
-1	722	9	9
-1	675	7	4
-1	1186	5	3
-1	1465	6	7
-1	1007	7	1
-1	1084	2	5
-1	1391	7	1
-1	391	5	3
-1	1167	7	1
-1	1001	7	7
-1	533	2	5
-1	413	9	6
-1	470	7	7
-1	704	9	4
-1	678	1	1
-1	1083	8	5
-1	305	2	1
-1	1300	2	2
-1	636	5	1
-1	751	8	1
-1	1515	4	8
-1	264	5	6
-1	781	8	5
-1	1273	5	9
-1	372	2	9
-1	404	3	7
-1	682	3	2
-1	633	9	5
-1	835	1	2
-1	1108	6	7
-1	1029	3	2
-1	219	6	6
-1	1276	3	7
-1	1098	3	6
-1	952	8	3
-1	659	8	7
-1	552	3	6
-1	911	4	3
-1	507	9	3
-1	1452	7	3
-1	448	3	1
-1	690	3	2
-1	1048	7	1
-1	414	2	9
-1	551	2	7
-1	389	1	4
-1	1522	4	2
-1	631	8	3
-1	1444	2	8
-1	626	4	2
-1	662	2	9
-1	219	1	8
-1	661	1	6
-1	974	4	7
-1	609	8	6
-1	677	5	8
-1	1427	4	3
-1	1447	5	3
-1	1311	8	5
-1	821	8	2
-1	620	5	3
-1	977	4	2
-1	1090	2	5
-1	277	3	2
-1	1506	8	2
-1	532	1	1
-1	671	9	5
-1	905	1	3
-1	1285	1	5
-1	237	2	2
-1	750	6	5
-1	928	2	6
-1	1011	2	3
-1	717	9	1
-1	522	6	6
-1	1044	4	7
-1	749	1	3
-1	586	7	8
-1	940	5	8
-1	1517	7	6
-1	415	4	3
-1	270	9	7
-1	723	5	5
-1	428	8	9
-1	665	3	2
-1	1028	2	4
-1	1091	4	7
-1	520	5	1
-1	707	2	8
-1	494	9	8
-1	765	6	2
-1	638	5	2
-1	1133	7	4
-1	1219	1	7
-1	1050	8	2
-1	1005	8	2
-1	1133	7	5
-1	990	7	4
-1	441	5	4
-1	238	1	7
-1	1252	5	9
-1	836	8	4
-1	879	4	1
-1	1425	4	3
-1	1410	7	7
-1	1267	7	6
-1	741	8	8
-1	1478	1	2
-1	671	8	7
-1	1099	1	2
-1	1461	4	2
-1	1060	2	1
-1	725	3	1
-1	1328	6	8
-1	624	1	2
-1	569	5	7
-1	473	8	3
DDW
1299	1525
249	317
228	268
1376	1432
428	592
460	598
935	1373
968	1336
390	574
239	249
1152	1436
1122	1266
563	635
767	1127
264	322
369	469
1104	1376
609	841
450	540
530	762
1416	1630
578	678
852	1200
1211	1707
802	852
888	1042
731	893
1071	1363
1156	1304
774	1026
244	270
543	797
1203	1661
983	1277
773	945
868	1060
1055	1487
224	302
1115	1673
1314	1574
383	431
550	700
249	269
1058	1080
827	1031
1040	1082
1192	1646
722	956
786	904
661	791
391	497
520	690
679	797
515	773
215	315
992	1012
672	910
284	362
636	954
982	1176
1212	1288
1367	1573
1295	1615
1048	1182
1246	1794
742	944
1166	1424
862	1142
278	334
854	872
579	783
1005	1387
718	1012
467	701
398	518
949	1283
564	612
1237	1743
703	793
1287	1313
939	1219
1251	1763
556	626
599	845
662	688
1044	1328
1289	1641
836	1178
932	1236
1252	1530
332	450
1097	1237
851	1151
469	597
384	442
381	559
690	718
549	807
1040	1126
247	363
1144	1456
623	649
706	796
1424	1606
227	301
656	906
1044	1502
342	402
376	432
655	709
525	741
676	994
1042	1174
833	1225
182	256
1199	1353
1076	1120
819	1085
626	692
519	585
902	920
436	578
1162	1742
363	533
642	738
943	1153
406	422
518	584
335	443
1294	1750
543	719
1372	1516
545	707
616	708
197	241
588	734
857	1091
487	731
657	697
1341	1513
1244	1650
1259	1363
739	903
552	688
840	1114
905	1275
274	280
1250	1762
452	612
664	678
751	1059
1182	1388
201	273
615	885
752	1104
819	1203
695	739
485	559
835	1253
712	786
498	674
827	1053
1289	1745
361	469
240	300
636	810
398	458
539	791
925	1131
1026	1156
442	598
693	721
435	553
620	910
561	715
940	1326
1170	1268
945	1155
945	1065
1020	1246
891	1089
419	463
212	264
1089	1415
686	986
826	932
1268	1582
1198	1622
1153	1381
659	823
1345	1611
637	705
1088	1110
1198	1724
943	1177
703	747
1195	1461
518	730
455	683
464	482
