HFSDDW
100	15	5
0	81	1	39	2	28	3	80	4	60
0	29	1	60	2	66	3	14	4	16
0	9	1	23	2	50	3	23	4	34
0	6	1	37	2	57	3	3	4	40
0	26	1	8	2	78	3	26	4	99
0	66	1	98	2	68	3	24	4	82
0	78	1	11	2	62	3	85	4	58
0	85	1	10	2	63	3	92	4	84
0	26	1	10	2	18	3	46	4	23
0	9	1	37	2	33	3	71	4	59
0	32	1	92	2	79	3	52	4	19
0	74	1	60	2	2	3	81	4	93
0	31	1	92	2	42	3	32	4	38
0	97	1	60	2	64	3	64	4	48
0	96	1	73	2	64	3	18	4	15
0	17	1	89	2	33	3	4	4	90
0	29	1	65	2	97	3	64	4	50
0	85	1	31	2	11	3	67	4	83
0	25	1	8	2	81	3	98	4	54
0	33	1	67	2	85	3	8	4	25
0	48	1	72	2	69	3	23	4	63
0	58	1	28	2	62	3	37	4	2
0	84	1	28	2	98	3	90	4	65
0	66	1	95	2	77	3	81	4	52
0	66	1	50	2	97	3	80	4	24
0	88	1	92	2	66	3	63	4	81
0	49	1	4	2	25	3	79	4	42
0	57	1	96	2	74	3	2	4	92
0	58	1	68	2	73	3	65	4	99
0	97	1	10	2	91	3	34	4	88
0	38	1	90	2	4	3	56	4	59
0	98	1	75	2	88	3	99	4	74
0	66	1	62	2	98	3	56	4	52
0	80	1	3	2	19	3	48	4	8
0	69	1	21	2	76	3	89	4	94
0	97	1	76	2	32	3	81	4	27
0	78	1	1	2	33	3	75	4	44
0	59	1	99	2	69	3	20	4	43
0	82	1	9	2	75	3	27	4	26
0	95	1	70	2	18	3	13	4	19
0	94	1	90	2	43	3	26	4	19
0	17	1	15	2	15	3	61	4	61
0	23	1	43	2	7	3	73	4	95
0	65	1	30	2	23	3	12	4	93
0	80	1	34	2	99	3	5	4	26
0	61	1	46	2	49	3	64	4	98
0	28	1	59	2	19	3	63	4	32
0	88	1	58	2	7	3	57	4	28
0	45	1	85	2	9	3	59	4	21
0	39	1	2	2	3	3	31	4	60
0	66	1	47	2	6	3	20	4	38
0	61	1	91	2	38	3	99	4	57
0	71	1	65	2	50	3	62	4	34
0	63	1	24	2	44	3	41	4	8
0	8	1	23	2	66	3	83	4	49
0	94	1	26	2	40	3	84	4	87
0	59	1	44	2	18	3	5	4	32
0	81	1	53	2	99	3	25	4	71
0	96	1	20	2	7	3	1	4	57
0	79	1	36	2	46	3	26	4	58
0	15	1	58	2	61	3	23	4	52
0	44	1	81	2	22	3	71	4	43
0	36	1	52	2	54	3	13	4	97
0	27	1	47	2	46	3	30	4	52
0	10	1	25	2	19	3	70	4	12
0	88	1	16	2	65	3	27	4	69
0	59	1	79	2	15	3	27	4	72
0	2	1	82	2	95	3	52	4	88
0	1	1	31	2	29	3	81	4	36
0	45	1	65	2	94	3	3	4	30
0	33	1	90	2	16	3	73	4	48
0	90	1	39	2	91	3	12	4	63
0	28	1	16	2	95	3	2	4	84
0	56	1	37	2	28	3	41	4	96
0	45	1	52	2	93	3	42	4	52
0	79	1	95	2	38	3	34	4	67
0	24	1	22	2	62	3	97	4	37
0	69	1	64	2	42	3	78	4	81
0	62	1	91	2	83	3	89	4	60
0	84	1	36	2	27	3	97	4	80
0	8	1	37	2	54	3	7	4	85
0	80	1	96	2	73	3	21	4	68
0	94	1	2	2	57	3	45	4	40
0	7	1	53	2	98	3	65	4	15
0	91	1	95	2	49	3	59	4	34
0	54	1	69	2	5	3	81	4	68
0	43	1	69	2	40	3	54	4	59
0	86	1	67	2	56	3	12	4	57
0	72	1	90	2	21	3	10	4	87
0	60	1	34	2	39	3	49	4	53
0	32	1	38	2	62	3	82	4	88
0	12	1	87	2	95	3	72	4	32
0	12	1	92	2	92	3	53	4	26
0	26	1	61	2	4	3	85	4	54
0	40	1	97	2	86	3	9	4	42
0	2	1	74	2	39	3	72	4	73
0	20	1	30	2	55	3	29	4	36
0	6	1	7	2	57	3	66	4	48
0	98	1	72	2	83	3	80	4	45
0	80	1	98	2	68	3	84	4	61
LBCmax: 1906
RELDUE
-1	2458	6	4
-1	1142	6	5
-1	1596	6	7
-1	2385	8	4
-1	837	9	7
-1	1230	1	3
-1	1552	9	4
-1	1590	3	9
-1	1340	1	9
-1	2235	6	2
-1	1284	7	1
-1	1497	4	5
-1	1014	3	5
-1	2462	5	8
-1	790	4	6
-1	2122	1	5
-1	1271	6	5
-1	1786	5	8
-1	885	7	9
-1	946	4	5
-1	933	8	2
-1	649	9	9
-1	1294	7	6
-1	1285	7	8
-1	1630	4	9
-1	1849	1	7
-1	837	8	7
-1	685	1	5
-1	1776	9	2
-1	1752	3	2
-1	620	2	1
-1	688	1	4
-1	1610	7	6
-1	777	7	4
-1	1994	8	5
-1	2293	2	2
-1	2027	5	1
-1	1724	4	6
-1	846	2	5
-1	604	7	6
-1	1607	7	7
-1	1593	4	4
-1	900	6	3
-1	2067	7	9
-1	768	5	9
-1	1521	8	6
-1	1511	6	3
-1	2174	4	8
-1	1884	2	5
-1	1792	2	2
-1	1405	9	3
-1	1236	1	9
-1	1563	7	8
-1	1814	2	7
-1	1374	4	4
-1	2380	4	4
-1	2326	4	7
-1	883	4	4
-1	1326	6	6
-1	1466	8	5
-1	964	9	8
-1	1438	9	8
-1	2292	6	6
-1	2066	5	3
-1	2187	7	6
-1	1167	5	7
-1	2365	4	6
-1	808	6	5
-1	1039	6	5
-1	976	7	7
-1	667	1	1
-1	2026	5	1
-1	1512	6	5
-1	852	2	9
-1	1818	8	9
-1	1818	2	5
-1	2228	6	7
-1	1705	2	2
-1	1089	4	2
-1	680	3	1
-1	910	3	9
-1	1142	9	8
-1	1280	9	6
-1	2463	1	8
-1	919	1	9
-1	1862	7	1
-1	1604	8	2
-1	2275	4	9
-1	1882	3	9
-1	2093	2	2
-1	2445	5	6
-1	1715	4	7
-1	969	4	9
-1	1858	1	6
-1	2119	4	4
-1	740	1	5
-1	1780	3	7
-1	1312	5	2
-1	2359	1	6
-1	2079	1	9
DDW
2261	2655
1062	1222
1309	1883
1932	2838
804	870
1193	1267
1350	1754
1431	1749
1233	1447
2079	2391
1040	1528
1362	1632
811	1217
2388	2536
703	877
1804	2440
1118	1424
1697	1875
796	974
757	1135
821	1045
584	714
1178	1410
1092	1478
1337	1923
1720	1978
695	979
651	719
1527	2025
1647	1857
508	732
592	784
1336	1884
738	816
1675	2313
2201	2385
1743	2311
1552	1896
744	948
568	640
1495	1719
1370	1816
846	954
2026	2108
691	845
1308	1734
1345	1677
2131	2217
1827	1941
1523	2061
1250	1560
1038	1434
1516	1610
1760	1868
1250	1498
1928	2832
1884	2768
848	918
1299	1353
1202	1730
897	1031
1309	1567
1925	2659
2004	2128
1990	2384
1109	1225
2058	2672
687	929
956	1122
898	1054
654	680
1965	2087
1300	1724
809	895
1563	2073
1473	2163
2139	2317
1586	1824
1035	1143
653	707
764	1056
971	1313
1254	1306
1995	2931
781	1057
1806	1918
1428	1780
1934	2616
1562	2202
1737	2449
2298	2592
1544	1886
882	1056
1598	2118
1695	2543
607	873
1460	2100
1260	1364
2029	2689
1975	2183
