HFSDDW
100	15	5
0	35	1	11	2	16	3	95	4	36
0	50	1	24	2	40	3	20	4	87
0	69	1	7	2	50	3	30	4	77
0	39	1	93	2	43	3	64	4	59
0	6	1	44	2	53	3	35	4	4
0	57	1	95	2	44	3	2	4	60
0	78	1	91	2	53	3	46	4	68
0	79	1	80	2	45	3	11	4	49
0	8	1	45	2	79	3	97	4	31
0	9	1	83	2	33	3	80	4	78
0	82	1	88	2	81	3	83	4	75
0	90	1	58	2	81	3	92	4	78
0	55	1	80	2	39	3	59	4	10
0	78	1	53	2	5	3	62	4	97
0	58	1	48	2	33	3	16	4	52
0	60	1	64	2	56	3	4	4	94
0	74	1	63	2	64	3	23	4	77
0	89	1	10	2	70	3	71	4	77
0	22	1	99	2	53	3	32	4	94
0	28	1	6	2	21	3	87	4	53
0	56	1	79	2	70	3	82	4	20
0	35	1	56	2	66	3	32	4	15
0	26	1	3	2	77	3	97	4	5
0	92	1	17	2	17	3	82	4	20
0	69	1	83	2	33	3	84	4	76
0	58	1	94	2	1	3	22	4	24
0	55	1	44	2	68	3	51	4	39
0	94	1	92	2	81	3	3	4	43
0	34	1	44	2	39	3	56	4	52
0	19	1	23	2	56	3	27	4	2
0	12	1	89	2	39	3	67	4	84
0	73	1	46	2	86	3	6	4	62
0	40	1	55	2	45	3	8	4	60
0	81	1	34	2	26	3	59	4	10
0	1	1	35	2	14	3	39	4	86
0	26	1	44	2	77	3	33	4	58
0	36	1	39	2	73	3	20	4	13
0	65	1	6	2	1	3	67	4	66
0	48	1	6	2	76	3	41	4	3
0	78	1	99	2	32	3	96	4	70
0	84	1	96	2	96	3	17	4	2
0	76	1	75	2	99	3	80	4	58
0	29	1	69	2	53	3	48	4	26
0	1	1	82	2	25	3	94	4	94
0	75	1	33	2	59	3	93	4	62
0	94	1	59	2	73	3	37	4	9
0	27	1	13	2	80	3	62	4	73
0	39	1	43	2	56	3	19	4	36
0	89	1	7	2	21	3	9	4	37
0	79	1	52	2	28	3	15	4	2
0	96	1	74	2	37	3	2	4	94
0	51	1	38	2	3	3	55	4	8
0	18	1	3	2	63	3	72	4	32
0	17	1	88	2	91	3	75	4	87
0	58	1	26	2	7	3	59	4	6
0	69	1	13	2	50	3	57	4	82
0	42	1	31	2	58	3	35	4	13
0	52	1	76	2	78	3	68	4	22
0	1	1	40	2	1	3	11	4	19
0	87	1	44	2	49	3	76	4	21
0	90	1	61	2	53	3	28	4	43
0	70	1	68	2	78	3	96	4	26
0	38	1	88	2	46	3	73	4	65
0	87	1	44	2	28	3	59	4	80
0	41	1	10	2	23	3	53	4	86
0	19	1	25	2	95	3	41	4	19
0	25	1	64	2	73	3	36	4	92
0	80	1	78	2	31	3	91	4	42
0	83	1	97	2	82	3	42	4	83
0	13	1	93	2	28	3	46	4	32
0	43	1	16	2	89	3	96	4	80
0	80	1	38	2	99	3	42	4	25
0	46	1	73	2	37	3	77	4	1
0	74	1	15	2	11	3	81	4	85
0	9	1	14	2	36	3	18	4	96
0	43	1	28	2	81	3	69	4	73
0	25	1	96	2	50	3	10	4	75
0	9	1	75	2	77	3	56	4	12
0	42	1	78	2	89	3	67	4	96
0	11	1	60	2	5	3	42	4	10
0	98	1	83	2	47	3	60	4	23
0	30	1	80	2	72	3	1	4	37
0	53	1	57	2	31	3	68	4	99
0	49	1	24	2	28	3	3	4	91
0	99	1	37	2	54	3	69	4	43
0	31	1	25	2	69	3	21	4	85
0	82	1	23	2	39	3	60	4	75
0	42	1	50	2	89	3	86	4	46
0	29	1	3	2	77	3	19	4	59
0	85	1	47	2	21	3	67	4	47
0	87	1	33	2	3	3	50	4	11
0	61	1	30	2	78	3	18	4	91
0	6	1	11	2	51	3	15	4	55
0	30	1	19	2	71	3	92	4	58
0	99	1	35	2	41	3	57	4	62
0	96	1	60	2	35	3	10	4	58
0	83	1	4	2	3	3	74	4	98
0	50	1	21	2	88	3	49	4	14
0	13	1	71	2	71	3	95	4	41
0	19	1	52	2	63	3	64	4	29
LBCmax: 1829
RELDUE
-1	914	9	2
-1	1022	4	8
-1	492	2	9
-1	284	3	7
-1	703	2	8
-1	762	1	7
-1	1183	8	4
-1	684	9	4
-1	1146	8	5
-1	336	1	9
-1	192	5	2
-1	1224	3	2
-1	933	5	1
-1	840	8	4
-1	273	2	4
-1	203	9	7
-1	272	2	6
-1	1023	4	1
-1	359	1	7
-1	243	6	4
-1	292	4	7
-1	507	1	8
-1	421	5	8
-1	1049	4	9
-1	683	2	2
-1	487	3	9
-1	879	5	6
-1	689	6	8
-1	360	9	3
-1	665	4	1
-1	673	1	8
-1	1254	6	8
-1	958	9	4
-1	1068	5	3
-1	1185	1	8
-1	258	3	2
-1	1007	8	7
-1	1205	6	7
-1	479	2	5
-1	683	7	6
-1	825	6	9
-1	1000	3	9
-1	193	1	9
-1	570	3	5
-1	327	9	5
-1	374	2	8
-1	219	4	5
-1	306	3	6
-1	1138	2	3
-1	607	8	1
-1	297	4	2
-1	1008	9	3
-1	694	9	2
-1	825	1	7
-1	393	1	8
-1	589	7	4
-1	784	6	7
-1	724	5	2
-1	881	5	6
-1	398	7	9
-1	1164	2	9
-1	676	3	5
-1	507	7	5
-1	663	7	3
-1	943	4	9
-1	218	6	9
-1	449	6	6
-1	1145	3	4
-1	936	9	1
-1	197	1	9
-1	477	9	5
-1	348	4	2
-1	727	8	8
-1	957	2	6
-1	698	1	1
-1	572	1	5
-1	496	5	9
-1	1131	9	4
-1	904	8	5
-1	492	6	5
-1	450	4	7
-1	755	3	2
-1	832	2	8
-1	1033	7	9
-1	551	4	1
-1	946	2	5
-1	743	6	8
-1	315	1	6
-1	858	5	2
-1	778	6	9
-1	755	3	1
-1	466	3	4
-1	506	8	2
-1	263	4	7
-1	800	6	8
-1	331	6	5
-1	676	5	6
-1	811	5	2
-1	908	2	3
-1	291	1	1
DDW
905	923
971	1073
467	517
230	338
576	830
671	853
982	1384
588	780
951	1341
312	360
156	228
1040	1408
765	1101
722	958
259	287
189	217
245	299
818	1228
337	381
194	292
266	318
502	512
387	455
934	1164
615	751
419	555
870	888
682	696
335	385
545	785
606	740
1191	1317
929	987
940	1196
972	1398
255	261
826	1188
1121	1289
436	522
642	724
767	883
850	1150
158	228
530	610
262	392
307	441
188	250
257	355
1047	1229
577	637
252	342
968	1048
687	701
817	833
342	444
471	707
643	925
623	825
793	969
378	418
1024	1304
561	791
466	548
530	796
773	1113
187	249
391	507
1076	1214
786	1086
189	205
434	520
338	358
647	807
766	1148
600	796
492	652
481	511
1120	1142
796	1012
428	556
446	454
717	793
716	948
1002	1064
529	573
889	1003
706	780
309	321
695	1021
630	926
725	785
447	485
415	597
250	276
680	920
295	367
622	730
657	965
817	999
274	308
