HFSDDW
100	25	5
0	94	1	5	2	15	3	73	4	6
0	14	1	77	2	11	3	59	4	84
0	71	1	45	2	25	3	54	4	80
0	89	1	29	2	25	3	36	4	75
0	21	1	46	2	43	3	36	4	1
0	88	1	70	2	29	3	82	4	86
0	56	1	32	2	85	3	70	4	29
0	29	1	68	2	99	3	63	4	31
0	33	1	41	2	81	3	59	4	24
0	84	1	65	2	9	3	93	4	88
0	46	1	89	2	50	3	79	4	36
0	48	1	61	2	79	3	73	4	17
0	43	1	49	2	29	3	72	4	29
0	39	1	60	2	55	3	26	4	52
0	22	1	29	2	62	3	5	4	42
0	80	1	65	2	84	3	12	4	16
0	24	1	61	2	36	3	93	4	40
0	66	1	82	2	6	3	34	4	80
0	68	1	88	2	27	3	47	4	88
0	84	1	12	2	9	3	31	4	84
0	25	1	11	2	83	3	42	4	67
0	18	1	28	2	46	3	38	4	55
0	83	1	77	2	67	3	57	4	92
0	81	1	13	2	36	3	32	4	62
0	57	1	54	2	21	3	45	4	83
0	33	1	2	2	15	3	17	4	57
0	69	1	56	2	53	3	27	4	91
0	14	1	78	2	94	3	26	4	23
0	39	1	36	2	68	3	78	4	97
0	90	1	22	2	70	3	54	4	7
0	71	1	75	2	76	3	68	4	27
0	70	1	89	2	39	3	58	4	34
0	16	1	13	2	29	3	80	4	86
0	27	1	24	2	40	3	65	4	79
0	4	1	19	2	10	3	10	4	24
0	21	1	86	2	43	3	48	4	92
0	12	1	32	2	61	3	10	4	85
0	93	1	79	2	84	3	99	4	22
0	25	1	39	2	36	3	91	4	7
0	26	1	7	2	87	3	92	4	70
0	67	1	81	2	5	3	75	4	4
0	53	1	66	2	67	3	45	4	7
0	83	1	47	2	91	3	65	4	23
0	84	1	52	2	20	3	94	4	92
0	48	1	39	2	40	3	44	4	55
0	64	1	82	2	18	3	4	4	97
0	14	1	99	2	50	3	78	4	26
0	30	1	28	2	86	3	6	4	33
0	28	1	13	2	40	3	93	4	38
0	77	1	48	2	71	3	68	4	22
0	74	1	87	2	92	3	99	4	23
0	28	1	42	2	61	3	20	4	39
0	70	1	48	2	64	3	48	4	92
0	84	1	96	2	13	3	39	4	93
0	57	1	66	2	14	3	61	4	65
0	35	1	99	2	46	3	6	4	77
0	17	1	12	2	50	3	81	4	23
0	27	1	7	2	51	3	56	4	98
0	87	1	66	2	66	3	67	4	63
0	80	1	49	2	91	3	2	4	54
0	81	1	35	2	32	3	75	4	65
0	9	1	73	2	31	3	34	4	87
0	28	1	95	2	55	3	43	4	23
0	58	1	98	2	82	3	25	4	65
0	78	1	45	2	57	3	41	4	6
0	90	1	99	2	47	3	98	4	85
0	86	1	8	2	45	3	52	4	95
0	81	1	80	2	74	3	16	4	15
0	53	1	75	2	17	3	68	4	70
0	92	1	11	2	23	3	44	4	5
0	82	1	66	2	66	3	36	4	75
0	37	1	77	2	91	3	69	4	74
0	9	1	26	2	33	3	49	4	1
0	21	1	51	2	4	3	47	4	41
0	78	1	24	2	67	3	11	4	12
0	3	1	28	2	88	3	70	4	14
0	79	1	76	2	4	3	94	4	3
0	20	1	41	2	9	3	76	4	58
0	5	1	88	2	6	3	41	4	6
0	28	1	43	2	67	3	67	4	50
0	41	1	8	2	75	3	4	4	26
0	59	1	99	2	56	3	24	4	73
0	9	1	88	2	21	3	55	4	95
0	32	1	23	2	39	3	47	4	80
0	79	1	43	2	27	3	88	4	37
0	89	1	18	2	26	3	6	4	84
0	60	1	60	2	22	3	21	4	73
0	72	1	2	2	99	3	68	4	44
0	21	1	85	2	84	3	4	4	50
0	16	1	68	2	51	3	46	4	73
0	5	1	5	2	21	3	86	4	71
0	98	1	80	2	86	3	67	4	36
0	41	1	74	2	50	3	40	4	13
0	48	1	67	2	1	3	82	4	24
0	31	1	24	2	70	3	3	4	60
0	93	1	58	2	24	3	39	4	21
0	22	1	67	2	79	3	32	4	80
0	55	1	40	2	35	3	50	4	74
0	91	1	15	2	33	3	33	4	3
0	47	1	35	2	45	3	90	4	2
LBCmax: 1119
RELDUE
-1	444	1	6
-1	488	2	6
-1	489	5	2
-1	387	8	3
-1	431	9	1
-1	517	9	4
-1	412	8	9
-1	376	7	8
-1	395	7	5
-1	509	5	7
-1	424	9	3
-1	463	6	2
-1	442	3	4
-1	438	7	7
-1	367	5	2
-1	501	8	3
-1	547	3	6
-1	378	8	9
-1	468	8	6
-1	464	2	5
-1	355	6	1
-1	409	1	4
-1	449	6	9
-1	352	5	7
-1	407	8	2
-1	373	5	6
-1	538	4	7
-1	420	2	8
-1	559	9	9
-1	365	3	2
-1	466	4	2
-1	367	7	8
-1	409	2	6
-1	420	2	3
-1	499	1	8
-1	455	9	2
-1	557	3	1
-1	462	2	9
-1	534	2	3
-1	558	5	3
-1	383	8	9
-1	384	8	3
-1	353	6	3
-1	497	8	5
-1	414	5	1
-1	412	1	9
-1	485	3	1
-1	531	1	4
-1	376	3	2
-1	400	2	1
-1	452	8	3
-1	372	7	1
-1	526	2	3
-1	409	3	4
-1	543	5	2
-1	370	6	7
-1	375	5	1
-1	472	3	4
-1	539	4	4
-1	394	2	9
-1	539	7	6
-1	552	7	1
-1	376	8	1
-1	365	8	3
-1	379	1	8
-1	393	6	1
-1	389	1	4
-1	357	5	6
-1	499	3	8
-1	472	1	3
-1	504	1	5
-1	421	9	3
-1	403	4	3
-1	470	4	3
-1	417	7	6
-1	531	1	9
-1	391	9	3
-1	511	4	2
-1	498	5	6
-1	555	2	1
-1	447	5	9
-1	342	4	7
-1	379	6	6
-1	494	6	1
-1	472	6	6
-1	430	1	6
-1	400	3	8
-1	336	9	2
-1	437	7	4
-1	464	7	5
-1	416	7	6
-1	420	6	4
-1	483	8	7
-1	475	1	8
-1	354	1	3
-1	391	2	7
-1	343	6	1
-1	547	8	1
-1	454	2	3
-1	356	7	7
DDW
377	511
454	522
421	557
379	395
384	478
470	564
363	461
368	384
367	423
494	524
377	471
454	472
354	530
377	499
334	400
411	591
503	591
302	454
379	557
385	543
312	398
344	474
359	539
327	377
362	452
339	407
430	646
391	449
553	565
299	431
457	475
334	400
352	466
340	500
419	579
419	491
451	663
411	513
443	625
513	603
372	394
307	461
314	392
398	596
348	480
408	416
412	558
435	627
331	421
320	480
389	515
361	383
489	563
331	487
521	565
300	440
345	405
434	510
480	598
382	406
485	593
519	585
368	384
328	402
375	383
385	401
354	424
353	361
404	594
467	477
403	605
345	497
391	415
418	522
359	475
462	600
368	414
409	613
438	558
500	610
384	510
335	349
322	436
489	499
453	491
348	512
388	412
286	386
367	507
380	548
412	420
370	470
386	580
404	546
287	421
321	461
281	405
536	558
368	540
306	406
