HFSDDW
100	15	5
0	62	1	87	2	76	3	19	4	35
0	20	1	95	2	45	3	79	4	40
0	92	1	45	2	98	3	35	4	87
0	15	1	56	2	70	3	32	4	26
0	50	1	5	2	30	3	29	4	78
0	39	1	22	2	48	3	75	4	14
0	86	1	82	2	50	3	64	4	5
0	46	1	88	2	39	3	97	4	54
0	62	1	24	2	33	3	76	4	52
0	50	1	2	2	18	3	13	4	81
0	31	1	45	2	15	3	76	4	83
0	57	1	58	2	48	3	41	4	96
0	98	1	47	2	70	3	66	4	54
0	10	1	95	2	35	3	31	4	42
0	26	1	18	2	72	3	78	4	63
0	27	1	71	2	53	3	76	4	28
0	37	1	4	2	36	3	93	4	83
0	41	1	67	2	73	3	80	4	47
0	87	1	41	2	98	3	2	4	55
0	15	1	53	2	67	3	23	4	42
0	55	1	67	2	86	3	70	4	55
0	13	1	72	2	37	3	14	4	57
0	85	1	6	2	71	3	13	4	59
0	94	1	12	2	76	3	82	4	13
0	43	1	22	2	54	3	84	4	55
0	85	1	19	2	71	3	23	4	48
0	73	1	4	2	31	3	35	4	73
0	69	1	17	2	65	3	39	4	70
0	68	1	30	2	60	3	24	4	61
0	82	1	69	2	86	3	42	4	60
0	4	1	77	2	85	3	10	4	99
0	33	1	14	2	3	3	16	4	70
0	94	1	2	2	14	3	65	4	83
0	82	1	74	2	37	3	39	4	89
0	78	1	46	2	38	3	12	4	45
0	13	1	62	2	30	3	23	4	72
0	16	1	33	2	30	3	62	4	45
0	96	1	19	2	21	3	35	4	40
0	56	1	14	2	50	3	68	4	76
0	67	1	16	2	95	3	41	4	79
0	8	1	32	2	47	3	52	4	82
0	57	1	39	2	74	3	65	4	86
0	70	1	84	2	80	3	43	4	54
0	61	1	71	2	51	3	20	4	86
0	63	1	53	2	2	3	99	4	34
0	64	1	96	2	69	3	35	4	77
0	96	1	67	2	89	3	43	4	65
0	84	1	85	2	77	3	80	4	87
0	58	1	44	2	56	3	49	4	70
0	72	1	34	2	7	3	15	4	15
0	95	1	64	2	75	3	54	4	16
0	54	1	31	2	48	3	18	4	19
0	60	1	70	2	39	3	87	4	90
0	4	1	94	2	37	3	78	4	70
0	76	1	94	2	71	3	32	4	29
0	20	1	97	2	53	3	29	4	62
0	30	1	89	2	54	3	21	4	82
0	32	1	92	2	35	3	28	4	11
0	53	1	38	2	59	3	62	4	28
0	87	1	6	2	68	3	58	4	66
0	77	1	96	2	29	3	45	4	39
0	2	1	93	2	43	3	25	4	96
0	57	1	77	2	19	3	56	4	88
0	71	1	16	2	19	3	6	4	58
0	11	1	60	2	10	3	67	4	17
0	38	1	35	2	10	3	5	4	41
0	14	1	29	2	94	3	63	4	85
0	33	1	61	2	10	3	81	4	80
0	39	1	50	2	10	3	31	4	54
0	76	1	20	2	4	3	73	4	56
0	72	1	86	2	62	3	1	4	55
0	18	1	87	2	61	3	28	4	2
0	66	1	83	2	38	3	84	4	82
0	28	1	82	2	56	3	71	4	55
0	10	1	6	2	38	3	26	4	19
0	61	1	50	2	78	3	14	4	41
0	19	1	32	2	36	3	49	4	69
0	28	1	67	2	94	3	8	4	67
0	46	1	99	2	81	3	80	4	14
0	55	1	13	2	26	3	48	4	27
0	93	1	63	2	32	3	18	4	46
0	66	1	49	2	37	3	81	4	94
0	67	1	9	2	48	3	87	4	82
0	35	1	48	2	89	3	15	4	55
0	61	1	88	2	49	3	4	4	10
0	11	1	25	2	57	3	12	4	64
0	49	1	24	2	31	3	87	4	47
0	55	1	1	2	18	3	3	4	3
0	78	1	30	2	13	3	13	4	1
0	37	1	52	2	93	3	97	4	79
0	8	1	23	2	11	3	93	4	65
0	5	1	15	2	28	3	9	4	36
0	42	1	91	2	26	3	18	4	45
0	43	1	78	2	61	3	41	4	28
0	35	1	30	2	87	3	13	4	76
0	31	1	75	2	36	3	4	4	72
0	59	1	31	2	60	3	32	4	56
0	26	1	14	2	37	3	22	4	42
0	40	1	72	2	10	3	66	4	61
0	86	1	5	2	95	3	67	4	57
LBCmax: 1904
RELDUE
-1	796	5	7
-1	918	5	8
-1	774	2	2
-1	837	1	5
-1	741	2	2
-1	869	9	9
-1	709	7	6
-1	948	6	1
-1	634	8	5
-1	703	9	9
-1	682	1	9
-1	873	6	3
-1	665	9	1
-1	711	4	9
-1	865	6	5
-1	613	5	3
-1	693	7	2
-1	927	7	5
-1	804	9	5
-1	645	8	3
-1	685	1	9
-1	728	1	1
-1	720	9	2
-1	945	5	5
-1	905	4	1
-1	810	9	2
-1	647	1	8
-1	650	6	6
-1	767	1	2
-1	915	8	1
-1	672	8	1
-1	877	8	6
-1	831	6	7
-1	746	3	5
-1	620	8	2
-1	830	2	3
-1	867	6	7
-1	914	8	1
-1	905	9	5
-1	869	3	7
-1	914	6	8
-1	625	6	5
-1	648	6	3
-1	902	3	8
-1	621	6	2
-1	804	4	8
-1	751	6	8
-1	849	5	1
-1	910	1	4
-1	760	4	3
-1	779	9	1
-1	613	7	2
-1	701	9	6
-1	755	6	4
-1	675	1	5
-1	639	7	6
-1	768	9	2
-1	781	5	9
-1	885	5	4
-1	883	9	4
-1	793	5	4
-1	629	9	6
-1	751	8	4
-1	672	6	8
-1	601	3	7
-1	757	1	5
-1	612	1	1
-1	871	8	6
-1	661	1	4
-1	606	6	1
-1	698	6	9
-1	731	8	1
-1	592	5	8
-1	887	8	5
-1	683	4	5
-1	630	6	7
-1	651	4	1
-1	771	8	5
-1	894	1	1
-1	672	4	6
-1	629	9	8
-1	751	2	3
-1	693	5	2
-1	577	5	8
-1	707	3	9
-1	630	8	1
-1	747	8	9
-1	647	7	6
-1	642	5	8
-1	934	2	1
-1	633	5	2
-1	656	5	7
-1	600	2	3
-1	592	2	1
-1	647	2	3
-1	855	5	9
-1	827	1	9
-1	928	1	8
-1	872	7	6
-1	817	5	3
DDW
732	860
734	1102
728	820
762	912
645	837
765	973
574	844
863	1033
583	685
661	745
546	818
829	917
532	798
654	768
830	900
509	717
638	748
853	1001
788	820
613	677
671	699
662	794
612	828
756	1134
824	986
664	956
518	776
540	760
629	905
750	1080
564	780
702	1052
765	897
612	880
539	701
747	913
711	1023
905	923
878	932
756	982
841	987
531	719
557	739
740	1064
578	664
764	844
743	759
730	968
755	1065
714	806
701	857
564	662
631	771
710	800
641	709
518	760
722	814
734	828
876	894
751	1015
698	888
610	648
661	841
605	739
541	661
749	765
502	722
854	888
562	760
521	691
558	838
673	789
556	628
798	976
560	806
586	674
547	755
640	902
769	1019
645	699
516	742
698	804
686	700
508	646
643	771
573	687
665	829
634	660
559	725
794	1074
608	658
577	735
480	720
545	639
641	653
804	906
794	860
891	965
802	942
760	874
