HFSDDW
100	30	10
0	86	1	53	2	36	3	62	4	69	5	48	6	62	7	56	8	7	9	36
0	34	1	69	2	87	3	50	4	1	5	61	6	8	7	88	8	3	9	68
0	13	1	21	2	4	3	87	4	43	5	73	6	89	7	59	8	35	9	87
0	59	1	73	2	27	3	73	4	97	5	21	6	56	7	13	8	24	9	17
0	68	1	56	2	47	3	96	4	21	5	18	6	74	7	44	8	64	9	76
0	53	1	90	2	69	3	36	4	85	5	66	6	50	7	48	8	19	9	95
0	58	1	3	2	22	3	19	4	77	5	60	6	42	7	15	8	52	9	80
0	5	1	94	2	65	3	86	4	1	5	57	6	73	7	8	8	67	9	26
0	99	1	46	2	95	3	59	4	35	5	68	6	5	7	91	8	87	9	32
0	71	1	9	2	94	3	28	4	58	5	66	6	35	7	29	8	19	9	60
0	75	1	59	2	92	3	83	4	72	5	58	6	26	7	82	8	36	9	29
0	92	1	43	2	81	3	93	4	95	5	13	6	7	7	62	8	84	9	10
0	56	1	50	2	27	3	20	4	10	5	96	6	1	7	38	8	28	9	34
0	22	1	45	2	88	3	8	4	50	5	41	6	53	7	12	8	87	9	76
0	43	1	22	2	56	3	59	4	39	5	28	6	27	7	1	8	32	9	45
0	59	1	72	2	44	3	10	4	5	5	25	6	33	7	72	8	74	9	75
0	58	1	87	2	55	3	2	4	7	5	47	6	54	7	74	8	44	9	55
0	59	1	94	2	75	3	8	4	67	5	34	6	94	7	67	8	80	9	81
0	69	1	1	2	6	3	82	4	75	5	50	6	1	7	79	8	4	9	25
0	8	1	81	2	38	3	12	4	19	5	55	6	67	7	55	8	53	9	92
0	74	1	53	2	56	3	76	4	85	5	64	6	97	7	36	8	43	9	70
0	31	1	66	2	91	3	93	4	7	5	57	6	81	7	72	8	26	9	57
0	46	1	75	2	70	3	19	4	48	5	78	6	57	7	64	8	89	9	12
0	67	1	39	2	15	3	88	4	8	5	16	6	44	7	30	8	96	9	11
0	52	1	65	2	36	3	33	4	94	5	42	6	89	7	45	8	5	9	61
0	73	1	94	2	29	3	95	4	46	5	98	6	82	7	37	8	29	9	8
0	8	1	33	2	47	3	31	4	4	5	91	6	51	7	3	8	85	9	91
0	14	1	52	2	75	3	16	4	5	5	81	6	39	7	38	8	25	9	7
0	88	1	12	2	59	3	29	4	38	5	72	6	11	7	19	8	43	9	9
0	33	1	7	2	2	3	89	4	4	5	19	6	18	7	6	8	30	9	3
0	90	1	86	2	59	3	14	4	47	5	22	6	20	7	14	8	91	9	64
0	60	1	45	2	13	3	23	4	20	5	95	6	74	7	19	8	93	9	31
0	80	1	33	2	60	3	77	4	58	5	7	6	51	7	86	8	12	9	85
0	63	1	34	2	8	3	23	4	16	5	2	6	53	7	46	8	81	9	16
0	53	1	97	2	28	3	79	4	49	5	87	6	94	7	78	8	69	9	8
0	45	1	99	2	13	3	99	4	22	5	58	6	27	7	82	8	56	9	41
0	71	1	33	2	2	3	6	4	1	5	26	6	38	7	89	8	7	9	18
0	43	1	28	2	38	3	77	4	78	5	83	6	6	7	81	8	29	9	70
0	13	1	72	2	17	3	4	4	40	5	64	6	22	7	8	8	1	9	58
0	74	1	71	2	90	3	41	4	44	5	20	6	95	7	22	8	78	9	23
0	50	1	5	2	72	3	52	4	65	5	18	6	62	7	35	8	22	9	39
0	52	1	46	2	53	3	85	4	28	5	99	6	17	7	97	8	65	9	37
0	5	1	30	2	89	3	49	4	43	5	72	6	38	7	97	8	33	9	58
0	88	1	83	2	3	3	7	4	21	5	8	6	99	7	65	8	39	9	23
0	2	1	86	2	86	3	62	4	6	5	29	6	18	7	5	8	13	9	45
0	4	1	97	2	57	3	42	4	18	5	20	6	15	7	24	8	9	9	93
0	79	1	65	2	3	3	63	4	51	5	69	6	43	7	47	8	64	9	20
0	1	1	51	2	59	3	43	4	35	5	18	6	44	7	28	8	43	9	15
0	54	1	33	2	84	3	88	4	54	5	90	6	27	7	60	8	88	9	2
0	92	1	76	2	57	3	45	4	43	5	37	6	84	7	23	8	12	9	36
0	85	1	70	2	41	3	92	4	45	5	52	6	39	7	14	8	8	9	1
0	76	1	87	2	80	3	93	4	39	5	47	6	80	7	15	8	10	9	60
0	43	1	83	2	59	3	63	4	27	5	24	6	94	7	14	8	99	9	97
0	34	1	21	2	17	3	7	4	29	5	83	6	92	7	92	8	44	9	3
0	51	1	13	2	53	3	88	4	26	5	6	6	95	7	63	8	7	9	96
0	56	1	69	2	14	3	51	4	92	5	3	6	12	7	78	8	65	9	21
0	57	1	25	2	15	3	10	4	66	5	55	6	71	7	73	8	65	9	55
0	55	1	88	2	71	3	7	4	10	5	31	6	30	7	71	8	37	9	22
0	28	1	32	2	8	3	4	4	41	5	64	6	8	7	65	8	14	9	27
0	72	1	15	2	27	3	23	4	45	5	27	6	97	7	43	8	22	9	70
0	34	1	23	2	98	3	51	4	42	5	68	6	98	7	7	8	42	9	62
0	72	1	41	2	41	3	43	4	92	5	26	6	18	7	11	8	69	9	2
0	48	1	7	2	59	3	38	4	83	5	41	6	61	7	48	8	62	9	82
0	33	1	87	2	49	3	66	4	88	5	6	6	34	7	56	8	62	9	73
0	66	1	1	2	24	3	52	4	54	5	32	6	73	7	83	8	30	9	20
0	9	1	86	2	74	3	21	4	23	5	28	6	63	7	60	8	68	9	2
0	7	1	50	2	45	3	59	4	29	5	85	6	91	7	74	8	55	9	87
0	91	1	61	2	49	3	95	4	35	5	47	6	82	7	8	8	83	9	51
0	67	1	77	2	18	3	42	4	74	5	46	6	14	7	28	8	44	9	61
0	43	1	74	2	88	3	61	4	66	5	16	6	55	7	65	8	24	9	69
0	40	1	99	2	29	3	43	4	28	5	47	6	38	7	78	8	85	9	75
0	45	1	56	2	76	3	17	4	34	5	30	6	33	7	3	8	84	9	82
0	71	1	63	2	31	3	94	4	44	5	18	6	73	7	88	8	30	9	20
0	92	1	18	2	83	3	15	4	12	5	67	6	48	7	74	8	15	9	27
0	9	1	35	2	42	3	68	4	16	5	86	6	97	7	71	8	27	9	36
0	83	1	53	2	80	3	41	4	97	5	76	6	69	7	35	8	99	9	11
0	74	1	49	2	48	3	66	4	83	5	28	6	72	7	62	8	6	9	67
0	81	1	58	2	88	3	58	4	74	5	37	6	21	7	62	8	78	9	57
0	20	1	2	2	62	3	93	4	36	5	39	6	38	7	43	8	17	9	35
0	97	1	14	2	75	3	4	4	52	5	59	6	86	7	76	8	84	9	87
0	15	1	36	2	66	3	59	4	55	5	26	6	64	7	22	8	66	9	61
0	56	1	7	2	56	3	42	4	90	5	72	6	86	7	54	8	30	9	44
0	90	1	29	2	46	3	71	4	69	5	67	6	82	7	84	8	6	9	15
0	50	1	45	2	77	3	90	4	43	5	84	6	36	7	4	8	39	9	11
0	74	1	16	2	76	3	55	4	79	5	90	6	57	7	34	8	14	9	79
0	73	1	32	2	46	3	40	4	97	5	85	6	90	7	95	8	89	9	87
0	44	1	80	2	17	3	52	4	11	5	11	6	30	7	65	8	98	9	7
0	37	1	83	2	16	3	20	4	70	5	75	6	53	7	90	8	92	9	78
0	11	1	48	2	70	3	26	4	42	5	19	6	99	7	37	8	93	9	57
0	93	1	40	2	14	3	51	4	67	5	94	6	99	7	25	8	45	9	68
0	61	1	91	2	36	3	8	4	43	5	89	6	17	7	27	8	70	9	23
0	33	1	1	2	4	3	12	4	77	5	95	6	10	7	90	8	11	9	92
0	12	1	92	2	72	3	41	4	13	5	97	6	70	7	64	8	52	9	75
0	75	1	28	2	45	3	24	4	17	5	19	6	13	7	63	8	83	9	53
0	3	1	73	2	66	3	70	4	25	5	93	6	37	7	2	8	74	9	71
0	84	1	9	2	14	3	52	4	56	5	69	6	20	7	94	8	95	9	45
0	19	1	52	2	74	3	95	4	47	5	5	6	55	7	79	8	94	9	58
0	83	1	47	2	7	3	58	4	90	5	39	6	26	7	2	8	17	9	19
0	60	1	68	2	90	3	81	4	91	5	67	6	15	7	92	8	67	9	48
0	99	1	18	2	67	3	38	4	34	5	50	6	98	7	71	8	24	9	20
LBCmax: 2016
RELDUE
-1	1565	4	6
-1	1641	9	7
-1	1442	9	1
-1	1474	1	2
-1	1767	3	9
-1	1562	4	8
-1	1419	2	8
-1	1638	9	7
-1	1662	2	9
-1	1482	7	4
-1	1584	1	1
-1	1481	2	9
-1	1725	3	9
-1	1720	7	3
-1	1752	6	8
-1	1614	1	3
-1	1658	9	3
-1	1786	4	7
-1	1428	9	4
-1	1735	5	5
-1	1776	3	7
-1	1663	1	7
-1	1460	6	7
-1	1596	7	4
-1	1650	7	3
-1	1675	2	4
-1	1731	4	3
-1	1687	2	4
-1	1507	4	1
-1	1571	5	1
-1	1572	4	7
-1	1631	6	4
-1	1728	9	2
-1	1800	9	9
-1	1736	5	3
-1	1424	7	7
-1	1656	5	3
-1	1712	2	3
-1	1785	9	5
-1	1626	3	5
-1	1671	2	3
-1	1644	6	3
-1	1534	7	7
-1	1611	8	6
-1	1432	1	9
-1	1741	3	9
-1	1572	9	4
-1	1778	2	5
-1	1627	1	6
-1	1747	8	4
-1	1771	8	8
-1	1434	9	4
-1	1682	5	4
-1	1584	9	2
-1	1531	2	8
-1	1717	5	9
-1	1592	7	1
-1	1660	9	1
-1	1639	2	3
-1	1503	7	2
-1	1646	3	3
-1	1547	9	5
-1	1541	1	8
-1	1501	8	1
-1	1725	1	6
-1	1767	2	3
-1	1568	6	9
-1	1740	6	4
-1	1798	4	2
-1	1738	8	4
-1	1773	8	7
-1	1760	5	2
-1	1412	5	3
-1	1616	2	9
-1	1474	5	1
-1	1542	4	8
-1	1539	9	6
-1	1664	1	6
-1	1574	8	5
-1	1723	4	6
-1	1513	5	8
-1	1768	1	5
-1	1470	7	2
-1	1575	3	8
-1	1614	4	5
-1	1548	7	1
-1	1764	5	3
-1	1554	4	6
-1	1680	7	7
-1	1430	9	8
-1	1647	7	9
-1	1810	5	1
-1	1483	3	4
-1	1692	3	1
-1	1795	8	1
-1	1535	5	9
-1	1514	8	2
-1	1443	8	9
-1	1700	7	1
-1	1480	5	4
DDW
1268	1862
1526	1756
1298	1586
1179	1769
1626	1908
1437	1687
1320	1518
1409	1867
1562	1762
1319	1645
1315	1853
1422	1540
1552	1898
1531	1909
1419	2085
1436	1792
1509	1807
1768	1804
1357	1499
1614	1856
1474	2078
1563	1763
1445	1475
1468	1724
1617	1683
1407	1943
1662	1800
1569	1805
1371	1643
1445	1697
1305	1839
1370	1892
1642	1814
1566	2034
1406	2066
1310	1538
1490	1822
1541	1883
1553	2017
1333	1919
1654	1688
1414	1874
1289	1779
1498	1724
1360	1504
1637	1845
1415	1729
1654	1902
1529	1725
1625	1869
1576	1966
1219	1649
1413	1951
1521	1647
1363	1699
1494	1940
1481	1703
1627	1693
1344	1934
1308	1698
1580	1712
1532	1562
1464	1618
1216	1786
1484	1966
1749	1785
1254	1882
1444	2036
1564	2032
1547	1929
1738	1808
1408	2112
1299	1525
1487	1745
1386	1562
1480	1604
1370	1708
1431	1897
1527	1621
1447	1999
1407	1619
1450	2086
1455	1485
1544	1606
1323	1905
1517	1579
1411	2117
1538	1570
1630	1730
1344	1516
1614	1680
1665	1955
1305	1661
1354	2030
1544	2046
1520	1550
1378	1650
1183	1703
1479	1921
1421	1539
