HFSDDW
50	15	5
0	56	1	27	2	79	3	56	4	54
0	74	1	61	2	92	3	27	4	32
0	12	1	71	2	96	3	83	4	76
0	28	1	57	2	59	3	27	4	74
0	45	1	46	2	70	3	37	4	58
0	61	1	13	2	16	3	34	4	12
0	50	1	30	2	17	3	38	4	10
0	64	1	1	2	30	3	70	4	56
0	43	1	34	2	96	3	10	4	48
0	16	1	24	2	67	3	42	4	90
0	41	1	23	2	9	3	55	4	69
0	10	1	57	2	43	3	98	4	93
0	61	1	46	2	58	3	16	4	82
0	82	1	55	2	59	3	74	4	12
0	28	1	27	2	89	3	70	4	31
0	12	1	50	2	61	3	88	4	42
0	38	1	46	2	73	3	43	4	71
0	28	1	21	2	61	3	69	4	99
0	8	1	58	2	32	3	76	4	94
0	97	1	75	2	81	3	28	4	66
0	60	1	65	2	93	3	30	4	63
0	14	1	33	2	39	3	24	4	58
0	60	1	95	2	55	3	56	4	56
0	16	1	72	2	15	3	44	4	54
0	61	1	94	2	90	3	74	4	5
0	70	1	94	2	13	3	75	4	34
0	36	1	69	2	34	3	22	4	81
0	73	1	53	2	44	3	80	4	58
0	94	1	82	2	37	3	11	4	40
0	12	1	4	2	76	3	21	4	79
0	26	1	60	2	38	3	73	4	5
0	66	1	74	2	19	3	26	4	93
0	19	1	21	2	63	3	90	4	22
0	91	1	61	2	33	3	74	4	83
0	62	1	29	2	35	3	85	4	60
0	78	1	57	2	79	3	35	4	92
0	67	1	19	2	92	3	95	4	9
0	75	1	31	2	61	3	17	4	16
0	98	1	34	2	18	3	87	4	39
0	74	1	19	2	47	3	89	4	48
0	50	1	70	2	3	3	37	4	18
0	96	1	25	2	52	3	13	4	27
0	10	1	95	2	84	3	33	4	27
0	1	1	28	2	68	3	81	4	46
0	60	1	1	2	16	3	59	4	85
0	28	1	11	2	48	3	47	4	86
0	59	1	10	2	89	3	86	4	42
0	96	1	17	2	55	3	78	4	12
0	50	1	79	2	48	3	90	4	7
0	3	1	50	2	85	3	60	4	39
LBCmax: 997
RELDUE
-1	358	9	5
-1	409	9	3
-1	559	5	7
-1	330	6	9
-1	779	5	1
-1	400	9	3
-1	445	9	7
-1	332	2	6
-1	422	9	9
-1	792	8	6
-1	764	6	6
-1	668	9	9
-1	0	8	2
-1	163	7	1
-1	566	4	3
-1	891	1	3
-1	0	1	5
-1	877	8	3
-1	804	3	6
-1	198	5	7
-1	740	5	5
-1	628	9	9
-1	799	9	2
-1	593	8	3
-1	856	7	6
-1	709	8	7
-1	417	4	6
-1	149	5	4
-1	424	5	9
-1	722	4	4
-1	679	1	6
-1	149	5	3
-1	774	9	7
-1	0	3	5
-1	301	8	8
-1	0	3	3
-1	336	4	2
-1	365	1	1
-1	880	6	1
-1	818	1	7
-1	316	3	4
-1	627	3	8
-1	0	4	3
-1	783	9	4
-1	150	9	5
-1	631	7	4
-1	636	2	1
-1	120	6	8
-1	138	9	7
-1	0	9	3
DDW
297	419
376	442
503	615
267	393
724	834
356	444
414	476
319	345
376	468
721	863
642	886
608	728
0	0
140	186
549	583
775	1007
0	0
745	1009
659	949
170	226
629	851
509	747
711	887
546	640
830	882
567	851
400	434
139	159
377	471
686	758
659	699
122	176
743	805
0	0
244	358
0	0
276	396
339	391
792	968
671	965
253	379
527	727
0	0
697	869
128	172
593	669
579	693
108	132
110	166
0	0
