HFSDDW
50	25	5
0	41	1	91	2	65	3	30	4	4
0	35	1	93	2	42	3	48	4	68
0	22	1	88	2	52	3	72	4	5
0	72	1	32	2	69	3	83	4	85
0	83	1	61	2	27	3	70	4	5
0	88	1	62	2	21	3	89	4	53
0	68	1	3	2	20	3	88	4	1
0	59	1	72	2	68	3	56	4	49
0	73	1	70	2	38	3	94	4	50
0	54	1	60	2	6	3	47	4	51
0	52	1	83	2	91	3	12	4	78
0	80	1	64	2	94	3	26	4	16
0	72	1	73	2	53	3	95	4	99
0	20	1	68	2	63	3	72	4	45
0	1	1	64	2	13	3	35	4	13
0	14	1	24	2	32	3	21	4	50
0	28	1	57	2	73	3	39	4	1
0	85	1	12	2	9	3	11	4	21
0	94	1	77	2	43	3	41	4	76
0	99	1	17	2	42	3	94	4	30
0	86	1	96	2	34	3	2	4	51
0	88	1	70	2	56	3	99	4	64
0	56	1	33	2	74	3	75	4	87
0	16	1	99	2	14	3	95	4	15
0	9	1	60	2	53	3	52	4	51
0	23	1	21	2	71	3	59	4	13
0	96	1	82	2	37	3	90	4	64
0	31	1	23	2	71	3	88	4	13
0	15	1	55	2	9	3	46	4	64
0	62	1	3	2	67	3	53	4	60
0	99	1	4	2	46	3	80	4	22
0	26	1	44	2	82	3	51	4	28
0	67	1	99	2	96	3	87	4	68
0	73	1	95	2	83	3	11	4	57
0	92	1	28	2	26	3	83	4	99
0	53	1	51	2	8	3	87	4	88
0	21	1	54	2	19	3	99	4	13
0	93	1	36	2	57	3	69	4	38
0	87	1	41	2	21	3	60	4	45
0	16	1	58	2	22	3	78	4	91
0	66	1	20	2	57	3	96	4	67
0	72	1	77	2	63	3	80	4	68
0	74	1	37	2	94	3	63	4	8
0	14	1	81	2	97	3	74	4	74
0	37	1	39	2	15	3	72	4	69
0	52	1	8	2	65	3	38	4	84
0	95	1	30	2	29	3	95	4	23
0	2	1	96	2	22	3	33	4	41
0	17	1	73	2	76	3	2	4	63
0	51	1	46	2	58	3	53	4	32
LBCmax: 706
RELDUE
-1	358	4	5
-1	470	2	5
-1	412	2	7
-1	229	9	2
-1	442	5	9
-1	328	6	9
-1	232	7	1
-1	569	1	2
-1	327	9	2
-1	275	5	4
-1	482	6	8
-1	261	6	5
-1	321	1	1
-1	619	6	5
-1	520	6	5
-1	402	2	8
-1	243	8	9
-1	631	7	6
-1	382	3	6
-1	238	9	7
-1	281	4	7
-1	461	8	5
-1	487	3	1
-1	352	4	8
-1	457	1	6
-1	483	1	3
-1	478	4	9
-1	266	6	6
-1	249	9	7
-1	287	4	2
-1	236	2	5
-1	424	6	9
-1	263	7	8
-1	235	1	8
-1	424	4	5
-1	357	8	4
-1	562	3	7
-1	317	1	9
-1	388	1	1
-1	614	2	1
-1	619	6	8
-1	265	4	9
-1	614	5	9
-1	285	5	9
-1	539	4	2
-1	231	7	6
-1	411	3	8
-1	551	6	9
-1	334	1	8
-1	291	8	5
DDW
322	394
442	498
391	433
215	243
402	482
302	354
209	255
529	609
294	360
256	294
453	511
238	284
302	340
594	644
494	546
386	418
241	245
587	675
363	401
217	259
270	292
452	470
458	516
341	363
416	498
473	493
473	483
250	282
247	251
284	290
215	257
416	432
255	271
219	251
416	432
350	364
545	579
288	346
384	392
565	663
557	681
241	289
608	620
262	308
507	571
210	252
407	415
496	606
321	347
282	300
