HFSDDW
150	25	5
0	1	1	4	2	79	3	96	4	10
0	88	1	65	2	53	3	26	4	4
0	83	1	6	2	70	3	66	4	85
0	30	1	22	2	44	3	89	4	40
0	20	1	70	2	56	3	13	4	1
0	37	1	5	2	61	3	84	4	32
0	13	1	73	2	95	3	11	4	63
0	80	1	88	2	47	3	48	4	37
0	98	1	21	2	71	3	48	4	70
0	16	1	14	2	86	3	97	4	91
0	85	1	94	2	66	3	76	4	93
0	30	1	48	2	67	3	96	4	72
0	84	1	5	2	68	3	93	4	91
0	11	1	11	2	60	3	3	4	6
0	42	1	75	2	95	3	52	4	41
0	99	1	99	2	9	3	42	4	84
0	24	1	18	2	63	3	93	4	47
0	19	1	8	2	19	3	17	4	34
0	33	1	22	2	51	3	76	4	53
0	94	1	52	2	77	3	57	4	60
0	6	1	53	2	83	3	92	4	49
0	11	1	98	2	14	3	35	4	94
0	31	1	39	2	25	3	13	4	49
0	66	1	41	2	75	3	47	4	72
0	4	1	91	2	44	3	69	4	72
0	21	1	24	2	20	3	99	4	46
0	47	1	22	2	52	3	82	4	78
0	70	1	35	2	70	3	44	4	37
0	21	1	93	2	84	3	22	4	4
0	93	1	96	2	39	3	27	4	86
0	54	1	77	2	31	3	84	4	56
0	15	1	10	2	15	3	21	4	29
0	86	1	78	2	14	3	88	4	48
0	9	1	87	2	43	3	34	4	78
0	32	1	70	2	31	3	11	4	51
0	10	1	8	2	22	3	65	4	78
0	25	1	85	2	92	3	13	4	92
0	69	1	91	2	67	3	26	4	63
0	60	1	21	2	50	3	16	4	50
0	43	1	79	2	95	3	74	4	95
0	7	1	54	2	5	3	49	4	55
0	83	1	47	2	20	3	33	4	47
0	8	1	88	2	49	3	42	4	5
0	1	1	85	2	2	3	96	4	78
0	17	1	20	2	17	3	70	4	18
0	12	1	21	2	15	3	60	4	9
0	30	1	13	2	48	3	70	4	72
0	70	1	80	2	44	3	58	4	9
0	23	1	71	2	34	3	79	4	56
0	72	1	71	2	9	3	12	4	50
0	57	1	78	2	98	3	95	4	78
0	87	1	37	2	35	3	31	4	44
0	63	1	32	2	60	3	24	4	17
0	95	1	40	2	78	3	70	4	34
0	20	1	42	2	43	3	87	4	55
0	45	1	85	2	37	3	14	4	45
0	40	1	12	2	4	3	11	4	52
0	51	1	14	2	52	3	92	4	84
0	33	1	46	2	13	3	15	4	45
0	91	1	12	2	10	3	62	4	61
0	33	1	93	2	39	3	78	4	30
0	16	1	35	2	11	3	41	4	33
0	3	1	99	2	21	3	86	4	4
0	51	1	28	2	50	3	72	4	66
0	81	1	87	2	85	3	85	4	1
0	73	1	29	2	29	3	43	4	64
0	34	1	75	2	75	3	53	4	13
0	47	1	73	2	26	3	80	4	37
0	16	1	3	2	12	3	59	4	82
0	34	1	26	2	27	3	11	4	94
0	63	1	62	2	38	3	96	4	79
0	45	1	8	2	53	3	77	4	57
0	86	1	7	2	68	3	77	4	99
0	27	1	25	2	68	3	73	4	57
0	78	1	3	2	70	3	36	4	50
0	79	1	75	2	26	3	3	4	67
0	48	1	3	2	19	3	49	4	1
0	71	1	38	2	79	3	73	4	67
0	39	1	20	2	48	3	23	4	50
0	10	1	35	2	35	3	60	4	55
0	9	1	58	2	53	3	53	4	16
0	61	1	92	2	2	3	47	4	1
0	69	1	81	2	51	3	11	4	9
0	84	1	88	2	20	3	76	4	29
0	89	1	46	2	94	3	7	4	19
0	58	1	54	2	47	3	86	4	40
0	45	1	41	2	66	3	47	4	58
0	90	1	49	2	65	3	33	4	39
0	78	1	36	2	32	3	73	4	98
0	57	1	69	2	38	3	15	4	65
0	22	1	15	2	59	3	32	4	66
0	63	1	63	2	47	3	35	4	58
0	7	1	46	2	16	3	7	4	55
0	29	1	16	2	4	3	52	4	19
0	36	1	23	2	87	3	37	4	50
0	54	1	14	2	21	3	8	4	61
0	89	1	17	2	33	3	21	4	19
0	30	1	81	2	34	3	81	4	95
0	27	1	2	2	31	3	75	4	33
0	33	1	20	2	25	3	18	4	69
0	42	1	66	2	86	3	95	4	30
0	99	1	28	2	22	3	82	4	12
0	49	1	43	2	39	3	73	4	69
0	90	1	14	2	95	3	88	4	26
0	47	1	81	2	22	3	56	4	92
0	34	1	92	2	13	3	5	4	17
0	35	1	88	2	4	3	39	4	20
0	23	1	30	2	37	3	91	4	20
0	3	1	60	2	52	3	69	4	47
0	84	1	63	2	57	3	7	4	42
0	20	1	25	2	37	3	92	4	22
0	60	1	44	2	30	3	4	4	95
0	7	1	16	2	17	3	65	4	77
0	60	1	40	2	1	3	54	4	46
0	60	1	76	2	4	3	69	4	23
0	87	1	29	2	53	3	10	4	9
0	70	1	36	2	6	3	62	4	97
0	10	1	52	2	11	3	17	4	59
0	79	1	1	2	33	3	95	4	13
0	87	1	43	2	87	3	92	4	86
0	45	1	63	2	3	3	60	4	81
0	43	1	21	2	67	3	70	4	35
0	32	1	91	2	20	3	95	4	26
0	71	1	10	2	55	3	68	4	67
0	9	1	29	2	83	3	95	4	66
0	59	1	44	2	9	3	56	4	35
0	44	1	42	2	60	3	23	4	63
0	8	1	34	2	46	3	80	4	55
0	89	1	84	2	41	3	81	4	28
0	88	1	81	2	38	3	70	4	42
0	78	1	88	2	19	3	25	4	78
0	16	1	79	2	8	3	94	4	22
0	99	1	13	2	12	3	35	4	91
0	89	1	31	2	96	3	32	4	18
0	38	1	63	2	74	3	14	4	78
0	24	1	87	2	3	3	67	4	78
0	78	1	6	2	38	3	15	4	57
0	55	1	23	2	35	3	45	4	48
0	29	1	26	2	52	3	59	4	55
0	76	1	73	2	7	3	90	4	38
0	57	1	84	2	6	3	53	4	5
0	15	1	15	2	6	3	47	4	54
0	28	1	77	2	40	3	16	4	44
0	93	1	75	2	96	3	78	4	36
0	67	1	96	2	52	3	84	4	88
0	12	1	12	2	16	3	58	4	2
0	51	1	81	2	12	3	30	4	22
0	94	1	1	2	85	3	11	4	42
0	41	1	17	2	87	3	90	4	20
0	52	1	86	2	36	3	15	4	62
LBCmax: 1644
RELDUE
-1	498	9	5
-1	746	2	3
-1	586	2	8
-1	672	8	4
-1	728	1	5
-1	693	7	1
-1	599	8	8
-1	564	6	6
-1	706	1	2
-1	799	9	7
-1	502	2	7
-1	820	6	1
-1	652	9	7
-1	643	1	6
-1	505	2	8
-1	646	7	2
-1	708	2	1
-1	527	1	4
-1	802	6	9
-1	655	6	3
-1	799	7	3
-1	789	1	6
-1	777	1	2
-1	610	4	7
-1	805	1	8
-1	657	6	5
-1	520	9	2
-1	696	1	2
-1	704	9	1
-1	613	4	5
-1	575	7	3
-1	742	3	3
-1	493	8	5
-1	807	8	8
-1	493	8	3
-1	737	1	2
-1	667	5	6
-1	681	9	8
-1	683	7	9
-1	693	1	7
-1	698	3	4
-1	752	5	3
-1	560	3	2
-1	550	3	9
-1	622	9	8
-1	631	4	6
-1	719	5	2
-1	632	6	5
-1	778	1	8
-1	735	8	6
-1	778	3	6
-1	743	9	8
-1	633	8	5
-1	710	1	3
-1	722	3	2
-1	532	5	1
-1	791	1	6
-1	799	2	3
-1	690	8	9
-1	564	1	6
-1	666	2	8
-1	726	8	1
-1	683	8	5
-1	586	6	3
-1	717	1	5
-1	582	8	8
-1	819	1	5
-1	667	4	7
-1	643	5	6
-1	591	5	7
-1	801	1	1
-1	519	7	8
-1	666	4	4
-1	602	5	8
-1	780	1	3
-1	539	6	1
-1	721	8	3
-1	720	4	5
-1	811	7	8
-1	667	1	3
-1	761	8	8
-1	711	2	7
-1	740	4	6
-1	791	9	6
-1	657	2	5
-1	655	8	2
-1	602	4	3
-1	606	5	2
-1	577	1	1
-1	783	7	4
-1	768	9	7
-1	691	3	7
-1	814	8	7
-1	612	1	8
-1	519	1	9
-1	794	9	6
-1	562	6	2
-1	797	9	3
-1	656	8	1
-1	532	5	7
-1	634	4	9
-1	544	6	6
-1	811	4	5
-1	680	6	5
-1	757	7	2
-1	752	4	7
-1	569	2	6
-1	523	4	2
-1	753	6	5
-1	675	8	6
-1	633	5	2
-1	563	5	3
-1	810	5	3
-1	516	6	2
-1	626	4	2
-1	778	4	1
-1	809	5	9
-1	714	1	9
-1	751	1	7
-1	555	4	4
-1	803	1	5
-1	705	1	9
-1	583	6	2
-1	682	4	1
-1	645	8	8
-1	602	7	3
-1	528	2	8
-1	547	3	3
-1	575	5	4
-1	808	1	2
-1	800	9	5
-1	747	2	5
-1	557	8	3
-1	771	3	3
-1	525	6	4
-1	709	1	8
-1	722	2	4
-1	552	5	9
-1	527	1	6
-1	728	6	4
-1	578	9	5
-1	571	4	5
-1	676	5	1
-1	724	8	7
-1	643	7	7
-1	697	5	6
-1	704	6	2
-1	790	5	6
-1	809	3	6
-1	563	2	3
DDW
448	548
739	753
557	615
638	706
670	786
631	755
581	617
519	609
678	734
775	823
487	517
738	902
600	704
592	694
490	520
620	672
694	722
490	564
794	810
603	707
767	831
742	836
730	824
555	665
724	886
631	683
504	536
626	766
634	774
558	668
535	615
705	779
468	518
775	839
473	513
671	803
654	680
613	749
628	738
644	742
635	761
737	767
543	577
522	578
591	653
593	669
647	791
575	689
700	856
720	750
731	825
691	795
595	671
682	738
650	794
511	553
744	838
751	847
649	731
541	587
626	706
704	748
622	744
557	615
667	767
530	634
778	860
634	700
617	669
561	621
777	825
509	529
606	726
578	626
710	850
523	555
699	743
706	734
770	852
640	694
723	799
683	739
666	814
728	854
631	683
590	720
548	656
600	612
554	600
775	791
745	791
650	732
781	847
581	643
514	524
746	842
540	584
725	869
604	708
495	569
628	640
517	571
762	860
646	714
681	833
722	782
523	615
507	539
715	791
628	722
620	646
540	586
794	826
506	526
570	682
762	794
785	833
707	721
736	766
516	594
723	883
670	740
577	589
655	709
632	658
560	644
480	576
520	574
558	592
776	840
720	880
710	784
535	579
702	840
509	541
702	716
657	787
519	585
480	574
721	735
566	590
531	611
635	717
673	775
579	707
627	767
669	739
774	806
760	858
512	614
