HFSDDW
200	15	5
0	13	1	71	2	75	3	30	4	7
0	42	1	52	2	98	3	92	4	26
0	79	1	27	2	36	3	84	4	92
0	13	1	90	2	12	3	17	4	17
0	22	1	99	2	11	3	49	4	98
0	57	1	43	2	36	3	69	4	72
0	20	1	23	2	85	3	49	4	19
0	65	1	67	2	89	3	60	4	56
0	20	1	17	2	51	3	38	4	33
0	39	1	52	2	66	3	23	4	53
0	69	1	38	2	70	3	48	4	41
0	13	1	61	2	27	3	31	4	50
0	98	1	17	2	29	3	20	4	6
0	56	1	41	2	87	3	66	4	27
0	46	1	2	2	51	3	60	4	96
0	6	1	49	2	72	3	16	4	60
0	6	1	77	2	14	3	17	4	3
0	82	1	53	2	37	3	9	4	6
0	5	1	40	2	58	3	11	4	57
0	4	1	88	2	31	3	33	4	77
0	97	1	64	2	99	3	95	4	8
0	68	1	87	2	10	3	52	4	35
0	63	1	89	2	12	3	71	4	45
0	22	1	3	2	12	3	18	4	23
0	4	1	4	2	78	3	60	4	23
0	6	1	43	2	41	3	4	4	92
0	18	1	18	2	39	3	38	4	62
0	41	1	77	2	18	3	10	4	34
0	95	1	43	2	85	3	73	4	43
0	16	1	29	2	87	3	66	4	36
0	2	1	76	2	14	3	10	4	74
0	94	1	86	2	40	3	73	4	2
0	26	1	46	2	7	3	59	4	18
0	45	1	50	2	73	3	9	4	4
0	44	1	84	2	3	3	83	4	28
0	60	1	19	2	6	3	18	4	8
0	77	1	56	2	75	3	68	4	91
0	41	1	5	2	30	3	64	4	68
0	55	1	38	2	45	3	8	4	9
0	49	1	37	2	26	3	55	4	97
0	65	1	55	2	78	3	62	4	91
0	17	1	74	2	30	3	81	4	14
0	75	1	80	2	22	3	65	4	25
0	69	1	71	2	39	3	68	4	76
0	41	1	21	2	10	3	41	4	49
0	7	1	39	2	94	3	74	4	79
0	23	1	92	2	50	3	21	4	42
0	22	1	77	2	14	3	76	4	74
0	67	1	74	2	48	3	50	4	92
0	74	1	17	2	79	3	82	4	39
0	77	1	98	2	58	3	78	4	56
0	45	1	46	2	37	3	13	4	85
0	77	1	79	2	56	3	3	4	91
0	82	1	31	2	2	3	24	4	4
0	92	1	58	2	62	3	93	4	10
0	66	1	73	2	60	3	48	4	75
0	90	1	60	2	13	3	36	4	3
0	25	1	35	2	71	3	64	4	97
0	76	1	40	2	1	3	90	4	97
0	88	1	19	2	45	3	59	4	11
0	44	1	16	2	56	3	79	4	47
0	19	1	36	2	64	3	69	4	90
0	72	1	86	2	89	3	37	4	95
0	18	1	67	2	21	3	99	4	66
0	47	1	59	2	37	3	26	4	28
0	52	1	57	2	71	3	96	4	21
0	48	1	28	2	1	3	38	4	32
0	74	1	4	2	33	3	88	4	83
0	88	1	71	2	2	3	74	4	26
0	89	1	51	2	64	3	95	4	79
0	22	1	98	2	46	3	92	4	63
0	84	1	78	2	30	3	52	4	95
0	61	1	64	2	68	3	49	4	43
0	45	1	85	2	51	3	6	4	21
0	15	1	34	2	32	3	17	4	77
0	76	1	57	2	63	3	1	4	38
0	1	1	93	2	76	3	17	4	99
0	49	1	82	2	9	3	75	4	47
0	96	1	73	2	81	3	93	4	22
0	24	1	3	2	53	3	31	4	80
0	5	1	99	2	58	3	74	4	65
0	87	1	66	2	29	3	15	4	86
0	28	1	15	2	30	3	14	4	94
0	68	1	88	2	52	3	49	4	93
0	63	1	77	2	76	3	58	4	24
0	41	1	53	2	39	3	94	4	53
0	73	1	4	2	32	3	20	4	34
0	2	1	35	2	2	3	51	4	13
0	83	1	53	2	93	3	88	4	19
0	82	1	44	2	67	3	98	4	54
0	36	1	51	2	4	3	38	4	18
0	27	1	24	2	99	3	50	4	25
0	35	1	27	2	35	3	61	4	14
0	24	1	82	2	10	3	80	4	93
0	33	1	86	2	2	3	37	4	10
0	11	1	84	2	87	3	39	4	42
0	97	1	85	2	40	3	40	4	18
0	23	1	1	2	94	3	2	4	7
0	77	1	35	2	51	3	26	4	77
0	56	1	18	2	32	3	75	4	95
0	99	1	34	2	87	3	6	4	21
0	49	1	50	2	67	3	29	4	8
0	43	1	36	2	60	3	9	4	27
0	49	1	86	2	95	3	44	4	91
0	24	1	88	2	8	3	73	4	16
0	98	1	36	2	75	3	59	4	54
0	92	1	52	2	13	3	44	4	43
0	63	1	97	2	35	3	19	4	68
0	72	1	33	2	66	3	94	4	64
0	41	1	74	2	43	3	98	4	29
0	69	1	23	2	88	3	84	4	71
0	11	1	27	2	15	3	89	4	23
0	14	1	74	2	8	3	75	4	15
0	91	1	23	2	17	3	65	4	64
0	52	1	52	2	76	3	75	4	19
0	90	1	23	2	14	3	10	4	74
0	24	1	92	2	76	3	31	4	84
0	70	1	64	2	29	3	72	4	32
0	37	1	83	2	46	3	96	4	55
0	97	1	26	2	90	3	79	4	72
0	18	1	58	2	77	3	35	4	77
0	18	1	46	2	14	3	65	4	80
0	88	1	14	2	5	3	15	4	99
0	21	1	98	2	77	3	90	4	45
0	28	1	94	2	44	3	34	4	27
0	68	1	6	2	80	3	20	4	21
0	65	1	32	2	34	3	37	4	56
0	66	1	16	2	41	3	54	4	66
0	24	1	50	2	64	3	91	4	44
0	24	1	79	2	32	3	96	4	34
0	99	1	48	2	1	3	35	4	45
0	24	1	14	2	43	3	8	4	9
0	12	1	66	2	93	3	44	4	16
0	56	1	79	2	67	3	58	4	33
0	6	1	57	2	23	3	25	4	21
0	77	1	31	2	52	3	90	4	4
0	89	1	74	2	83	3	86	4	22
0	18	1	32	2	99	3	92	4	33
0	52	1	72	2	33	3	45	4	54
0	57	1	57	2	20	3	76	4	87
0	44	1	12	2	73	3	64	4	29
0	42	1	25	2	76	3	14	4	68
0	93	1	61	2	53	3	4	4	20
0	38	1	83	2	8	3	23	4	98
0	25	1	80	2	75	3	26	4	81
0	34	1	25	2	78	3	70	4	63
0	20	1	12	2	76	3	3	4	60
0	77	1	2	2	20	3	57	4	80
0	92	1	56	2	85	3	24	4	40
0	90	1	19	2	29	3	26	4	17
0	74	1	50	2	96	3	78	4	63
0	63	1	37	2	48	3	82	4	95
0	18	1	47	2	7	3	51	4	48
0	82	1	85	2	51	3	44	4	43
0	37	1	64	2	50	3	43	4	6
0	68	1	95	2	51	3	85	4	90
0	15	1	95	2	53	3	53	4	89
0	70	1	15	2	97	3	39	4	96
0	41	1	53	2	37	3	62	4	63
0	45	1	50	2	34	3	76	4	58
0	5	1	68	2	85	3	83	4	80
0	10	1	99	2	54	3	72	4	94
0	68	1	85	2	62	3	91	4	80
0	22	1	94	2	53	3	61	4	77
0	67	1	88	2	12	3	47	4	2
0	83	1	28	2	87	3	79	4	60
0	19	1	61	2	74	3	28	4	86
0	47	1	10	2	69	3	72	4	80
0	70	1	60	2	25	3	45	4	28
0	55	1	90	2	45	3	82	4	41
0	51	1	96	2	73	3	98	4	90
0	17	1	57	2	38	3	81	4	96
0	81	1	12	2	74	3	13	4	76
0	8	1	11	2	34	3	6	4	34
0	13	1	25	2	80	3	81	4	8
0	8	1	63	2	67	3	19	4	47
0	92	1	83	2	6	3	39	4	10
0	22	1	87	2	76	3	38	4	69
0	90	1	71	2	88	3	76	4	98
0	58	1	85	2	13	3	68	4	21
0	44	1	56	2	39	3	48	4	29
0	26	1	17	2	91	3	91	4	83
0	53	1	89	2	20	3	35	4	4
0	98	1	7	2	36	3	3	4	54
0	20	1	35	2	96	3	37	4	44
0	41	1	37	2	5	3	82	4	49
0	22	1	51	2	98	3	98	4	3
0	37	1	44	2	58	3	11	4	83
0	6	1	96	2	85	3	55	4	17
0	1	1	52	2	54	3	72	4	99
0	52	1	50	2	10	3	15	4	1
0	10	1	60	2	3	3	5	4	87
0	89	1	12	2	9	3	43	4	61
0	2	1	91	2	21	3	32	4	67
0	55	1	49	2	25	3	19	4	48
0	24	1	50	2	42	3	20	4	43
0	89	1	83	2	33	3	83	4	96
0	72	1	41	2	84	3	98	4	93
0	77	1	42	2	53	3	23	4	94
0	93	1	87	2	42	3	93	4	15
LBCmax: 3582
RELDUE
-1	2569	5	4
-1	2732	9	2
-1	2664	2	3
-1	2540	2	4
-1	2829	6	7
-1	2534	2	4
-1	2682	1	4
-1	3161	1	2
-1	2980	4	8
-1	3055	2	4
-1	2934	8	9
-1	2634	7	6
-1	3097	9	9
-1	2948	5	2
-1	3212	4	5
-1	2553	7	2
-1	3076	2	7
-1	2693	1	3
-1	2838	2	3
-1	3143	7	1
-1	2945	6	1
-1	2562	4	2
-1	2665	6	7
-1	2783	7	6
-1	3156	2	4
-1	2600	7	1
-1	3193	2	6
-1	2521	2	5
-1	2683	7	3
-1	2899	3	2
-1	2771	7	1
-1	2560	1	1
-1	2854	9	1
-1	2545	3	3
-1	2755	3	8
-1	2921	9	1
-1	2944	2	1
-1	2706	8	7
-1	2780	5	6
-1	3171	1	2
-1	2851	3	9
-1	2864	1	1
-1	2635	8	6
-1	2666	1	6
-1	2749	6	5
-1	2931	6	9
-1	2934	1	5
-1	3163	3	5
-1	2685	1	3
-1	3137	2	6
-1	2610	5	4
-1	2945	3	4
-1	3197	4	7
-1	2542	9	1
-1	2891	7	4
-1	2513	9	1
-1	2573	3	1
-1	3106	9	8
-1	2609	1	9
-1	2736	3	3
-1	2565	1	6
-1	2668	6	8
-1	2984	3	1
-1	2588	9	6
-1	2790	7	3
-1	2881	7	2
-1	3005	4	4
-1	3059	7	8
-1	2699	6	6
-1	2798	7	1
-1	2833	7	9
-1	2877	9	3
-1	3137	5	5
-1	2891	6	1
-1	2799	6	5
-1	2588	5	1
-1	3151	1	9
-1	3224	6	9
-1	2541	8	5
-1	2732	2	3
-1	2891	7	4
-1	2537	4	4
-1	3060	7	8
-1	2770	7	8
-1	2795	3	1
-1	3051	3	4
-1	2587	3	2
-1	2818	6	1
-1	2879	7	4
-1	2748	3	8
-1	2854	4	9
-1	3063	1	3
-1	2603	8	6
-1	2551	2	4
-1	3113	8	8
-1	2690	1	2
-1	3105	5	4
-1	2554	4	3
-1	3100	5	5
-1	3093	5	7
-1	3150	7	8
-1	3099	7	5
-1	2970	3	2
-1	3112	8	8
-1	2811	4	5
-1	2958	3	4
-1	3033	2	4
-1	2812	8	7
-1	2967	3	1
-1	2809	6	2
-1	2587	6	3
-1	2573	1	5
-1	3071	1	1
-1	3101	8	8
-1	3069	8	3
-1	2534	6	2
-1	2832	8	5
-1	2720	1	6
-1	3017	3	5
-1	2964	1	7
-1	2800	7	3
-1	2693	1	3
-1	2687	6	6
-1	3176	9	2
-1	3168	6	7
-1	2995	9	4
-1	2780	8	4
-1	3092	2	4
-1	3003	7	2
-1	2616	4	2
-1	2708	3	1
-1	3103	1	2
-1	2630	9	1
-1	2672	5	7
-1	2806	3	3
-1	3016	5	8
-1	2792	1	9
-1	3172	4	3
-1	3184	3	7
-1	3062	9	4
-1	2524	2	7
-1	3000	3	2
-1	3075	3	2
-1	2576	3	5
-1	2668	4	6
-1	2788	8	1
-1	3216	1	8
-1	2727	4	7
-1	2706	3	8
-1	3085	4	5
-1	3082	1	3
-1	2892	9	4
-1	2761	2	2
-1	2643	4	9
-1	2799	1	8
-1	2964	1	1
-1	2919	3	9
-1	3018	1	6
-1	3168	8	9
-1	3040	9	8
-1	2684	7	1
-1	3165	3	6
-1	3034	4	4
-1	2858	7	3
-1	2608	5	7
-1	2708	1	5
-1	3167	4	4
-1	2905	4	8
-1	2801	7	9
-1	2560	9	1
-1	2967	7	4
-1	2884	5	6
-1	2760	6	8
-1	3180	7	1
-1	2946	8	8
-1	3025	9	4
-1	2843	9	5
-1	2617	7	1
-1	3014	1	3
-1	2887	9	7
-1	3003	5	2
-1	2560	5	3
-1	2892	8	6
-1	3143	6	9
-1	2759	6	2
-1	3041	8	8
-1	2849	9	8
-1	3211	1	4
-1	3098	6	7
-1	3067	1	6
-1	2604	6	6
-1	2998	4	7
-1	2511	7	6
-1	2651	6	8
-1	2885	6	3
-1	2583	8	5
-1	3190	9	2
-1	2724	5	6
-1	3193	9	2
-1	3185	7	1
DDW
2518	2620
2486	2978
2531	2797
2362	2718
2801	2857
2509	2559
2575	2789
3129	3193
2801	3159
2933	3177
2787	3081
2529	2739
3004	3190
2830	3066
3148	3276
2298	2808
2861	3291
2478	2908
2668	3008
3080	3206
2916	2974
2357	2767
2585	2745
2672	2894
3030	3282
2496	2704
2906	3480
2294	2748
2576	2790
2783	3015
2605	2937
2432	2688
2569	3139
2520	2570
2617	2893
2687	3155
2885	3003
2462	2950
2585	2975
2917	3425
2765	2937
2692	3036
2530	2740
2586	2746
2502	2996
2784	3078
2846	3022
2942	3384
2658	2712
2917	3357
2349	2871
2886	3004
3005	3389
2389	2695
2862	2920
2412	2614
2419	2727
3044	3168
2531	2687
2544	2928
2514	2616
2508	2828
2745	3223
2536	2640
2539	3041
2852	2910
2885	3125
2967	3151
2429	2969
2686	2910
2606	3060
2618	3136
3106	3168
2631	3151
2519	3079
2459	2717
2993	3309
3192	3256
2414	2668
2486	2978
2833	2949
2461	2613
2815	3305
2576	2964
2683	2907
2929	3173
2354	2820
2705	2931
2850	2908
2721	2775
2768	2940
2757	3369
2447	2759
2525	2577
2926	3300
2475	2905
2826	3384
2503	2605
2945	3255
2815	3371
3087	3213
2789	3409
2762	3178
2863	3361
2558	3064
2899	3017
3003	3063
2587	3037
2759	3175
2640	2978
2328	2846
2419	2727
2856	3286
2946	3256
2885	3253
2281	2787
2605	3059
2693	2747
2776	3258
2816	3112
2716	2884
2666	2720
2606	2768
2858	3494
3105	3231
2755	3235
2697	2863
3061	3123
2883	3123
2564	2668
2518	2898
3010	3196
2472	2788
2485	2859
2582	3030
2956	3076
2624	2960
2855	3489
2929	3439
2970	3154
2423	2625
2970	3030
2829	3321
2447	2705
2641	2695
2593	2983
3087	3345
2672	2782
2544	2868
2869	3301
2774	3390
2661	3123
2623	2899
2379	2907
2631	2967
2934	2994
2685	3153
2777	3259
2946	3390
2979	3101
2442	2926
2848	3482
2882	3186
2715	3001
2347	2869
2518	2898
2850	3484
2876	2934
2605	2997
2458	2662
2848	3086
2653	3115
2677	2843
3021	3339
2887	3005
2964	3086
2758	2928
2408	2826
2743	3285
2743	3031
2853	3153
2534	2586
2718	3066
2892	3394
2676	2842
2767	3315
2593	3105
2986	3436
3067	3129
2852	3282
2474	2734
2728	3268
2411	2611
2465	2837
2770	3000
2480	2686
2967	3413
2642	2806
3001	3385
3026	3344
