HFSDDW
200	15	5
0	75	1	14	2	89	3	85	4	25
0	67	1	45	2	27	3	15	4	77
0	30	1	11	2	35	3	23	4	23
0	37	1	60	2	42	3	92	4	79
0	70	1	19	2	17	3	98	4	11
0	86	1	21	2	60	3	53	4	73
0	23	1	78	2	83	3	62	4	61
0	49	1	36	2	50	3	90	4	89
0	96	1	7	2	91	3	76	4	53
0	34	1	50	2	71	3	18	4	11
0	5	1	69	2	49	3	90	4	19
0	56	1	96	2	90	3	74	4	38
0	46	1	84	2	74	3	41	4	55
0	52	1	27	2	73	3	61	4	73
0	2	1	11	2	51	3	4	4	83
0	64	1	28	2	40	3	46	4	76
0	36	1	49	2	43	3	42	4	69
0	54	1	30	2	93	3	43	4	5
0	52	1	45	2	75	3	52	4	43
0	12	1	33	2	50	3	22	4	2
0	8	1	77	2	10	3	44	4	10
0	93	1	18	2	46	3	8	4	54
0	29	1	57	2	45	3	97	4	3
0	97	1	41	2	32	3	71	4	2
0	22	1	34	2	30	3	57	4	22
0	56	1	35	2	99	3	60	4	71
0	32	1	77	2	19	3	44	4	69
0	59	1	40	2	99	3	33	4	75
0	36	1	83	2	86	3	89	4	75
0	95	1	1	2	78	3	50	4	46
0	70	1	1	2	79	3	20	4	79
0	74	1	48	2	53	3	22	4	53
0	59	1	19	2	85	3	36	4	23
0	52	1	38	2	2	3	29	4	44
0	57	1	42	2	99	3	96	4	65
0	39	1	48	2	41	3	81	4	27
0	56	1	57	2	49	3	15	4	1
0	31	1	98	2	98	3	64	4	95
0	11	1	87	2	77	3	80	4	17
0	18	1	97	2	50	3	66	4	24
0	57	1	99	2	49	3	7	4	88
0	29	1	2	2	82	3	55	4	41
0	26	1	8	2	71	3	95	4	96
0	2	1	69	2	71	3	35	4	91
0	53	1	40	2	37	3	33	4	33
0	70	1	64	2	19	3	80	4	47
0	41	1	97	2	74	3	57	4	69
0	57	1	8	2	43	3	26	4	72
0	30	1	16	2	43	3	24	4	69
0	4	1	16	2	82	3	84	4	15
0	49	1	27	2	16	3	74	4	70
0	18	1	63	2	16	3	74	4	18
0	64	1	82	2	3	3	8	4	1
0	29	1	33	2	14	3	26	4	39
0	93	1	26	2	46	3	62	4	62
0	38	1	96	2	13	3	64	4	29
0	55	1	82	2	35	3	65	4	98
0	14	1	82	2	99	3	87	4	52
0	94	1	92	2	69	3	8	4	9
0	48	1	14	2	36	3	23	4	40
0	70	1	2	2	56	3	45	4	21
0	23	1	81	2	53	3	13	4	33
0	22	1	50	2	52	3	45	4	63
0	81	1	47	2	37	3	10	4	86
0	47	1	33	2	27	3	74	4	45
0	2	1	57	2	38	3	54	4	15
0	24	1	61	2	89	3	24	4	58
0	53	1	27	2	90	3	45	4	75
0	33	1	29	2	87	3	54	4	30
0	45	1	41	2	24	3	44	4	27
0	1	1	76	2	26	3	37	4	93
0	38	1	74	2	82	3	1	4	20
0	65	1	43	2	98	3	97	4	9
0	61	1	60	2	28	3	86	4	10
0	55	1	56	2	92	3	35	4	53
0	18	1	45	2	73	3	44	4	99
0	61	1	33	2	93	3	27	4	14
0	48	1	35	2	53	3	30	4	21
0	78	1	45	2	90	3	25	4	10
0	90	1	30	2	90	3	46	4	69
0	84	1	13	2	38	3	35	4	72
0	44	1	84	2	91	3	83	4	76
0	92	1	2	2	38	3	1	4	58
0	33	1	49	2	72	3	83	4	61
0	26	1	7	2	97	3	65	4	31
0	10	1	66	2	67	3	25	4	63
0	87	1	55	2	27	3	74	4	15
0	48	1	95	2	59	3	55	4	70
0	63	1	44	2	70	3	54	4	29
0	77	1	7	2	90	3	66	4	77
0	41	1	58	2	7	3	84	4	44
0	78	1	15	2	72	3	4	4	62
0	78	1	17	2	66	3	20	4	88
0	37	1	75	2	63	3	85	4	10
0	37	1	90	2	17	3	14	4	97
0	81	1	37	2	44	3	37	4	54
0	4	1	76	2	1	3	48	4	23
0	29	1	48	2	42	3	31	4	37
0	34	1	23	2	56	3	92	4	91
0	46	1	78	2	50	3	65	4	92
0	2	1	43	2	6	3	57	4	40
0	51	1	42	2	92	3	87	4	62
0	41	1	71	2	36	3	49	4	59
0	3	1	16	2	19	3	97	4	60
0	88	1	33	2	33	3	48	4	76
0	15	1	34	2	25	3	22	4	51
0	4	1	86	2	78	3	44	4	52
0	60	1	70	2	44	3	8	4	71
0	87	1	55	2	55	3	68	4	96
0	62	1	86	2	7	3	34	4	89
0	31	1	60	2	53	3	6	4	4
0	69	1	11	2	57	3	80	4	26
0	17	1	17	2	71	3	36	4	59
0	54	1	93	2	91	3	96	4	99
0	32	1	72	2	11	3	26	4	72
0	33	1	77	2	64	3	52	4	14
0	28	1	27	2	91	3	32	4	21
0	43	1	34	2	72	3	41	4	83
0	49	1	14	2	64	3	82	4	54
0	70	1	84	2	20	3	10	4	42
0	69	1	95	2	11	3	34	4	58
0	58	1	50	2	27	3	34	4	70
0	92	1	46	2	6	3	66	4	98
0	90	1	26	2	39	3	16	4	16
0	20	1	22	2	51	3	14	4	50
0	19	1	9	2	28	3	71	4	2
0	49	1	58	2	55	3	10	4	45
0	33	1	17	2	57	3	74	4	62
0	93	1	7	2	39	3	71	4	90
0	4	1	8	2	97	3	84	4	64
0	45	1	46	2	5	3	94	4	22
0	48	1	45	2	96	3	84	4	39
0	50	1	22	2	56	3	32	4	22
0	34	1	91	2	96	3	21	4	66
0	74	1	68	2	64	3	53	4	22
0	14	1	82	2	79	3	23	4	47
0	11	1	11	2	44	3	8	4	57
0	3	1	54	2	60	3	87	4	97
0	87	1	20	2	73	3	35	4	13
0	72	1	51	2	7	3	49	4	56
0	12	1	12	2	76	3	19	4	90
0	76	1	81	2	51	3	72	4	9
0	65	1	65	2	74	3	37	4	28
0	40	1	77	2	48	3	75	4	19
0	80	1	31	2	9	3	23	4	78
0	54	1	95	2	29	3	41	4	49
0	62	1	75	2	31	3	67	4	36
0	99	1	34	2	26	3	17	4	80
0	21	1	3	2	88	3	78	4	33
0	23	1	46	2	36	3	7	4	72
0	95	1	3	2	32	3	30	4	76
0	80	1	3	2	53	3	41	4	36
0	81	1	53	2	11	3	24	4	47
0	89	1	34	2	8	3	2	4	29
0	6	1	52	2	32	3	94	4	97
0	78	1	43	2	30	3	90	4	55
0	9	1	60	2	22	3	68	4	54
0	59	1	44	2	1	3	90	4	55
0	96	1	80	2	85	3	80	4	99
0	68	1	91	2	65	3	32	4	43
0	88	1	39	2	34	3	78	4	67
0	44	1	71	2	38	3	32	4	97
0	37	1	73	2	63	3	85	4	28
0	22	1	31	2	43	3	69	4	88
0	46	1	34	2	17	3	47	4	32
0	25	1	66	2	51	3	95	4	30
0	86	1	78	2	98	3	47	4	66
0	70	1	26	2	44	3	1	4	11
0	87	1	6	2	68	3	92	4	18
0	24	1	18	2	99	3	53	4	77
0	38	1	49	2	95	3	44	4	97
0	55	1	22	2	87	3	47	4	42
0	77	1	21	2	42	3	3	4	12
0	59	1	74	2	16	3	19	4	57
0	95	1	87	2	42	3	59	4	1
0	40	1	65	2	24	3	29	4	8
0	8	1	66	2	97	3	18	4	91
0	38	1	83	2	55	3	50	4	12
0	48	1	39	2	96	3	59	4	33
0	66	1	64	2	66	3	81	4	59
0	49	1	3	2	80	3	95	4	82
0	51	1	7	2	37	3	43	4	57
0	90	1	98	2	58	3	39	4	35
0	11	1	23	2	24	3	12	4	74
0	76	1	20	2	65	3	8	4	10
0	57	1	90	2	83	3	26	4	34
0	76	1	99	2	42	3	70	4	59
0	6	1	85	2	3	3	36	4	40
0	31	1	46	2	12	3	93	4	21
0	49	1	81	2	58	3	24	4	23
0	44	1	40	2	54	3	8	4	83
0	29	1	37	2	73	3	86	4	26
0	61	1	24	2	11	3	9	4	81
0	91	1	56	2	87	3	80	4	30
0	25	1	21	2	88	3	71	4	43
0	30	1	9	2	72	3	86	4	60
0	75	1	33	2	59	3	4	4	90
0	36	1	45	2	35	3	87	4	30
0	68	1	13	2	16	3	11	4	79
0	8	1	35	2	3	3	13	4	30
LBCmax: 3548
RELDUE
-1	2335	3	1
-1	2347	4	1
-1	2008	3	2
-1	2370	3	3
-1	2435	4	9
-1	838	6	6
-1	1462	8	9
-1	2132	3	6
-1	1714	8	8
-1	1492	5	8
-1	800	2	3
-1	1737	8	4
-1	2200	6	1
-1	906	2	6
-1	1421	1	5
-1	960	5	9
-1	1724	8	3
-1	522	8	9
-1	746	7	5
-1	1315	3	8
-1	1348	7	7
-1	808	7	6
-1	368	2	9
-1	1435	4	2
-1	1657	1	2
-1	611	2	7
-1	459	7	2
-1	2009	4	1
-1	2304	3	9
-1	1122	5	3
-1	2369	1	7
-1	466	2	8
-1	1627	4	6
-1	1558	7	5
-1	1786	1	3
-1	2097	8	3
-1	1520	5	7
-1	1730	2	4
-1	472	5	3
-1	1796	3	6
-1	2142	7	1
-1	1655	5	9
-1	1872	3	8
-1	1070	2	7
-1	538	8	8
-1	427	7	7
-1	911	1	1
-1	2274	7	9
-1	1640	6	9
-1	1444	3	5
-1	1271	3	8
-1	936	1	7
-1	2157	3	9
-1	1785	2	9
-1	2131	9	9
-1	1881	6	9
-1	2333	7	8
-1	928	5	9
-1	1067	2	2
-1	2178	5	5
-1	734	5	9
-1	1938	6	3
-1	2313	6	2
-1	947	3	5
-1	1608	1	2
-1	688	8	6
-1	465	9	8
-1	997	4	8
-1	1605	9	8
-1	1808	7	4
-1	1924	6	2
-1	2478	7	9
-1	404	3	7
-1	1434	1	2
-1	1658	5	8
-1	2177	8	5
-1	1420	4	7
-1	1783	1	3
-1	1251	3	8
-1	1585	1	2
-1	2185	6	7
-1	670	9	8
-1	723	2	9
-1	1214	1	9
-1	2335	5	7
-1	1787	1	3
-1	794	4	2
-1	2326	9	3
-1	1911	2	7
-1	2389	1	8
-1	2248	1	2
-1	947	9	2
-1	1018	3	4
-1	778	3	3
-1	1417	8	1
-1	559	5	2
-1	1827	7	6
-1	1280	7	8
-1	1946	2	9
-1	2335	7	3
-1	2446	7	2
-1	2399	6	7
-1	1024	7	5
-1	2316	1	2
-1	2005	7	7
-1	1278	2	6
-1	886	7	2
-1	1077	1	5
-1	482	7	7
-1	2438	5	8
-1	816	7	8
-1	905	2	4
-1	2161	2	8
-1	1966	5	8
-1	2478	4	1
-1	418	2	3
-1	1569	9	7
-1	1453	2	8
-1	1096	5	3
-1	2305	4	8
-1	2378	4	1
-1	623	5	1
-1	1570	9	9
-1	1700	4	6
-1	2044	5	3
-1	1331	2	4
-1	1814	4	9
-1	2111	5	9
-1	371	1	3
-1	1453	5	9
-1	705	9	2
-1	494	8	6
-1	2321	6	9
-1	1401	6	9
-1	1623	1	2
-1	2271	9	5
-1	2130	4	7
-1	892	5	7
-1	1694	3	1
-1	1412	5	3
-1	1256	4	9
-1	2202	4	2
-1	2199	9	7
-1	1958	8	1
-1	1928	3	3
-1	1698	8	2
-1	1270	7	5
-1	1536	8	2
-1	785	3	8
-1	1353	5	9
-1	1474	4	5
-1	728	5	3
-1	539	3	6
-1	2126	1	6
-1	2441	5	8
-1	2177	6	1
-1	1184	8	3
-1	1808	6	9
-1	626	8	7
-1	1028	6	8
-1	1948	1	5
-1	1259	7	7
-1	1060	4	8
-1	1513	8	8
-1	2088	9	3
-1	676	5	4
-1	1068	5	5
-1	1114	9	9
-1	698	5	1
-1	562	8	4
-1	773	6	2
-1	1032	6	4
-1	2244	6	8
-1	2168	4	4
-1	1404	9	8
-1	531	4	5
-1	909	2	7
-1	2096	9	8
-1	2256	7	8
-1	701	9	5
-1	415	7	2
-1	633	7	2
-1	1681	3	2
-1	1503	6	4
-1	2463	4	6
-1	2461	5	7
-1	2440	8	3
-1	550	2	8
-1	1445	9	3
-1	1931	1	6
-1	1442	4	4
-1	676	9	1
-1	620	9	9
-1	1020	3	7
-1	1949	5	2
-1	2481	3	7
-1	1497	2	3
-1	1040	6	4
-1	2355	5	4
-1	1607	2	5
DDW
2195	2475
2324	2370
1988	2028
2252	2488
2289	2581
729	947
1243	1681
1706	2558
1525	1903
1462	1522
664	936
1598	1876
1892	2508
834	978
1378	1464
893	1027
1621	1827
449	595
701	791
1223	1407
1078	1618
671	945
305	431
1363	1507
1508	1806
501	721
404	514
1788	2230
2004	2604
954	1290
2179	2559
415	517
1562	1692
1355	1761
1661	1911
1929	2265
1383	1657
1470	1990
396	548
1688	1904
2035	2249
1556	1754
1778	1966
963	1177
500	576
350	504
729	1093
1910	2638
1558	1722
1357	1531
1220	1322
777	1095
2071	2243
1482	2088
1897	2365
1693	2069
2216	2450
780	1076
886	1248
1982	2374
727	741
1860	2016
2151	2475
795	1099
1383	1833
640	736
446	484
977	1017
1573	1637
1537	2079
1558	2290
2205	2751
331	477
1420	1448
1608	1708
1872	2482
1250	1590
1658	1908
1013	1489
1411	1759
1792	2578
556	784
672	774
1129	1299
2055	2615
1573	2001
730	858
2140	2512
1873	1949
1959	2819
2158	2338
824	1070
825	1211
716	840
1346	1488
548	570
1480	2174
1165	1395
1615	2277
1868	2802
2079	2813
1943	2855
870	1178
2084	2548
1845	2165
1099	1457
709	1063
1045	1109
410	554
2024	2852
669	963
742	1068
1772	2550
1848	2084
2205	2751
397	439
1287	1851
1162	1744
1041	1151
2259	2351
1902	2854
517	729
1256	1884
1615	1785
1799	2289
1251	1411
1578	2050
1900	2322
308	434
1424	1482
599	811
474	514
2089	2553
1121	1681
1347	1899
1817	2725
2066	2194
731	1053
1355	2033
1144	1680
1093	1419
2092	2312
1913	2485
1841	2075
1542	2314
1596	1800
1080	1460
1336	1736
644	926
1082	1624
1415	1533
582	874
512	566
1786	2466
1953	2929
1785	2569
947	1421
1609	2007
513	739
1007	1049
1909	1987
1133	1385
986	1134
1301	1725
2025	2151
575	777
983	1153
902	1326
628	768
495	629
750	796
826	1238
2222	2266
2016	2320
1278	1530
451	611
873	945
1782	2410
2143	2369
659	743
369	461
506	760
1479	1883
1247	1759
2020	2906
2067	2855
1952	2928
468	632
1156	1734
1564	2298
1154	1730
595	757
496	744
836	1204
1618	2280
2407	2555
1213	1781
832	1248
2284	2426
1511	1703
