HFSDDW
100	25	5
0	61	1	70	2	98	3	56	4	5
0	82	1	99	2	79	3	25	4	53
0	66	1	36	2	80	3	7	4	43
0	36	1	57	2	5	3	29	4	11
0	95	1	71	2	24	3	5	4	2
0	40	1	89	2	42	3	63	4	82
0	74	1	22	2	6	3	87	4	87
0	97	1	12	2	15	3	98	4	35
0	93	1	32	2	47	3	26	4	20
0	66	1	75	2	90	3	30	4	55
0	29	1	83	2	77	3	83	4	73
0	90	1	47	2	93	3	55	4	64
0	92	1	58	2	17	3	43	4	78
0	44	1	30	2	92	3	19	4	46
0	24	1	43	2	6	3	93	4	17
0	64	1	24	2	98	3	85	4	35
0	65	1	98	2	12	3	8	4	53
0	90	1	45	2	22	3	15	4	96
0	50	1	19	2	59	3	34	4	42
0	36	1	15	2	5	3	47	4	75
0	36	1	82	2	72	3	84	4	31
0	86	1	78	2	83	3	67	4	9
0	67	1	49	2	9	3	21	4	99
0	94	1	46	2	9	3	89	4	88
0	99	1	8	2	78	3	22	4	95
0	6	1	83	2	71	3	51	4	81
0	49	1	19	2	51	3	10	4	98
0	82	1	27	2	28	3	77	4	67
0	13	1	61	2	55	3	6	4	30
0	2	1	11	2	39	3	35	4	48
0	89	1	7	2	15	3	58	4	76
0	28	1	4	2	50	3	88	4	25
0	3	1	7	2	32	3	85	4	60
0	48	1	97	2	98	3	22	4	18
0	67	1	19	2	32	3	23	4	75
0	38	1	53	2	73	3	92	4	93
0	95	1	45	2	37	3	3	4	92
0	43	1	5	2	93	3	34	4	70
0	78	1	77	2	39	3	52	4	64
0	7	1	29	2	69	3	45	4	81
0	4	1	12	2	17	3	18	4	81
0	71	1	75	2	91	3	83	4	38
0	75	1	31	2	58	3	94	4	30
0	57	1	69	2	30	3	93	4	18
0	44	1	5	2	65	3	51	4	39
0	90	1	79	2	80	3	58	4	69
0	9	1	83	2	28	3	11	4	89
0	84	1	29	2	20	3	22	4	21
0	67	1	13	2	10	3	95	4	95
0	48	1	20	2	45	3	22	4	8
0	37	1	99	2	75	3	28	4	38
0	99	1	46	2	65	3	78	4	91
0	91	1	95	2	34	3	14	4	29
0	92	1	4	2	47	3	6	4	45
0	29	1	50	2	8	3	72	4	50
0	32	1	94	2	69	3	56	4	91
0	70	1	35	2	58	3	51	4	33
0	10	1	8	2	99	3	73	4	90
0	38	1	63	2	41	3	30	4	30
0	72	1	79	2	96	3	67	4	4
0	45	1	72	2	39	3	76	4	78
0	87	1	91	2	3	3	78	4	6
0	5	1	76	2	10	3	87	4	21
0	57	1	37	2	82	3	81	4	20
0	84	1	4	2	74	3	15	4	7
0	66	1	9	2	78	3	43	4	77
0	53	1	97	2	3	3	53	4	47
0	98	1	95	2	81	3	73	4	45
0	18	1	5	2	22	3	67	4	85
0	62	1	53	2	54	3	10	4	72
0	35	1	96	2	16	3	48	4	19
0	41	1	97	2	25	3	70	4	13
0	78	1	14	2	60	3	1	4	53
0	7	1	74	2	57	3	41	4	22
0	62	1	56	2	10	3	36	4	3
0	79	1	81	2	8	3	30	4	45
0	13	1	55	2	68	3	71	4	42
0	56	1	82	2	55	3	34	4	6
0	2	1	71	2	12	3	61	4	67
0	4	1	45	2	22	3	15	4	78
0	88	1	96	2	13	3	87	4	11
0	79	1	87	2	80	3	46	4	40
0	59	1	90	2	94	3	25	4	99
0	24	1	45	2	88	3	58	4	96
0	25	1	20	2	24	3	35	4	21
0	91	1	45	2	49	3	69	4	98
0	35	1	60	2	92	3	51	4	57
0	17	1	42	2	81	3	61	4	63
0	69	1	3	2	9	3	93	4	46
0	11	1	76	2	86	3	61	4	43
0	58	1	56	2	63	3	19	4	54
0	68	1	72	2	78	3	67	4	20
0	34	1	39	2	11	3	47	4	5
0	99	1	97	2	44	3	67	4	83
0	82	1	64	2	28	3	95	4	27
0	22	1	11	2	30	3	89	4	10
0	15	1	58	2	87	3	26	4	40
0	78	1	97	2	73	3	97	4	88
0	44	1	64	2	14	3	42	4	29
0	31	1	91	2	62	3	89	4	47
LBCmax: 1183
RELDUE
-1	385	9	3
-1	431	9	2
-1	399	2	4
-1	541	8	9
-1	499	8	7
-1	576	5	1
-1	420	9	1
-1	515	9	5
-1	573	9	9
-1	430	8	8
-1	493	2	3
-1	456	5	5
-1	565	3	4
-1	489	7	9
-1	364	6	6
-1	533	5	6
-1	476	2	3
-1	556	4	2
-1	371	9	3
-1	417	9	8
-1	360	4	9
-1	412	9	3
-1	465	6	9
-1	543	1	7
-1	447	3	5
-1	398	2	4
-1	474	1	8
-1	560	1	7
-1	511	8	5
-1	581	9	8
-1	426	6	9
-1	470	4	3
-1	451	3	9
-1	455	8	6
-1	584	6	8
-1	551	5	6
-1	448	9	1
-1	375	4	2
-1	509	4	2
-1	465	9	3
-1	475	3	1
-1	424	7	1
-1	548	5	1
-1	509	5	3
-1	426	3	6
-1	357	4	5
-1	532	4	1
-1	490	2	5
-1	443	6	7
-1	482	1	7
-1	544	1	5
-1	370	1	4
-1	484	9	6
-1	503	4	1
-1	459	5	8
-1	565	4	6
-1	557	5	6
-1	448	6	6
-1	448	2	4
-1	455	7	2
-1	457	4	5
-1	452	4	9
-1	358	5	1
-1	583	2	8
-1	358	8	9
-1	377	5	6
-1	359	2	2
-1	465	3	7
-1	496	1	4
-1	405	1	8
-1	439	6	5
-1	455	8	4
-1	402	2	7
-1	497	9	8
-1	533	5	5
-1	528	3	3
-1	455	9	8
-1	547	4	5
-1	471	2	1
-1	444	9	9
-1	457	4	6
-1	575	2	5
-1	472	3	7
-1	383	4	4
-1	392	4	8
-1	411	6	8
-1	577	3	8
-1	539	5	8
-1	587	7	1
-1	373	7	7
-1	585	1	4
-1	355	3	3
-1	519	6	3
-1	408	7	4
-1	363	8	7
-1	378	6	9
-1	420	4	1
-1	556	4	1
-1	505	4	4
-1	403	1	5
DDW
350	420
379	483
363	435
460	622
399	599
513	639
336	504
510	520
539	607
383	477
404	582
442	470
531	599
469	509
298	430
522	544
447	505
461	651
301	441
413	421
356	364
330	494
409	521
467	619
429	465
350	446
436	512
532	588
465	557
523	639
383	469
437	503
361	541
423	487
543	625
496	606
363	533
330	420
473	545
456	474
442	508
365	483
537	559
473	545
349	503
318	396
452	612
466	514
421	465
443	521
452	636
329	411
440	528
402	604
418	500
514	616
551	563
376	520
394	502
419	491
439	475
384	520
311	405
484	682
354	362
336	418
345	373
372	558
407	585
373	437
426	452
391	519
362	442
413	581
453	613
486	570
369	541
520	574
396	546
386	502
375	539
558	592
467	477
375	391
337	447
333	489
473	681
431	647
481	693
306	440
526	644
341	369
415	623
330	486
294	432
333	423
412	428
523	589
470	540
375	431
