HFSDDW
100	50	10
0	10	1	97	2	30	3	17	4	61	5	10	6	97	7	80	8	28	9	50
0	90	1	68	2	9	3	11	4	98	5	53	6	25	7	83	8	31	9	66
0	96	1	78	2	90	3	39	4	76	5	24	6	29	7	94	8	79	9	90
0	26	1	68	2	60	3	66	4	79	5	16	6	50	7	10	8	38	9	94
0	65	1	49	2	77	3	49	4	87	5	63	6	48	7	16	8	38	9	85
0	89	1	29	2	28	3	56	4	74	5	32	6	7	7	91	8	41	9	37
0	81	1	4	2	2	3	37	4	25	5	22	6	8	7	43	8	31	9	83
0	3	1	15	2	45	3	36	4	1	5	47	6	2	7	42	8	52	9	13
0	76	1	13	2	56	3	93	4	1	5	96	6	41	7	5	8	91	9	48
0	9	1	59	2	69	3	1	4	14	5	61	6	47	7	40	8	25	9	65
0	55	1	6	2	84	3	55	4	82	5	75	6	83	7	91	8	55	9	28
0	30	1	65	2	39	3	28	4	61	5	69	6	48	7	9	8	36	9	29
0	80	1	4	2	51	3	82	4	74	5	44	6	45	7	45	8	23	9	40
0	99	1	62	2	18	3	86	4	58	5	71	6	28	7	2	8	11	9	26
0	13	1	49	2	49	3	63	4	19	5	44	6	20	7	42	8	40	9	44
0	14	1	39	2	4	3	95	4	85	5	52	6	54	7	2	8	80	9	39
0	30	1	39	2	68	3	16	4	28	5	68	6	48	7	53	8	70	9	90
0	41	1	46	2	97	3	11	4	16	5	31	6	55	7	87	8	64	9	31
0	24	1	4	2	5	3	79	4	26	5	60	6	58	7	22	8	2	9	7
0	17	1	27	2	21	3	72	4	95	5	74	6	81	7	33	8	36	9	51
0	95	1	67	2	72	3	49	4	4	5	67	6	42	7	93	8	80	9	54
0	96	1	66	2	38	3	50	4	15	5	27	6	34	7	89	8	90	9	67
0	10	1	27	2	51	3	63	4	73	5	15	6	26	7	25	8	15	9	41
0	50	1	23	2	52	3	13	4	35	5	57	6	32	7	56	8	75	9	58
0	19	1	64	2	41	3	48	4	10	5	50	6	88	7	70	8	58	9	69
0	40	1	91	2	42	3	68	4	41	5	69	6	16	7	9	8	76	9	88
0	42	1	17	2	78	3	39	4	4	5	74	6	15	7	25	8	16	9	57
0	94	1	78	2	14	3	32	4	49	5	46	6	86	7	4	8	54	9	23
0	26	1	55	2	67	3	46	4	2	5	58	6	80	7	83	8	72	9	65
0	41	1	24	2	79	3	86	4	17	5	2	6	85	7	2	8	44	9	35
0	36	1	64	2	55	3	1	4	74	5	62	6	77	7	11	8	20	9	95
0	83	1	13	2	54	3	53	4	63	5	86	6	50	7	33	8	38	9	45
0	94	1	31	2	53	3	51	4	16	5	71	6	98	7	28	8	16	9	47
0	60	1	84	2	59	3	19	4	87	5	62	6	1	7	66	8	71	9	40
0	81	1	69	2	64	3	76	4	81	5	29	6	69	7	27	8	24	9	30
0	52	1	52	2	64	3	99	4	40	5	6	6	12	7	5	8	84	9	4
0	63	1	50	2	94	3	72	4	36	5	99	6	53	7	35	8	66	9	1
0	85	1	83	2	62	3	98	4	64	5	25	6	66	7	76	8	69	9	87
0	3	1	71	2	4	3	85	4	95	5	8	6	21	7	59	8	78	9	81
0	51	1	96	2	82	3	67	4	76	5	31	6	75	7	91	8	41	9	82
0	76	1	34	2	61	3	24	4	45	5	68	6	90	7	65	8	36	9	16
0	39	1	35	2	36	3	97	4	2	5	91	6	47	7	9	8	77	9	29
0	78	1	93	2	56	3	84	4	49	5	89	6	2	7	94	8	22	9	33
0	50	1	75	2	35	3	86	4	11	5	68	6	11	7	79	8	41	9	28
0	17	1	55	2	24	3	63	4	43	5	16	6	61	7	84	8	66	9	85
0	84	1	66	2	15	3	13	4	5	5	82	6	78	7	76	8	74	9	55
0	66	1	95	2	44	3	3	4	65	5	64	6	1	7	49	8	86	9	33
0	80	1	67	2	68	3	50	4	12	5	23	6	69	7	92	8	42	9	34
0	29	1	17	2	29	3	37	4	49	5	83	6	61	7	22	8	81	9	29
0	90	1	35	2	6	3	85	4	61	5	22	6	12	7	22	8	97	9	78
0	16	1	12	2	98	3	33	4	5	5	17	6	98	7	64	8	2	9	81
0	13	1	85	2	34	3	41	4	27	5	50	6	67	7	7	8	53	9	82
0	4	1	78	2	68	3	58	4	43	5	46	6	62	7	82	8	88	9	89
0	12	1	48	2	95	3	63	4	18	5	17	6	19	7	95	8	33	9	32
0	85	1	96	2	21	3	1	4	17	5	6	6	1	7	64	8	59	9	12
0	55	1	5	2	68	3	16	4	75	5	37	6	43	7	41	8	90	9	58
0	55	1	16	2	76	3	13	4	70	5	64	6	89	7	70	8	23	9	10
0	31	1	72	2	74	3	21	4	96	5	7	6	58	7	68	8	41	9	38
0	46	1	97	2	24	3	77	4	35	5	7	6	79	7	79	8	88	9	81
0	73	1	78	2	5	3	74	4	76	5	69	6	21	7	9	8	30	9	52
0	16	1	30	2	41	3	49	4	80	5	82	6	30	7	48	8	20	9	68
0	78	1	75	2	99	3	52	4	13	5	58	6	92	7	98	8	77	9	63
0	85	1	11	2	82	3	42	4	37	5	53	6	67	7	1	8	44	9	27
0	86	1	50	2	38	3	89	4	23	5	17	6	56	7	74	8	96	9	52
0	77	1	32	2	59	3	20	4	3	5	98	6	78	7	53	8	62	9	19
0	77	1	22	2	31	3	67	4	66	5	5	6	47	7	99	8	13	9	28
0	16	1	30	2	4	3	93	4	81	5	29	6	38	7	10	8	30	9	96
0	3	1	19	2	3	3	25	4	85	5	54	6	51	7	62	8	39	9	38
0	74	1	15	2	38	3	26	4	50	5	65	6	19	7	70	8	23	9	18
0	69	1	56	2	62	3	68	4	37	5	47	6	28	7	66	8	39	9	73
0	60	1	69	2	23	3	66	4	17	5	59	6	19	7	7	8	81	9	13
0	53	1	85	2	61	3	74	4	54	5	2	6	91	7	77	8	44	9	17
0	11	1	67	2	87	3	12	4	27	5	46	6	57	7	35	8	88	9	39
0	26	1	85	2	24	3	65	4	78	5	6	6	91	7	72	8	9	9	91
0	46	1	13	2	88	3	11	4	64	5	83	6	95	7	87	8	14	9	36
0	55	1	51	2	23	3	22	4	63	5	93	6	81	7	11	8	39	9	70
0	2	1	84	2	19	3	43	4	87	5	68	6	61	7	95	8	96	9	49
0	10	1	20	2	68	3	52	4	70	5	97	6	78	7	77	8	47	9	43
0	51	1	69	2	21	3	52	4	83	5	75	6	62	7	3	8	2	9	85
0	24	1	80	2	34	3	39	4	89	5	62	6	94	7	46	8	23	9	96
0	23	1	99	2	91	3	65	4	26	5	36	6	82	7	70	8	51	9	66
0	15	1	5	2	63	3	95	4	20	5	33	6	63	7	66	8	59	9	13
0	6	1	59	2	93	3	12	4	26	5	29	6	85	7	30	8	63	9	9
0	4	1	33	2	54	3	51	4	21	5	51	6	78	7	56	8	26	9	47
0	93	1	92	2	51	3	36	4	70	5	19	6	18	7	38	8	19	9	56
0	98	1	29	2	86	3	11	4	91	5	63	6	6	7	80	8	39	9	97
0	50	1	52	2	7	3	43	4	63	5	82	6	51	7	13	8	74	9	69
0	55	1	8	2	40	3	12	4	20	5	14	6	9	7	58	8	41	9	7
0	12	1	48	2	12	3	7	4	10	5	75	6	46	7	43	8	59	9	58
0	45	1	97	2	17	3	29	4	97	5	41	6	85	7	8	8	72	9	88
0	68	1	5	2	63	3	50	4	2	5	91	6	88	7	75	8	91	9	78
0	54	1	47	2	40	3	33	4	85	5	3	6	41	7	1	8	33	9	88
0	37	1	8	2	53	3	17	4	24	5	57	6	90	7	12	8	15	9	78
0	28	1	1	2	85	3	52	4	38	5	7	6	84	7	61	8	6	9	19
0	86	1	71	2	52	3	81	4	4	5	97	6	58	7	83	8	43	9	94
0	1	1	85	2	75	3	84	4	52	5	60	6	52	7	47	8	27	9	45
0	1	1	77	2	60	3	14	4	50	5	54	6	62	7	87	8	94	9	78
0	19	1	79	2	95	3	14	4	2	5	65	6	56	7	72	8	14	9	26
0	98	1	7	2	68	3	21	4	77	5	43	6	26	7	2	8	99	9	78
0	55	1	37	2	35	3	60	4	19	5	10	6	11	7	38	8	31	9	50
LBCmax: 1331
RELDUE
-1	495	4	4
-1	587	2	9
-1	637	5	9
-1	572	7	3
-1	601	7	6
-1	455	3	1
-1	638	3	9
-1	562	2	6
-1	621	4	9
-1	630	1	5
-1	410	7	3
-1	612	3	9
-1	488	7	3
-1	402	5	5
-1	521	9	6
-1	647	6	2
-1	423	9	5
-1	504	1	4
-1	494	9	3
-1	418	2	9
-1	474	1	9
-1	560	5	8
-1	632	8	4
-1	443	2	6
-1	459	3	2
-1	615	6	1
-1	518	3	3
-1	491	2	2
-1	653	1	3
-1	644	3	2
-1	544	5	3
-1	446	3	2
-1	507	9	2
-1	568	2	7
-1	637	8	7
-1	474	7	2
-1	446	7	1
-1	406	4	8
-1	517	7	4
-1	549	2	4
-1	540	2	8
-1	571	2	8
-1	446	9	6
-1	434	9	6
-1	595	4	9
-1	601	4	7
-1	408	9	1
-1	487	5	7
-1	438	7	4
-1	466	9	6
-1	400	2	4
-1	590	8	6
-1	405	4	5
-1	462	3	3
-1	456	9	4
-1	600	4	6
-1	620	1	9
-1	593	1	7
-1	511	2	4
-1	651	2	3
-1	603	3	6
-1	546	4	8
-1	574	4	1
-1	643	2	7
-1	484	5	7
-1	629	1	4
-1	503	5	5
-1	585	2	7
-1	431	9	5
-1	445	5	5
-1	600	4	6
-1	416	7	1
-1	652	6	7
-1	610	6	1
-1	543	9	8
-1	569	6	3
-1	513	2	6
-1	596	4	6
-1	513	1	9
-1	524	3	3
-1	606	4	5
-1	429	7	3
-1	451	3	9
-1	585	1	5
-1	642	7	3
-1	620	7	7
-1	440	9	7
-1	443	9	6
-1	511	8	4
-1	435	3	6
-1	519	4	1
-1	519	8	7
-1	560	2	8
-1	532	3	9
-1	612	2	5
-1	660	7	1
-1	662	3	2
-1	469	2	8
-1	616	9	5
-1	632	7	6
DDW
426	564
569	605
586	688
492	652
583	619
373	537
593	683
511	613
534	708
529	731
344	476
520	704
425	551
346	458
427	615
608	686
360	486
499	509
479	509
380	456
403	545
538	582
588	676
425	461
404	514
535	695
477	559
408	574
568	738
631	657
468	620
410	482
446	568
488	648
516	758
441	507
379	513
394	418
455	579
522	576
486	594
468	674
424	468
399	469
500	690
481	721
371	445
424	550
416	460
382	550
388	412
478	702
373	437
434	490
369	543
540	660
521	719
569	617
501	521
579	723
543	663
486	606
482	666
566	720
469	499
579	679
488	518
468	702
362	500
392	498
534	666
362	470
587	717
500	720
434	652
467	671
410	616
477	715
467	559
456	592
582	630
360	498
392	510
491	679
514	770
527	713
436	444
416	470
429	593
396	474
462	576
457	581
554	566
527	537
520	704
528	792
649	675
403	535
579	653
581	683
