HFSDDW
50	15	5
0	80	1	87	2	63	3	65	4	34
0	32	1	2	2	80	3	81	4	73
0	48	1	92	2	84	3	99	4	7
0	56	1	85	2	28	3	48	4	79
0	60	1	63	2	74	3	83	4	80
0	28	1	75	2	34	3	59	4	3
0	15	1	10	2	70	3	73	4	5
0	62	1	35	2	97	3	54	4	11
0	78	1	80	2	46	3	72	4	51
0	94	1	12	2	1	3	59	4	49
0	6	1	21	2	63	3	4	4	74
0	17	1	13	2	79	3	85	4	7
0	56	1	67	2	22	3	78	4	58
0	39	1	22	2	12	3	94	4	45
0	22	1	88	2	74	3	38	4	1
0	80	1	18	2	2	3	32	4	85
0	16	1	75	2	75	3	11	4	96
0	94	1	46	2	66	3	99	4	87
0	49	1	55	2	12	3	48	4	54
0	12	1	58	2	67	3	15	4	13
0	72	1	1	2	6	3	15	4	27
0	18	1	47	2	26	3	3	4	94
0	99	1	11	2	48	3	99	4	90
0	81	1	92	2	11	3	81	4	64
0	92	1	56	2	12	3	8	4	95
0	66	1	76	2	26	3	83	4	89
0	22	1	50	2	87	3	20	4	14
0	15	1	69	2	61	3	83	4	79
0	48	1	21	2	64	3	6	4	87
0	38	1	8	2	13	3	57	4	73
0	19	1	47	2	86	3	51	4	20
0	17	1	88	2	98	3	19	4	61
0	42	1	21	2	42	3	13	4	72
0	49	1	24	2	28	3	86	4	75
0	12	1	31	2	28	3	3	4	17
0	72	1	91	2	7	3	20	4	58
0	59	1	64	2	68	3	11	4	70
0	74	1	64	2	37	3	99	4	96
0	26	1	71	2	43	3	23	4	38
0	27	1	78	2	51	3	33	4	39
0	15	1	79	2	26	3	82	4	61
0	87	1	20	2	83	3	34	4	48
0	25	1	82	2	79	3	61	4	2
0	77	1	53	2	31	3	42	4	97
0	85	1	86	2	29	3	89	4	49
0	41	1	88	2	6	3	65	4	89
0	93	1	41	2	73	3	81	4	43
0	79	1	38	2	86	3	50	4	82
0	55	1	80	2	3	3	51	4	72
0	44	1	91	2	81	3	21	4	60
LBCmax: 1017
RELDUE
-1	554	4	9
-1	390	6	9
-1	154	2	1
-1	317	6	5
-1	426	9	5
-1	273	4	7
-1	408	2	3
-1	321	7	9
-1	303	3	2
-1	223	3	1
-1	707	5	7
-1	190	7	1
-1	213	9	4
-1	375	2	5
-1	434	7	1
-1	612	4	3
-1	154	8	3
-1	702	7	6
-1	211	4	8
-1	236	8	1
-1	342	8	8
-1	507	5	8
-1	598	7	6
-1	466	8	3
-1	364	6	9
-1	131	1	5
-1	615	3	8
-1	578	4	6
-1	210	3	6
-1	132	1	8
-1	403	9	2
-1	145	7	9
-1	615	1	2
-1	134	9	8
-1	196	6	2
-1	385	5	5
-1	300	3	2
-1	336	3	7
-1	272	3	9
-1	192	3	4
-1	282	5	8
-1	115	9	8
-1	427	9	9
-1	285	9	9
-1	612	9	1
-1	347	3	8
-1	482	8	1
-1	455	2	6
-1	692	1	6
-1	642	7	5
DDW
476	632
312	468
132	176
285	349
388	464
238	308
388	428
315	327
264	342
192	254
643	771
177	203
200	226
319	431
404	464
600	624
146	162
576	828
169	253
229	243
325	359
406	608
478	718
415	517
302	426
113	149
529	701
543	613
206	214
115	149
355	451
125	165
590	640
113	155
169	223
339	431
285	315
302	370
248	296
180	204
240	324
93	137
397	457
271	299
532	692
344	350
429	535
446	464
588	796
629	655
