HFSDDW
50	15	5
0	34	1	63	2	11	3	71	4	36
0	7	1	8	2	53	3	34	4	31
0	70	1	68	2	75	3	42	4	47
0	36	1	19	2	38	3	99	4	90
0	30	1	20	2	12	3	62	4	8
0	81	1	84	2	62	3	6	4	22
0	4	1	33	2	6	3	8	4	32
0	36	1	56	2	15	3	39	4	3
0	26	1	46	2	49	3	31	4	61
0	33	1	86	2	28	3	81	4	62
0	9	1	94	2	93	3	54	4	90
0	14	1	51	2	48	3	64	4	55
0	23	1	46	2	48	3	13	4	27
0	37	1	63	2	67	3	10	4	11
0	79	1	5	2	98	3	96	4	65
0	84	1	70	2	80	3	1	4	74
0	95	1	57	2	80	3	43	4	14
0	10	1	40	2	52	3	17	4	18
0	84	1	9	2	50	3	84	4	80
0	80	1	98	2	37	3	4	4	25
0	70	1	19	2	18	3	71	4	82
0	5	1	95	2	96	3	89	4	7
0	43	1	71	2	47	3	90	4	59
0	65	1	65	2	5	3	99	4	18
0	96	1	12	2	51	3	92	4	26
0	71	1	54	2	14	3	17	4	85
0	85	1	34	2	76	3	76	4	5
0	77	1	40	2	10	3	60	4	9
0	14	1	44	2	63	3	11	4	74
0	14	1	61	2	60	3	26	4	15
0	15	1	93	2	38	3	86	4	28
0	58	1	68	2	26	3	45	4	12
0	50	1	81	2	79	3	5	4	22
0	10	1	94	2	71	3	86	4	81
0	26	1	56	2	45	3	90	4	4
0	53	1	49	2	40	3	18	4	12
0	11	1	94	2	88	3	3	4	70
0	91	1	95	2	90	3	48	4	46
0	10	1	15	2	64	3	49	4	59
0	33	1	64	2	58	3	88	4	64
0	20	1	89	2	73	3	45	4	89
0	58	1	49	2	48	3	82	4	75
0	10	1	28	2	8	3	33	4	1
0	55	1	93	2	77	3	34	4	30
0	14	1	4	2	23	3	40	4	71
0	12	1	91	2	96	3	31	4	71
0	88	1	90	2	51	3	53	4	92
0	21	1	21	2	44	3	13	4	13
0	43	1	48	2	9	3	72	4	36
0	82	1	7	2	32	3	48	4	4
LBCmax: 969
RELDUE
-1	560	1	5
-1	653	9	7
-1	532	7	9
-1	599	3	1
-1	582	7	8
-1	515	2	2
-1	613	3	8
-1	549	7	1
-1	627	1	9
-1	635	8	8
-1	613	5	8
-1	586	5	6
-1	516	3	5
-1	505	8	3
-1	654	7	9
-1	522	4	9
-1	632	6	8
-1	590	8	5
-1	563	7	8
-1	639	6	4
-1	551	8	6
-1	580	2	2
-1	609	5	4
-1	525	6	8
-1	654	6	4
-1	612	8	4
-1	669	2	9
-1	583	6	3
-1	491	9	3
-1	656	4	2
-1	493	1	9
-1	601	3	7
-1	578	5	3
-1	537	5	4
-1	546	1	2
-1	486	4	3
-1	611	3	4
-1	664	1	9
-1	489	6	4
-1	632	1	8
-1	590	9	9
-1	654	7	4
-1	620	2	9
-1	552	8	7
-1	572	3	6
-1	659	5	4
-1	544	4	4
-1	674	3	8
-1	649	4	5
-1	516	7	3
DDW
510	610
640	666
484	580
569	629
576	588
479	551
601	625
500	598
564	690
591	679
576	650
545	627
506	526
475	535
628	680
512	532
613	651
531	649
524	602
601	677
523	579
528	632
597	621
499	551
608	700
551	673
609	729
525	641
486	496
636	676
463	523
589	613
538	618
494	580
491	601
447	525
599	623
644	684
469	509
594	670
537	643
589	719
570	670
519	585
515	629
600	718
528	560
613	735
643	655
506	526
