HFSDDW
50	30	10
0	8	1	18	2	73	3	88	4	17	5	88	6	22	7	71	8	43	9	90
0	71	1	81	2	25	3	48	4	97	5	23	6	17	7	78	8	72	9	64
0	61	1	90	2	5	3	62	4	97	5	89	6	89	7	68	8	77	9	28
0	15	1	66	2	36	3	57	4	65	5	31	6	64	7	82	8	5	9	30
0	77	1	30	2	1	3	94	4	24	5	78	6	13	7	11	8	37	9	37
0	79	1	23	2	91	3	29	4	65	5	17	6	14	7	12	8	91	9	27
0	98	1	53	2	94	3	16	4	76	5	6	6	46	7	68	8	83	9	66
0	59	1	34	2	74	3	43	4	86	5	31	6	89	7	10	8	39	9	20
0	76	1	79	2	31	3	41	4	49	5	92	6	75	7	8	8	92	9	48
0	18	1	53	2	91	3	77	4	31	5	24	6	36	7	85	8	19	9	18
0	33	1	45	2	28	3	70	4	78	5	46	6	48	7	48	8	42	9	34
0	27	1	4	2	73	3	71	4	51	5	20	6	22	7	54	8	66	9	83
0	31	1	38	2	75	3	35	4	49	5	6	6	42	7	97	8	13	9	63
0	95	1	4	2	91	3	21	4	87	5	32	6	51	7	60	8	63	9	4
0	45	1	27	2	65	3	58	4	21	5	14	6	80	7	21	8	27	9	12
0	3	1	82	2	20	3	35	4	87	5	94	6	69	7	92	8	22	9	72
0	4	1	50	2	35	3	79	4	39	5	24	6	12	7	52	8	84	9	19
0	68	1	61	2	91	3	63	4	39	5	4	6	72	7	18	8	14	9	36
0	26	1	22	2	71	3	2	4	60	5	13	6	84	7	57	8	34	9	92
0	63	1	59	2	39	3	90	4	99	5	94	6	91	7	86	8	20	9	97
0	2	1	28	2	37	3	8	4	43	5	41	6	91	7	56	8	96	9	83
0	23	1	52	2	79	3	86	4	46	5	81	6	79	7	34	8	19	9	26
0	39	1	55	2	19	3	91	4	56	5	10	6	23	7	1	8	63	9	44
0	12	1	86	2	97	3	16	4	34	5	97	6	85	7	63	8	58	9	20
0	22	1	28	2	61	3	50	4	70	5	11	6	79	7	53	8	45	9	18
0	16	1	58	2	67	3	93	4	59	5	47	6	10	7	45	8	52	9	34
0	18	1	90	2	93	3	52	4	72	5	36	6	54	7	63	8	52	9	48
0	96	1	16	2	75	3	98	4	4	5	12	6	94	7	69	8	21	9	45
0	30	1	69	2	56	3	45	4	28	5	54	6	19	7	5	8	57	9	87
0	88	1	40	2	12	3	25	4	2	5	32	6	35	7	9	8	77	9	35
0	57	1	17	2	1	3	96	4	22	5	1	6	82	7	68	8	89	9	47
0	53	1	41	2	25	3	7	4	4	5	49	6	35	7	48	8	24	9	19
0	18	1	50	2	6	3	65	4	60	5	57	6	4	7	51	8	97	9	72
0	76	1	85	2	91	3	86	4	88	5	14	6	68	7	59	8	24	9	28
0	71	1	50	2	15	3	10	4	35	5	48	6	15	7	6	8	22	9	53
0	96	1	86	2	84	3	59	4	17	5	7	6	11	7	36	8	37	9	65
0	96	1	32	2	71	3	18	4	71	5	67	6	49	7	39	8	18	9	89
0	80	1	75	2	25	3	95	4	47	5	68	6	35	7	96	8	30	9	12
0	42	1	98	2	30	3	44	4	75	5	90	6	2	7	32	8	69	9	82
0	4	1	32	2	23	3	59	4	32	5	40	6	78	7	97	8	39	9	68
0	98	1	76	2	87	3	32	4	72	5	21	6	62	7	88	8	13	9	49
0	71	1	15	2	6	3	25	4	24	5	97	6	2	7	27	8	42	9	81
0	66	1	17	2	69	3	36	4	86	5	48	6	53	7	66	8	64	9	7
0	89	1	38	2	57	3	62	4	14	5	65	6	11	7	98	8	71	9	55
0	28	1	13	2	20	3	21	4	11	5	89	6	27	7	98	8	35	9	34
0	39	1	51	2	55	3	58	4	2	5	81	6	8	7	52	8	45	9	25
0	68	1	95	2	25	3	7	4	59	5	34	6	57	7	44	8	11	9	58
0	87	1	4	2	56	3	87	4	53	5	53	6	97	7	48	8	26	9	97
0	22	1	55	2	31	3	30	4	68	5	38	6	83	7	98	8	60	9	32
0	58	1	58	2	53	3	47	4	86	5	33	6	87	7	14	8	61	9	76
LBCmax: 1144
RELDUE
-1	561	7	9
-1	913	7	4
-1	942	3	7
-1	872	1	1
-1	664	7	2
-1	582	8	8
-1	1000	7	8
-1	809	8	1
-1	381	7	8
-1	676	8	6
-1	923	5	2
-1	748	2	1
-1	526	8	4
-1	667	6	7
-1	363	3	1
-1	432	9	4
-1	792	6	3
-1	995	5	7
-1	606	1	5
-1	488	3	9
-1	690	4	6
-1	743	7	6
-1	913	5	6
-1	888	5	1
-1	346	3	5
-1	541	3	5
-1	689	3	8
-1	402	3	5
-1	345	8	7
-1	482	6	9
-1	794	1	3
-1	919	7	7
-1	940	2	4
-1	678	3	4
-1	795	3	1
-1	609	9	3
-1	808	5	9
-1	711	3	8
-1	915	4	5
-1	570	6	3
-1	636	8	6
-1	447	4	8
-1	985	7	4
-1	425	2	8
-1	669	9	9
-1	1022	9	4
-1	561	8	3
-1	384	8	1
-1	646	8	1
-1	851	5	1
DDW
522	600
895	931
791	1093
837	907
591	737
576	588
800	1200
744	874
339	423
615	737
877	969
696	800
510	542
614	720
359	367
384	480
649	935
806	1184
485	727
410	566
656	724
684	802
831	995
826	950
332	360
481	601
627	751
382	422
338	352
463	501
786	802
855	983
931	949
610	746
652	938
505	713
671	945
675	747
851	979
484	656
579	693
371	523
916	1054
378	472
562	776
899	1145
533	589
346	422
607	685
791	911
