HFSDDW
200	15	5
0	98	1	1	2	15	3	28	4	5
0	33	1	35	2	73	3	67	4	52
0	96	1	74	2	17	3	73	4	18
0	53	1	7	2	24	3	70	4	46
0	88	1	99	2	81	3	17	4	24
0	93	1	31	2	87	3	69	4	4
0	77	1	61	2	77	3	5	4	59
0	17	1	19	2	51	3	45	4	69
0	39	1	95	2	62	3	72	4	21
0	35	1	60	2	95	3	79	4	42
0	21	1	72	2	42	3	19	4	55
0	98	1	20	2	98	3	4	4	12
0	3	1	47	2	4	3	64	4	75
0	36	1	97	2	12	3	14	4	1
0	35	1	55	2	79	3	2	4	8
0	93	1	38	2	10	3	95	4	89
0	34	1	36	2	9	3	28	4	82
0	5	1	20	2	59	3	49	4	60
0	97	1	20	2	48	3	34	4	66
0	91	1	91	2	98	3	96	4	85
0	38	1	48	2	81	3	78	4	7
0	66	1	93	2	41	3	12	4	62
0	61	1	11	2	3	3	15	4	77
0	66	1	39	2	75	3	81	4	71
0	17	1	38	2	62	3	54	4	4
0	15	1	8	2	46	3	35	4	16
0	2	1	40	2	13	3	11	4	52
0	85	1	55	2	30	3	21	4	17
0	11	1	79	2	48	3	87	4	99
0	86	1	18	2	33	3	56	4	99
0	52	1	16	2	17	3	25	4	69
0	99	1	86	2	28	3	74	4	92
0	58	1	48	2	6	3	95	4	60
0	22	1	97	2	92	3	63	4	92
0	12	1	9	2	54	3	64	4	60
0	38	1	89	2	75	3	54	4	17
0	97	1	74	2	89	3	35	4	64
0	85	1	23	2	87	3	42	4	52
0	99	1	28	2	56	3	29	4	58
0	63	1	73	2	53	3	27	4	78
0	89	1	26	2	70	3	63	4	88
0	43	1	62	2	53	3	65	4	32
0	11	1	11	2	73	3	57	4	95
0	84	1	58	2	71	3	31	4	75
0	98	1	11	2	51	3	11	4	92
0	84	1	53	2	26	3	6	4	96
0	65	1	37	2	48	3	76	4	28
0	72	1	4	2	27	3	47	4	21
0	24	1	70	2	23	3	11	4	42
0	88	1	54	2	98	3	34	4	74
0	6	1	2	2	22	3	52	4	79
0	78	1	75	2	59	3	70	4	4
0	89	1	36	2	47	3	68	4	66
0	73	1	62	2	96	3	30	4	24
0	80	1	32	2	25	3	11	4	51
0	29	1	87	2	41	3	69	4	5
0	31	1	55	2	92	3	32	4	91
0	63	1	16	2	96	3	97	4	49
0	97	1	44	2	56	3	43	4	32
0	87	1	24	2	54	3	44	4	68
0	27	1	57	2	69	3	11	4	94
0	74	1	76	2	12	3	1	4	51
0	91	1	34	2	90	3	66	4	73
0	34	1	44	2	16	3	77	4	4
0	58	1	65	2	99	3	80	4	26
0	36	1	76	2	82	3	79	4	64
0	5	1	34	2	96	3	2	4	78
0	73	1	86	2	81	3	37	4	17
0	86	1	4	2	96	3	46	4	58
0	63	1	54	2	89	3	69	4	97
0	44	1	9	2	77	3	40	4	10
0	61	1	58	2	88	3	84	4	59
0	98	1	94	2	32	3	37	4	46
0	57	1	38	2	89	3	88	4	1
0	48	1	62	2	78	3	60	4	17
0	54	1	69	2	53	3	22	4	63
0	81	1	86	2	13	3	81	4	20
0	96	1	56	2	57	3	91	4	17
0	15	1	98	2	97	3	77	4	19
0	92	1	72	2	60	3	1	4	1
0	26	1	65	2	1	3	69	4	50
0	81	1	30	2	18	3	24	4	56
0	92	1	5	2	67	3	21	4	78
0	12	1	82	2	51	3	17	4	50
0	2	1	80	2	98	3	71	4	85
0	50	1	65	2	2	3	41	4	25
0	82	1	9	2	53	3	21	4	38
0	17	1	86	2	43	3	32	4	39
0	66	1	39	2	33	3	36	4	25
0	10	1	31	2	76	3	99	4	7
0	11	1	22	2	44	3	51	4	99
0	45	1	66	2	29	3	83	4	1
0	16	1	29	2	76	3	99	4	73
0	83	1	52	2	46	3	82	4	61
0	26	1	39	2	19	3	77	4	83
0	62	1	48	2	63	3	47	4	76
0	19	1	88	2	2	3	35	4	15
0	61	1	65	2	3	3	22	4	93
0	50	1	57	2	60	3	32	4	24
0	38	1	63	2	34	3	62	4	41
0	57	1	85	2	94	3	39	4	81
0	71	1	3	2	67	3	67	4	37
0	96	1	4	2	82	3	8	4	82
0	27	1	28	2	42	3	84	4	12
0	19	1	50	2	24	3	88	4	12
0	68	1	79	2	87	3	53	4	46
0	99	1	14	2	1	3	6	4	19
0	33	1	94	2	63	3	53	4	43
0	59	1	97	2	35	3	85	4	96
0	46	1	75	2	52	3	50	4	96
0	11	1	22	2	49	3	50	4	23
0	8	1	62	2	6	3	27	4	13
0	92	1	16	2	14	3	22	4	37
0	83	1	4	2	76	3	89	4	49
0	33	1	64	2	88	3	42	4	53
0	21	1	16	2	39	3	92	4	65
0	93	1	27	2	37	3	57	4	36
0	78	1	64	2	50	3	83	4	12
0	70	1	89	2	36	3	41	4	51
0	43	1	84	2	13	3	48	4	14
0	43	1	99	2	63	3	1	4	64
0	46	1	33	2	8	3	97	4	2
0	91	1	24	2	14	3	62	4	20
0	65	1	78	2	56	3	86	4	58
0	19	1	53	2	92	3	78	4	79
0	43	1	29	2	47	3	90	4	11
0	37	1	3	2	90	3	78	4	23
0	93	1	63	2	37	3	92	4	90
0	45	1	57	2	53	3	82	4	20
0	47	1	76	2	74	3	21	4	85
0	64	1	28	2	27	3	89	4	94
0	90	1	7	2	85	3	22	4	21
0	17	1	85	2	17	3	86	4	65
0	88	1	34	2	35	3	40	4	26
0	2	1	42	2	64	3	96	4	13
0	62	1	99	2	11	3	58	4	32
0	67	1	55	2	27	3	6	4	46
0	9	1	76	2	1	3	83	4	32
0	87	1	78	2	16	3	72	4	73
0	59	1	40	2	66	3	17	4	31
0	14	1	42	2	35	3	94	4	83
0	23	1	64	2	30	3	76	4	33
0	90	1	95	2	27	3	89	4	54
0	62	1	59	2	12	3	41	4	56
0	13	1	33	2	51	3	8	4	39
0	24	1	26	2	91	3	23	4	54
0	22	1	33	2	94	3	28	4	19
0	26	1	21	2	32	3	22	4	23
0	44	1	46	2	24	3	51	4	42
0	91	1	51	2	26	3	18	4	11
0	1	1	29	2	26	3	60	4	19
0	80	1	90	2	27	3	56	4	60
0	97	1	72	2	7	3	23	4	11
0	57	1	2	2	99	3	71	4	29
0	42	1	28	2	89	3	19	4	13
0	66	1	9	2	99	3	65	4	47
0	72	1	99	2	74	3	13	4	53
0	93	1	8	2	34	3	10	4	38
0	35	1	93	2	76	3	62	4	26
0	71	1	39	2	1	3	41	4	85
0	90	1	52	2	55	3	89	4	69
0	72	1	40	2	8	3	48	4	52
0	72	1	90	2	62	3	9	4	87
0	97	1	98	2	94	3	69	4	17
0	49	1	68	2	89	3	34	4	93
0	49	1	52	2	27	3	92	4	41
0	27	1	8	2	59	3	80	4	57
0	20	1	45	2	84	3	43	4	81
0	54	1	1	2	85	3	58	4	66
0	44	1	31	2	67	3	74	4	29
0	73	1	45	2	31	3	25	4	36
0	22	1	62	2	22	3	95	4	21
0	21	1	13	2	15	3	8	4	25
0	64	1	32	2	81	3	51	4	68
0	52	1	15	2	52	3	88	4	63
0	48	1	83	2	32	3	68	4	50
0	18	1	84	2	53	3	64	4	68
0	82	1	76	2	35	3	45	4	35
0	57	1	24	2	88	3	23	4	60
0	42	1	86	2	77	3	33	4	2
0	12	1	50	2	17	3	7	4	76
0	58	1	92	2	43	3	61	4	87
0	39	1	31	2	54	3	46	4	3
0	36	1	59	2	50	3	40	4	42
0	87	1	97	2	37	3	16	4	11
0	29	1	26	2	29	3	28	4	21
0	62	1	6	2	99	3	66	4	38
0	68	1	68	2	47	3	87	4	10
0	89	1	34	2	73	3	57	4	95
0	27	1	70	2	43	3	20	4	25
0	82	1	36	2	38	3	90	4	15
0	15	1	14	2	1	3	95	4	48
0	33	1	64	2	15	3	41	4	25
0	34	1	31	2	88	3	9	4	35
0	67	1	13	2	63	3	31	4	52
0	53	1	25	2	79	3	21	4	83
0	58	1	82	2	9	3	4	4	38
0	27	1	68	2	9	3	51	4	24
0	54	1	68	2	51	3	40	4	76
0	26	1	20	2	32	3	32	4	62
LBCmax: 3639
RELDUE
-1	3859	3	2
-1	3349	6	4
-1	1621	9	8
-1	3468	6	6
-1	2441	4	4
-1	2912	1	2
-1	3014	8	1
-1	618	2	9
-1	1769	3	3
-1	2616	4	8
-1	3617	3	8
-1	1613	7	5
-1	3264	7	7
-1	812	6	4
-1	3619	5	1
-1	2184	3	7
-1	2360	2	5
-1	779	2	9
-1	445	8	9
-1	3954	1	3
-1	2758	6	4
-1	1191	9	7
-1	1712	6	2
-1	3451	2	7
-1	3292	6	9
-1	3975	8	2
-1	2604	4	9
-1	1206	4	4
-1	2319	4	2
-1	1315	7	3
-1	1591	3	2
-1	3732	1	4
-1	2067	2	4
-1	2488	1	4
-1	3544	8	3
-1	3149	1	3
-1	2118	2	1
-1	1224	2	9
-1	2047	9	9
-1	2852	8	5
-1	2318	5	9
-1	2585	8	6
-1	2902	2	1
-1	3603	3	2
-1	1604	1	8
-1	1093	5	7
-1	3590	3	7
-1	1770	1	4
-1	2193	4	5
-1	1335	6	3
-1	2957	1	8
-1	651	8	4
-1	1457	8	5
-1	1588	1	4
-1	3865	7	5
-1	3031	5	4
-1	2000	3	2
-1	2173	8	3
-1	539	3	4
-1	2470	2	1
-1	671	1	9
-1	2172	3	1
-1	2302	7	4
-1	818	1	5
-1	1389	1	7
-1	3888	5	4
-1	3550	4	6
-1	1139	5	7
-1	1271	1	5
-1	834	7	6
-1	430	1	9
-1	1499	4	6
-1	2735	3	1
-1	1597	4	2
-1	1999	9	7
-1	537	1	9
-1	2293	3	5
-1	2112	3	2
-1	2211	5	7
-1	2562	6	5
-1	748	5	5
-1	1197	3	9
-1	3017	9	2
-1	1347	1	7
-1	2362	7	2
-1	1303	3	8
-1	2639	7	6
-1	842	1	1
-1	2627	5	7
-1	877	8	7
-1	1512	9	8
-1	3949	5	3
-1	1048	6	6
-1	3581	1	8
-1	2544	4	3
-1	510	2	4
-1	646	9	3
-1	2448	1	5
-1	2578	6	4
-1	1719	6	2
-1	1546	1	7
-1	2815	5	8
-1	863	5	3
-1	1723	2	7
-1	1269	5	2
-1	1821	6	7
-1	1919	9	9
-1	3863	5	7
-1	3593	1	9
-1	3692	4	4
-1	1102	1	3
-1	3891	4	4
-1	3965	9	9
-1	1980	9	5
-1	2085	6	6
-1	3477	5	2
-1	3158	2	7
-1	1319	6	3
-1	2459	4	7
-1	449	8	4
-1	1612	4	4
-1	3072	4	2
-1	2516	7	4
-1	758	5	9
-1	3325	7	4
-1	484	5	6
-1	815	1	2
-1	3158	1	8
-1	3057	4	2
-1	1852	8	6
-1	3894	3	7
-1	3848	2	8
-1	3538	7	4
-1	855	6	2
-1	1380	3	3
-1	1937	4	3
-1	698	2	9
-1	1658	1	6
-1	442	9	2
-1	904	6	5
-1	3388	4	9
-1	2780	8	2
-1	1253	2	8
-1	2939	1	1
-1	3779	6	8
-1	1624	8	3
-1	3987	8	3
-1	3071	2	7
-1	1859	3	5
-1	3070	5	3
-1	1355	8	3
-1	3331	7	5
-1	3992	1	2
-1	2493	5	2
-1	471	1	4
-1	2478	9	3
-1	662	5	4
-1	468	2	3
-1	2401	9	9
-1	1148	7	8
-1	1370	4	5
-1	2764	5	5
-1	1169	4	1
-1	2104	5	8
-1	3801	7	4
-1	1257	4	4
-1	717	6	4
-1	3474	7	2
-1	964	3	3
-1	511	2	1
-1	3142	3	9
-1	1864	9	3
-1	1241	8	5
-1	1919	7	5
-1	1065	2	9
-1	2836	7	3
-1	2183	7	7
-1	3580	9	4
-1	983	8	2
-1	2064	1	9
-1	501	6	7
-1	1747	4	7
-1	1662	1	5
-1	3990	7	2
-1	860	6	9
-1	926	9	6
-1	3859	7	7
-1	1409	5	4
-1	748	5	3
-1	2905	6	9
-1	1639	4	1
-1	594	6	8
-1	3260	6	1
-1	3297	6	9
-1	3538	4	4
-1	987	4	1
-1	1974	3	3
-1	3152	4	6
-1	3141	6	3
-1	2885	2	4
DDW
3512	4206
3148	3550
1475	1767
3399	3537
2197	2685
2854	2970
2833	3195
612	624
1734	1804
2459	2773
3328	3906
1532	1694
3068	3460
796	828
3402	3836
2053	2315
2336	2384
732	826
436	454
3559	4349
2510	3006
1096	1286
1575	1849
3347	3555
3062	3522
3617	4333
2526	2682
1134	1278
2249	2389
1184	1446
1448	1734
3620	3844
2046	2088
2413	2563
3509	3579
2897	3401
2054	2182
1163	1285
1863	2231
2738	2966
2202	2434
2430	2740
2670	3134
3279	3927
1508	1700
995	1191
3375	3805
1735	1805
2018	2368
1202	1468
2780	3134
644	658
1428	1486
1540	1636
3633	4097
2970	3092
1820	2180
2043	2303
507	571
2445	2495
604	738
2150	2194
2095	2509
793	843
1278	1500
3694	4082
3372	3728
1093	1185
1258	1284
767	901
417	443
1394	1604
2544	2926
1469	1725
1899	2099
516	558
2064	2522
1901	2323
2056	2366
2357	2767
718	778
1185	1209
2745	3289
1293	1401
2268	2456
1199	1407
2586	2692
766	918
2417	2837
789	965
1361	1663
3633	4265
954	1142
3259	3903
2417	2671
484	536
594	698
2301	2595
2552	2604
1702	1736
1469	1623
2731	2899
854	872
1551	1895
1180	1358
1657	1985
1842	1996
3670	4056
3306	3880
3581	3803
1080	1124
3502	4280
3608	4322
1822	2138
1918	2252
3164	3790
3063	3253
1240	1398
2238	2680
404	494
1548	1676
2888	3256
2365	2667
743	773
3026	3624
455	513
750	880
2874	3442
2965	3149
1833	1871
3660	4128
3656	4040
3220	3856
804	906
1325	1435
1918	1956
628	768
1509	1807
411	473
859	949
3219	3557
2558	3002
1228	1278
2763	3115
3477	4081
1608	1640
3628	4346
3040	3102
1840	1878
2855	3285
1314	1396
3231	3431
3713	4271
2468	2518
433	509
2255	2701
616	708
421	515
2353	2449
1125	1171
1356	1384
2598	2930
1146	1192
1936	2272
3535	4067
1156	1358
710	724
3370	3578
916	1012
470	552
2859	3425
1789	1939
1129	1353
1842	1996
1001	1129
2666	3006
2074	2292
3544	3616
934	1032
1899	2229
461	541
1607	1887
1512	1812
3711	4269
783	937
889	963
3550	4168
1282	1536
681	815
2760	3050
1573	1705
588	600
2999	3521
3132	3462
3361	3715
888	1086
1836	2112
3026	3278
2827	3455
2856	2914
