HFSDDW
100	15	5
0	86	1	85	2	43	3	9	4	70
0	30	1	15	2	54	3	9	4	68
0	40	1	17	2	22	3	66	4	57
0	81	1	76	2	12	3	20	4	35
0	61	1	78	2	21	3	50	4	23
0	33	1	68	2	9	3	84	4	28
0	81	1	40	2	74	3	54	4	82
0	20	1	58	2	39	3	44	4	31
0	85	1	96	2	78	3	64	4	47
0	3	1	78	2	26	3	2	4	99
0	90	1	38	2	92	3	25	4	12
0	9	1	64	2	93	3	85	4	37
0	61	1	6	2	70	3	80	4	86
0	99	1	43	2	68	3	84	4	38
0	23	1	37	2	67	3	88	4	50
0	64	1	1	2	57	3	3	4	21
0	54	1	42	2	7	3	84	4	38
0	44	1	48	2	49	3	43	4	73
0	55	1	64	2	54	3	7	4	69
0	80	1	27	2	97	3	77	4	47
0	59	1	11	2	42	3	64	4	76
0	53	1	70	2	5	3	75	4	47
0	8	1	7	2	90	3	64	4	83
0	20	1	98	2	86	3	43	4	43
0	52	1	93	2	25	3	11	4	83
0	58	1	83	2	61	3	19	4	70
0	38	1	3	2	80	3	56	4	61
0	44	1	1	2	43	3	8	4	85
0	74	1	44	2	74	3	95	4	66
0	48	1	74	2	89	3	24	4	50
0	81	1	41	2	55	3	35	4	94
0	66	1	85	2	31	3	81	4	19
0	69	1	10	2	85	3	6	4	10
0	5	1	27	2	34	3	3	4	39
0	19	1	56	2	78	3	58	4	68
0	9	1	19	2	30	3	45	4	35
0	84	1	94	2	37	3	68	4	88
0	96	1	48	2	46	3	61	4	95
0	58	1	70	2	62	3	89	4	16
0	65	1	58	2	69	3	85	4	61
0	22	1	40	2	86	3	84	4	32
0	26	1	62	2	96	3	66	4	86
0	47	1	56	2	85	3	46	4	34
0	75	1	72	2	18	3	17	4	14
0	57	1	81	2	73	3	8	4	81
0	49	1	93	2	88	3	42	4	4
0	50	1	50	2	44	3	84	4	14
0	45	1	8	2	52	3	37	4	62
0	34	1	51	2	79	3	75	4	48
0	2	1	84	2	16	3	56	4	41
0	92	1	41	2	52	3	72	4	5
0	40	1	67	2	79	3	4	4	83
0	32	1	74	2	55	3	63	4	36
0	96	1	12	2	2	3	33	4	89
0	68	1	21	2	80	3	54	4	79
0	6	1	2	2	97	3	59	4	80
0	64	1	78	2	33	3	2	4	11
0	10	1	98	2	72	3	80	4	73
0	78	1	29	2	49	3	53	4	31
0	60	1	96	2	16	3	40	4	51
0	89	1	83	2	83	3	66	4	72
0	72	1	60	2	97	3	93	4	98
0	38	1	69	2	20	3	24	4	19
0	54	1	41	2	53	3	53	4	26
0	98	1	40	2	21	3	59	4	12
0	40	1	71	2	27	3	24	4	19
0	9	1	86	2	58	3	9	4	90
0	81	1	95	2	67	3	29	4	39
0	49	1	1	2	79	3	81	4	35
0	9	1	9	2	26	3	35	4	77
0	20	1	43	2	63	3	14	4	53
0	50	1	62	2	24	3	55	4	33
0	1	1	33	2	73	3	74	4	90
0	52	1	12	2	12	3	33	4	37
0	58	1	74	2	24	3	15	4	77
0	97	1	60	2	40	3	25	4	3
0	31	1	46	2	92	3	47	4	98
0	65	1	23	2	44	3	55	4	41
0	20	1	72	2	12	3	95	4	38
0	17	1	27	2	5	3	91	4	82
0	96	1	97	2	92	3	98	4	19
0	46	1	19	2	49	3	37	4	55
0	89	1	23	2	98	3	52	4	3
0	54	1	41	2	27	3	75	4	25
0	29	1	68	2	56	3	92	4	17
0	86	1	62	2	29	3	76	4	60
0	70	1	56	2	48	3	42	4	7
0	33	1	54	2	94	3	29	4	53
0	47	1	74	2	8	3	1	4	51
0	97	1	73	2	59	3	93	4	84
0	75	1	1	2	30	3	67	4	54
0	29	1	42	2	99	3	81	4	33
0	83	1	90	2	72	3	76	4	84
0	34	1	74	2	57	3	46	4	70
0	99	1	47	2	98	3	23	4	78
0	55	1	61	2	55	3	41	4	20
0	13	1	3	2	35	3	92	4	85
0	70	1	27	2	80	3	88	4	78
0	91	1	55	2	13	3	95	4	69
0	56	1	2	2	31	3	17	4	18
LBCmax: 1836
RELDUE
-1	438	6	6
-1	360	8	5
-1	338	9	6
-1	443	5	1
-1	1109	6	3
-1	497	3	7
-1	206	9	7
-1	258	9	2
-1	1169	7	8
-1	1274	5	2
-1	928	5	1
-1	1137	2	9
-1	821	7	5
-1	863	7	1
-1	396	7	7
-1	1074	2	8
-1	795	4	8
-1	1069	2	8
-1	1186	9	7
-1	339	7	6
-1	263	8	8
-1	1218	8	9
-1	945	4	8
-1	924	5	9
-1	1049	7	5
-1	677	9	8
-1	558	8	3
-1	211	3	5
-1	772	4	8
-1	426	8	5
-1	769	8	5
-1	513	4	8
-1	613	1	5
-1	443	3	1
-1	1246	5	1
-1	1254	2	1
-1	1161	2	8
-1	312	3	6
-1	275	3	3
-1	809	6	8
-1	934	9	8
-1	399	3	2
-1	1188	8	4
-1	1165	1	1
-1	301	6	7
-1	235	4	1
-1	1254	8	3
-1	749	8	4
-1	1028	5	1
-1	1158	8	9
-1	187	5	5
-1	418	4	7
-1	625	4	9
-1	207	6	9
-1	301	9	6
-1	505	2	1
-1	700	3	9
-1	700	5	9
-1	679	2	2
-1	616	9	6
-1	1225	5	3
-1	1281	5	8
-1	771	6	1
-1	927	2	9
-1	688	9	9
-1	599	2	3
-1	707	4	6
-1	562	4	5
-1	902	4	5
-1	428	8	9
-1	1198	8	1
-1	667	1	9
-1	977	5	4
-1	560	7	9
-1	690	7	8
-1	1149	2	4
-1	214	1	3
-1	1065	5	3
-1	807	9	6
-1	998	1	3
-1	708	8	6
-1	1094	1	1
-1	468	5	8
-1	899	6	7
-1	422	6	9
-1	535	6	6
-1	1173	3	1
-1	589	7	4
-1	325	2	5
-1	924	3	3
-1	737	3	2
-1	645	3	1
-1	918	8	7
-1	945	3	2
-1	869	2	1
-1	939	6	8
-1	913	5	6
-1	444	2	3
-1	661	1	1
-1	987	5	6
DDW
377	499
349	371
311	365
368	518
1031	1187
447	547
200	212
206	310
1029	1309
1249	1299
891	965
1023	1251
772	870
725	1001
317	475
945	1203
731	859
855	1283
1127	1245
288	390
226	300
1084	1352
841	1049
822	1026
965	1133
575	779
536	580
181	241
625	919
383	469
707	831
503	523
607	619
385	501
1084	1408
1204	1304
964	1358
284	340
231	319
752	866
813	1055
379	419
1045	1331
1130	1200
247	355
228	242
1104	1404
644	854
905	1151
1031	1285
153	221
410	426
519	731
174	240
298	304
485	525
616	784
581	819
618	740
542	690
1139	1311
1166	1396
756	786
908	946
592	784
587	611
636	778
489	635
866	938
355	501
1006	1390
534	800
938	1016
454	666
676	704
1046	1252
171	257
980	1150
694	920
938	1058
680	736
985	1203
459	477
818	980
367	477
498	572
1103	1243
560	618
283	367
832	1016
649	825
639	651
734	1102
907	983
695	1043
892	986
876	950
400	488
595	727
829	1145
