HFSDDW
100	25	5
0	32	1	38	2	19	3	47	4	23
0	39	1	5	2	90	3	80	4	10
0	62	1	42	2	71	3	95	4	40
0	39	1	84	2	14	3	11	4	55
0	95	1	56	2	34	3	97	4	43
0	65	1	71	2	20	3	43	4	76
0	66	1	24	2	60	3	3	4	65
0	26	1	2	2	17	3	52	4	73
0	63	1	44	2	29	3	18	4	43
0	76	1	32	2	43	3	21	4	60
0	16	1	76	2	2	3	11	4	72
0	75	1	4	2	21	3	5	4	57
0	67	1	85	2	48	3	4	4	43
0	38	1	82	2	69	3	31	4	15
0	38	1	67	2	61	3	38	4	91
0	52	1	28	2	17	3	54	4	67
0	34	1	28	2	98	3	82	4	60
0	90	1	23	2	49	3	31	4	89
0	22	1	80	2	13	3	94	4	6
0	78	1	96	2	25	3	74	4	6
0	94	1	62	2	13	3	7	4	23
0	48	1	15	2	63	3	19	4	21
0	48	1	87	2	67	3	38	4	23
0	39	1	86	2	65	3	43	4	53
0	15	1	33	2	39	3	41	4	92
0	57	1	55	2	67	3	32	4	14
0	56	1	4	2	42	3	49	4	72
0	72	1	16	2	91	3	60	4	13
0	75	1	59	2	31	3	11	4	42
0	34	1	14	2	75	3	72	4	66
0	91	1	31	2	81	3	21	4	90
0	62	1	24	2	72	3	14	4	66
0	93	1	48	2	31	3	5	4	64
0	44	1	46	2	18	3	65	4	51
0	24	1	94	2	5	3	31	4	77
0	56	1	2	2	28	3	99	4	59
0	43	1	80	2	94	3	66	4	23
0	25	1	22	2	21	3	59	4	11
0	48	1	43	2	78	3	94	4	19
0	28	1	29	2	27	3	46	4	97
0	88	1	96	2	10	3	21	4	42
0	96	1	27	2	50	3	44	4	35
0	60	1	95	2	73	3	55	4	23
0	14	1	53	2	65	3	82	4	40
0	23	1	25	2	58	3	54	4	4
0	80	1	17	2	11	3	13	4	50
0	28	1	75	2	82	3	2	4	70
0	46	1	70	2	74	3	24	4	26
0	98	1	71	2	77	3	25	4	50
0	52	1	70	2	24	3	71	4	6
0	74	1	63	2	45	3	6	4	75
0	64	1	39	2	55	3	18	4	61
0	79	1	16	2	38	3	93	4	8
0	85	1	13	2	71	3	84	4	77
0	43	1	79	2	42	3	56	4	42
0	51	1	47	2	33	3	5	4	51
0	11	1	93	2	39	3	7	4	75
0	64	1	30	2	77	3	27	4	7
0	8	1	16	2	56	3	62	4	47
0	82	1	34	2	83	3	18	4	65
0	39	1	99	2	39	3	94	4	63
0	95	1	22	2	88	3	64	4	24
0	17	1	6	2	51	3	67	4	51
0	86	1	77	2	31	3	19	4	43
0	55	1	36	2	45	3	78	4	69
0	27	1	23	2	79	3	10	4	59
0	18	1	63	2	16	3	40	4	12
0	11	1	55	2	45	3	44	4	80
0	43	1	42	2	13	3	3	4	89
0	3	1	64	2	89	3	11	4	61
0	6	1	3	2	65	3	75	4	10
0	3	1	54	2	61	3	25	4	36
0	72	1	42	2	79	3	5	4	7
0	53	1	89	2	12	3	55	4	40
0	32	1	33	2	86	3	39	4	99
0	14	1	23	2	42	3	88	4	67
0	62	1	34	2	68	3	49	4	54
0	15	1	98	2	41	3	31	4	9
0	56	1	93	2	20	3	9	4	8
0	2	1	62	2	9	3	96	4	36
0	13	1	53	2	34	3	70	4	29
0	73	1	17	2	26	3	75	4	95
0	80	1	13	2	73	3	58	4	73
0	38	1	73	2	31	3	50	4	91
0	55	1	49	2	81	3	46	4	84
0	38	1	14	2	77	3	31	4	98
0	52	1	15	2	45	3	52	4	55
0	10	1	99	2	98	3	20	4	81
0	98	1	72	2	65	3	35	4	29
0	44	1	21	2	61	3	36	4	70
0	28	1	31	2	58	3	5	4	81
0	63	1	72	2	88	3	86	4	91
0	59	1	39	2	95	3	76	4	43
0	66	1	67	2	21	3	4	4	64
0	39	1	75	2	12	3	69	4	93
0	82	1	84	2	46	3	18	4	40
0	18	1	52	2	42	3	61	4	70
0	21	1	56	2	40	3	71	4	91
0	37	1	12	2	12	3	28	4	22
0	59	1	77	2	88	3	91	4	63
LBCmax: 1124
RELDUE
-1	752	4	3
-1	1010	8	9
-1	540	1	4
-1	699	4	9
-1	237	5	1
-1	484	5	7
-1	111	5	3
-1	898	2	9
-1	17	1	1
-1	1001	1	3
-1	776	7	8
-1	185	2	7
-1	680	8	6
-1	413	1	8
-1	716	6	6
-1	0	2	5
-1	976	9	7
-1	275	8	6
-1	0	2	3
-1	141	3	4
-1	0	3	2
-1	190	4	9
-1	448	6	9
-1	17	9	9
-1	187	1	4
-1	192	6	2
-1	601	5	5
-1	824	6	5
-1	415	1	1
-1	271	1	4
-1	0	4	6
-1	959	3	9
-1	495	8	1
-1	500	7	8
-1	597	5	6
-1	87	7	7
-1	945	8	7
-1	674	1	5
-1	225	5	3
-1	84	1	9
-1	0	6	1
-1	628	7	3
-1	211	1	1
-1	696	1	5
-1	32	2	3
-1	6	5	1
-1	351	2	9
-1	618	1	6
-1	501	8	5
-1	47	1	6
-1	592	3	2
-1	366	4	5
-1	816	6	8
-1	667	4	7
-1	485	4	1
-1	449	9	8
-1	449	1	2
-1	410	7	3
-1	399	9	1
-1	0	9	8
-1	896	1	2
-1	299	7	3
-1	371	1	7
-1	759	6	8
-1	941	7	4
-1	829	6	1
-1	703	2	5
-1	67	7	5
-1	828	6	2
-1	516	6	3
-1	41	7	3
-1	190	1	1
-1	0	3	6
-1	886	1	1
-1	131	3	7
-1	383	7	7
-1	992	6	3
-1	764	5	1
-1	997	5	2
-1	68	4	9
-1	854	2	5
-1	995	1	1
-1	211	4	9
-1	255	7	5
-1	691	5	3
-1	594	6	7
-1	31	5	7
-1	840	1	7
-1	0	1	6
-1	35	9	5
-1	651	6	6
-1	422	5	9
-1	162	6	8
-1	180	5	9
-1	200	9	6
-1	611	9	4
-1	145	7	7
-1	464	1	2
-1	768	2	1
-1	215	6	4
DDW
609	895
889	1131
481	599
685	713
230	244
474	494
103	119
736	1060
16	18
841	1161
629	923
150	220
639	721
330	496
666	766
0	0
966	986
264	286
0	0
125	157
0	0
160	220
399	497
14	20
174	200
184	200
487	715
692	956
357	473
225	317
0	0
767	1151
396	594
435	565
531	663
85	89
926	964
613	735
189	261
74	94
0	0
553	703
179	243
661	731
27	37
5	7
337	365
519	717
461	541
43	51
568	616
359	373
694	938
647	687
398	572
436	462
445	453
353	467
339	459
0	0
860	932
266	332
352	390
698	820
894	988
671	987
562	844
58	76
745	911
490	542
36	46
167	213
0	0
744	1028
106	156
314	452
972	1012
718	810
967	1027
63	73
845	863
965	1025
192	230
240	270
594	788
529	659
29	33
697	983
0	0
32	38
644	658
388	456
139	185
149	211
182	218
599	623
135	155
427	501
760	776
181	249
