HFSDDW
50	25	5
0	96	1	96	2	90	3	55	4	1
0	28	1	79	2	12	3	39	4	30
0	27	1	32	2	42	3	28	4	49
0	43	1	32	2	64	3	20	4	34
0	19	1	6	2	67	3	35	4	15
0	77	1	72	2	23	3	3	4	64
0	21	1	85	2	46	3	51	4	13
0	45	1	40	2	43	3	87	4	6
0	94	1	54	2	83	3	19	4	17
0	23	1	18	2	34	3	44	4	69
0	59	1	75	2	90	3	38	4	77
0	90	1	30	2	56	3	40	4	24
0	56	1	57	2	9	3	74	4	9
0	41	1	86	2	91	3	15	4	4
0	4	1	89	2	76	3	14	4	39
0	65	1	22	2	48	3	19	4	92
0	59	1	38	2	79	3	34	4	6
0	45	1	95	2	8	3	73	4	23
0	15	1	84	2	3	3	64	4	50
0	38	1	45	2	9	3	10	4	76
0	36	1	26	2	20	3	40	4	66
0	70	1	99	2	76	3	98	4	13
0	69	1	82	2	37	3	48	4	64
0	18	1	77	2	75	3	69	4	63
0	45	1	79	2	18	3	92	4	89
0	19	1	86	2	13	3	63	4	2
0	21	1	14	2	38	3	43	4	56
0	33	1	19	2	40	3	67	4	36
0	46	1	19	2	9	3	61	4	54
0	33	1	47	2	55	3	99	4	33
0	60	1	69	2	40	3	47	4	31
0	57	1	9	2	27	3	51	4	47
0	83	1	86	2	13	3	97	4	92
0	55	1	44	2	94	3	91	4	31
0	98	1	38	2	9	3	33	4	17
0	27	1	70	2	57	3	39	4	57
0	72	1	31	2	14	3	31	4	41
0	51	1	73	2	91	3	12	4	99
0	25	1	91	2	88	3	20	4	52
0	60	1	6	2	11	3	69	4	98
0	88	1	52	2	64	3	68	4	34
0	23	1	61	2	8	3	30	4	5
0	86	1	51	2	88	3	94	4	75
0	53	1	73	2	82	3	57	4	41
0	82	1	52	2	82	3	92	4	6
0	8	1	49	2	88	3	80	4	57
0	21	1	59	2	88	3	40	4	68
0	20	1	67	2	45	3	97	4	18
0	90	1	66	2	62	3	8	4	13
0	73	1	3	2	94	3	44	4	99
LBCmax: 629
RELDUE
-1	484	1	5
-1	84	7	8
-1	278	2	6
-1	111	4	2
-1	37	7	9
-1	168	5	9
-1	375	9	3
-1	390	2	2
-1	331	3	5
-1	103	1	8
-1	400	3	1
-1	394	3	9
-1	103	1	9
-1	393	5	2
-1	459	9	4
-1	109	7	1
-1	335	5	9
-1	241	2	5
-1	100	8	5
-1	288	7	2
-1	478	6	9
-1	114	8	3
-1	472	8	5
-1	182	1	5
-1	259	5	3
-1	38	8	9
-1	503	8	4
-1	407	6	1
-1	436	3	7
-1	140	8	2
-1	0	2	3
-1	278	2	4
-1	214	3	5
-1	451	5	9
-1	378	1	7
-1	552	4	7
-1	0	7	9
-1	317	3	3
-1	91	2	9
-1	134	1	5
-1	252	8	9
-1	535	6	7
-1	454	5	8
-1	382	2	1
-1	216	3	2
-1	46	2	2
-1	187	7	5
-1	501	9	4
-1	93	7	4
-1	474	1	4
DDW
469	499
83	85
253	303
93	129
30	44
161	175
360	390
312	468
321	341
96	110
328	472
366	422
90	116
365	421
427	491
105	113
295	375
214	268
80	120
262	314
445	511
106	122
406	538
147	217
231	287
36	40
498	508
383	431
353	519
113	167
0	0
234	322
171	257
383	519
344	412
453	651
0	0
260	374
76	106
126	142
219	285
514	556
363	545
378	386
203	229
38	54
168	206
456	546
90	96
393	555
