HFSDDW
100	30	10
0	3	1	5	2	89	3	74	4	85	5	11	6	27	7	95	8	64	9	67
0	91	1	30	2	53	3	50	4	80	5	52	6	28	7	89	8	81	9	62
0	57	1	51	2	13	3	80	4	73	5	77	6	8	7	71	8	91	9	48
0	82	1	49	2	73	3	40	4	34	5	55	6	34	7	67	8	63	9	43
0	4	1	76	2	44	3	58	4	35	5	74	6	96	7	20	8	96	9	50
0	32	1	40	2	36	3	27	4	4	5	51	6	91	7	9	8	2	9	8
0	3	1	55	2	5	3	17	4	84	5	42	6	56	7	13	8	16	9	25
0	18	1	60	2	27	3	39	4	58	5	81	6	7	7	55	8	46	9	98
0	81	1	87	2	75	3	41	4	16	5	43	6	14	7	47	8	37	9	82
0	63	1	25	2	66	3	56	4	40	5	48	6	72	7	28	8	74	9	92
0	18	1	84	2	4	3	71	4	32	5	72	6	14	7	97	8	68	9	23
0	45	1	37	2	63	3	4	4	27	5	16	6	80	7	63	8	1	9	41
0	29	1	10	2	75	3	34	4	62	5	92	6	94	7	70	8	98	9	11
0	9	1	78	2	80	3	54	4	80	5	96	6	83	7	4	8	9	9	44
0	30	1	16	2	78	3	15	4	38	5	27	6	62	7	63	8	29	9	25
0	68	1	9	2	28	3	33	4	63	5	9	6	10	7	70	8	10	9	39
0	78	1	43	2	99	3	58	4	14	5	66	6	56	7	10	8	23	9	31
0	32	1	76	2	54	3	56	4	12	5	14	6	32	7	61	8	95	9	35
0	31	1	31	2	42	3	74	4	42	5	1	6	51	7	48	8	90	9	72
0	87	1	14	2	94	3	70	4	66	5	86	6	17	7	21	8	1	9	71
0	70	1	52	2	40	3	98	4	92	5	91	6	55	7	71	8	21	9	50
0	77	1	48	2	74	3	74	4	8	5	47	6	2	7	25	8	16	9	14
0	16	1	8	2	19	3	51	4	43	5	19	6	82	7	84	8	90	9	26
0	96	1	11	2	60	3	25	4	65	5	79	6	91	7	43	8	81	9	51
0	46	1	79	2	28	3	41	4	94	5	39	6	39	7	20	8	62	9	19
0	85	1	91	2	5	3	87	4	56	5	62	6	34	7	88	8	55	9	74
0	10	1	70	2	81	3	94	4	53	5	66	6	87	7	50	8	10	9	29
0	55	1	58	2	43	3	65	4	67	5	36	6	80	7	78	8	56	9	4
0	79	1	62	2	23	3	71	4	41	5	5	6	7	7	72	8	69	9	3
0	45	1	4	2	87	3	8	4	42	5	75	6	98	7	33	8	87	9	29
0	51	1	89	2	11	3	33	4	64	5	27	6	48	7	40	8	21	9	20
0	82	1	56	2	32	3	51	4	94	5	47	6	48	7	10	8	54	9	48
0	60	1	16	2	81	3	7	4	84	5	52	6	70	7	36	8	23	9	91
0	38	1	47	2	90	3	28	4	53	5	90	6	51	7	90	8	8	9	14
0	57	1	66	2	52	3	49	4	21	5	89	6	71	7	37	8	14	9	94
0	28	1	88	2	78	3	39	4	69	5	36	6	9	7	5	8	48	9	12
0	56	1	13	2	17	3	29	4	81	5	35	6	65	7	5	8	98	9	4
0	96	1	58	2	3	3	40	4	91	5	93	6	63	7	32	8	85	9	94
0	81	1	34	2	23	3	29	4	64	5	50	6	68	7	51	8	58	9	17
0	82	1	46	2	42	3	96	4	58	5	44	6	50	7	24	8	67	9	86
0	24	1	66	2	38	3	10	4	97	5	70	6	85	7	39	8	48	9	76
0	73	1	76	2	20	3	54	4	30	5	23	6	89	7	87	8	64	9	32
0	66	1	15	2	47	3	82	4	22	5	50	6	16	7	7	8	82	9	48
0	43	1	39	2	64	3	98	4	70	5	15	6	96	7	14	8	31	9	93
0	64	1	30	2	4	3	82	4	43	5	6	6	27	7	87	8	66	9	36
0	54	1	62	2	59	3	35	4	20	5	10	6	20	7	55	8	87	9	48
0	54	1	79	2	56	3	99	4	33	5	34	6	13	7	21	8	83	9	15
0	26	1	76	2	56	3	70	4	68	5	36	6	12	7	64	8	39	9	17
0	24	1	29	2	41	3	47	4	93	5	81	6	80	7	29	8	79	9	61
0	95	1	41	2	26	3	83	4	40	5	84	6	74	7	4	8	49	9	10
0	93	1	6	2	5	3	51	4	10	5	78	6	6	7	88	8	67	9	84
0	97	1	55	2	17	3	71	4	24	5	26	6	38	7	9	8	7	9	52
0	54	1	83	2	42	3	22	4	20	5	85	6	50	7	73	8	31	9	83
0	62	1	9	2	16	3	30	4	24	5	18	6	25	7	89	8	38	9	16
0	75	1	91	2	62	3	94	4	64	5	40	6	24	7	55	8	59	9	15
0	47	1	66	2	96	3	97	4	56	5	10	6	64	7	82	8	32	9	24
0	28	1	33	2	58	3	83	4	23	5	89	6	40	7	86	8	48	9	7
0	1	1	49	2	71	3	91	4	76	5	62	6	22	7	47	8	58	9	79
0	61	1	95	2	14	3	17	4	37	5	96	6	12	7	18	8	74	9	14
0	53	1	42	2	58	3	14	4	87	5	43	6	34	7	79	8	72	9	74
0	1	1	37	2	8	3	53	4	14	5	97	6	94	7	6	8	22	9	93
0	88	1	18	2	24	3	52	4	63	5	32	6	19	7	42	8	46	9	26
0	77	1	23	2	13	3	34	4	53	5	59	6	90	7	57	8	4	9	33
0	29	1	43	2	74	3	83	4	79	5	24	6	88	7	61	8	3	9	39
0	2	1	7	2	96	3	80	4	26	5	36	6	18	7	6	8	51	9	55
0	24	1	92	2	33	3	46	4	97	5	77	6	25	7	73	8	1	9	55
0	8	1	38	2	2	3	88	4	65	5	46	6	43	7	41	8	73	9	39
0	44	1	58	2	39	3	7	4	25	5	71	6	27	7	32	8	9	9	17
0	41	1	84	2	6	3	48	4	10	5	36	6	10	7	28	8	86	9	2
0	99	1	15	2	61	3	48	4	32	5	63	6	5	7	8	8	16	9	80
0	92	1	77	2	33	3	13	4	12	5	66	6	53	7	26	8	22	9	26
0	51	1	92	2	65	3	83	4	14	5	23	6	32	7	54	8	79	9	29
0	36	1	16	2	55	3	71	4	40	5	29	6	97	7	90	8	74	9	61
0	67	1	19	2	16	3	28	4	24	5	64	6	51	7	93	8	37	9	43
0	83	1	83	2	7	3	61	4	51	5	7	6	50	7	77	8	34	9	10
0	32	1	50	2	29	3	87	4	44	5	77	6	23	7	62	8	72	9	82
0	69	1	62	2	51	3	60	4	58	5	33	6	76	7	37	8	59	9	50
0	71	1	38	2	17	3	36	4	45	5	52	6	9	7	94	8	21	9	33
0	79	1	20	2	57	3	65	4	30	5	17	6	89	7	29	8	84	9	47
0	42	1	89	2	22	3	55	4	74	5	21	6	32	7	47	8	3	9	19
0	31	1	14	2	19	3	84	4	38	5	94	6	33	7	93	8	42	9	91
0	68	1	29	2	42	3	40	4	4	5	49	6	6	7	86	8	30	9	42
0	43	1	48	2	53	3	12	4	9	5	82	6	17	7	62	8	61	9	25
0	21	1	62	2	91	3	2	4	3	5	66	6	2	7	73	8	27	9	36
0	83	1	96	2	86	3	92	4	78	5	14	6	47	7	81	8	52	9	26
0	15	1	46	2	17	3	61	4	75	5	82	6	60	7	7	8	75	9	56
0	77	1	71	2	32	3	17	4	71	5	6	6	37	7	40	8	38	9	37
0	48	1	33	2	59	3	94	4	58	5	47	6	61	7	61	8	34	9	95
0	35	1	35	2	11	3	36	4	11	5	74	6	46	7	31	8	26	9	20
0	6	1	94	2	97	3	70	4	58	5	13	6	64	7	69	8	21	9	72
0	76	1	8	2	44	3	15	4	77	5	81	6	86	7	23	8	3	9	29
0	22	1	99	2	73	3	80	4	22	5	43	6	60	7	96	8	7	9	96
0	60	1	6	2	14	3	18	4	32	5	54	6	36	7	89	8	36	9	45
0	82	1	92	2	40	3	61	4	19	5	27	6	90	7	96	8	58	9	29
0	88	1	23	2	28	3	97	4	98	5	6	6	22	7	18	8	49	9	16
0	53	1	67	2	63	3	24	4	12	5	71	6	93	7	27	8	82	9	24
0	46	1	97	2	86	3	57	4	46	5	29	6	59	7	13	8	61	9	94
0	52	1	63	2	39	3	78	4	9	5	38	6	77	7	17	8	20	9	26
0	33	1	18	2	40	3	21	4	92	5	16	6	30	7	17	8	49	9	48
0	34	1	64	2	15	3	34	4	82	5	91	6	36	7	70	8	51	9	69
LBCmax: 1994
RELDUE
-1	1158	5	1
-1	705	8	7
-1	1277	8	6
-1	1247	6	4
-1	1351	7	2
-1	1671	6	6
-1	943	8	9
-1	1613	4	5
-1	785	6	5
-1	1487	2	4
-1	1716	8	6
-1	1520	7	1
-1	683	9	5
-1	1273	8	3
-1	1696	9	8
-1	941	9	4
-1	1279	8	9
-1	1386	6	3
-1	1377	1	8
-1	970	6	2
-1	1793	7	6
-1	1107	7	6
-1	1356	2	2
-1	753	3	1
-1	1326	4	2
-1	1654	1	1
-1	1185	8	6
-1	653	8	8
-1	1742	3	8
-1	796	8	4
-1	616	8	4
-1	679	4	9
-1	1382	2	3
-1	1198	7	9
-1	1546	3	2
-1	877	4	7
-1	1328	9	9
-1	1627	7	3
-1	1291	9	1
-1	632	9	7
-1	1632	2	7
-1	1132	8	8
-1	609	8	9
-1	1492	5	3
-1	1252	1	8
-1	1276	1	3
-1	1281	1	2
-1	1290	3	3
-1	1103	2	7
-1	1241	5	9
-1	1013	5	4
-1	1440	7	3
-1	665	7	3
-1	837	2	8
-1	1429	8	5
-1	649	8	2
-1	1144	8	2
-1	1122	2	1
-1	1716	5	6
-1	1493	1	3
-1	1083	7	4
-1	888	8	5
-1	1667	1	1
-1	1785	7	7
-1	1468	6	4
-1	1635	2	2
-1	736	6	1
-1	1280	2	8
-1	1523	1	6
-1	1417	2	6
-1	1409	7	7
-1	1448	4	5
-1	693	9	9
-1	1342	4	9
-1	1133	1	3
-1	1258	8	6
-1	1096	7	3
-1	1660	2	1
-1	1296	5	3
-1	647	2	7
-1	971	6	5
-1	1691	2	5
-1	1345	4	6
-1	1098	6	8
-1	1579	9	4
-1	972	1	9
-1	611	5	5
-1	1143	5	9
-1	1564	1	4
-1	1495	5	2
-1	1528	6	7
-1	803	7	4
-1	1706	6	6
-1	1593	5	3
-1	1344	8	2
-1	1341	4	8
-1	1261	4	4
-1	619	9	3
-1	621	5	9
-1	1413	2	3
DDW
1065	1251
620	790
1022	1532
1072	1422
1310	1392
1370	1972
915	971
1565	1661
652	918
1413	1561
1699	1733
1474	1566
587	779
1235	1311
1662	1730
781	1101
1074	1484
1164	1608
1143	1611
805	1135
1739	1847
1041	1173
1329	1383
625	881
1313	1339
1555	1753
1043	1327
646	660
1533	1951
764	828
554	678
659	699
1313	1451
1138	1258
1314	1778
859	895
1116	1540
1302	1952
1214	1368
531	733
1485	1779
1041	1223
548	670
1313	1671
1214	1290
1212	1340
1255	1307
1213	1367
1015	1191
1204	1278
902	1124
1224	1656
652	678
787	887
1372	1486
630	668
1030	1258
1077	1167
1476	1956
1224	1762
1018	1148
861	915
1467	1867
1535	2035
1233	1703
1341	1929
596	876
1152	1408
1401	1645
1403	1431
1381	1437
1216	1680
624	762
1315	1369
1042	1224
1057	1459
921	1271
1477	1843
1115	1477
543	751
932	1010
1573	1809
1170	1520
999	1197
1374	1784
826	1118
599	623
914	1372
1533	1595
1301	1689
1345	1711
707	899
1604	1808
1450	1736
1210	1478
1247	1435
1047	1475
514	724
522	720
1328	1498
