HFSDDW
100	15	5
0	66	1	2	2	70	3	72	4	4
0	91	1	49	2	60	3	18	4	52
0	86	1	58	2	26	3	92	4	84
0	85	1	24	2	99	3	56	4	17
0	82	1	28	2	27	3	48	4	45
0	93	1	11	2	70	3	64	4	68
0	62	1	79	2	47	3	5	4	94
0	52	1	27	2	58	3	52	4	39
0	8	1	78	2	74	3	42	4	30
0	19	1	48	2	16	3	46	4	71
0	2	1	95	2	39	3	74	4	24
0	39	1	74	2	23	3	28	4	10
0	81	1	79	2	96	3	50	4	90
0	7	1	11	2	22	3	98	4	32
0	58	1	66	2	47	3	18	4	10
0	4	1	53	2	85	3	19	4	27
0	46	1	94	2	25	3	92	4	66
0	66	1	40	2	72	3	80	4	55
0	77	1	5	2	30	3	43	4	57
0	28	1	81	2	25	3	51	4	24
0	8	1	27	2	18	3	14	4	14
0	36	1	48	2	22	3	65	4	20
0	85	1	89	2	4	3	2	4	64
0	86	1	55	2	5	3	83	4	24
0	66	1	39	2	41	3	44	4	55
0	54	1	36	2	5	3	60	4	81
0	23	1	29	2	34	3	95	4	19
0	19	1	77	2	11	3	78	4	30
0	18	1	19	2	8	3	61	4	69
0	88	1	1	2	28	3	78	4	71
0	73	1	76	2	41	3	28	4	57
0	69	1	85	2	73	3	59	4	60
0	99	1	44	2	61	3	83	4	97
0	57	1	55	2	9	3	82	4	45
0	9	1	44	2	27	3	54	4	6
0	48	1	32	2	80	3	74	4	66
0	53	1	8	2	27	3	89	4	8
0	46	1	88	2	7	3	38	4	50
0	34	1	4	2	52	3	19	4	30
0	74	1	58	2	24	3	63	4	13
0	34	1	91	2	46	3	33	4	62
0	30	1	50	2	87	3	23	4	10
0	37	1	5	2	99	3	93	4	8
0	92	1	17	2	71	3	76	4	51
0	69	1	49	2	70	3	32	4	12
0	5	1	92	2	8	3	24	4	31
0	89	1	8	2	17	3	62	4	33
0	61	1	62	2	93	3	27	4	78
0	95	1	2	2	84	3	29	4	13
0	29	1	5	2	59	3	12	4	38
0	58	1	86	2	48	3	13	4	44
0	85	1	21	2	14	3	22	4	57
0	37	1	43	2	63	3	91	4	20
0	29	1	88	2	38	3	60	4	46
0	30	1	24	2	44	3	97	4	56
0	67	1	65	2	42	3	19	4	82
0	1	1	34	2	96	3	85	4	73
0	3	1	60	2	5	3	18	4	47
0	40	1	49	2	72	3	70	4	41
0	53	1	38	2	92	3	10	4	84
0	41	1	67	2	98	3	65	4	8
0	34	1	42	2	50	3	57	4	76
0	21	1	79	2	94	3	39	4	57
0	4	1	46	2	78	3	19	4	17
0	69	1	83	2	20	3	14	4	6
0	81	1	52	2	74	3	57	4	3
0	30	1	72	2	33	3	35	4	42
0	34	1	36	2	31	3	78	4	39
0	61	1	11	2	48	3	42	4	27
0	61	1	54	2	33	3	13	4	37
0	8	1	60	2	74	3	92	4	15
0	57	1	47	2	84	3	60	4	26
0	82	1	67	2	93	3	54	4	46
0	48	1	47	2	59	3	97	4	24
0	68	1	15	2	99	3	79	4	56
0	58	1	36	2	78	3	86	4	45
0	28	1	20	2	62	3	20	4	95
0	70	1	97	2	40	3	21	4	84
0	86	1	51	2	71	3	52	4	56
0	93	1	18	2	93	3	95	4	79
0	14	1	95	2	35	3	89	4	69
0	92	1	60	2	95	3	37	4	57
0	22	1	69	2	98	3	15	4	98
0	63	1	6	2	73	3	59	4	76
0	50	1	7	2	39	3	14	4	37
0	18	1	43	2	48	3	23	4	62
0	41	1	42	2	82	3	8	4	31
0	33	1	84	2	73	3	51	4	3
0	11	1	3	2	4	3	63	4	62
0	18	1	52	2	56	3	54	4	93
0	88	1	44	2	35	3	20	4	29
0	7	1	56	2	21	3	52	4	52
0	49	1	12	2	72	3	74	4	17
0	80	1	86	2	91	3	83	4	65
0	78	1	33	2	23	3	56	4	65
0	47	1	4	2	75	3	51	4	20
0	65	1	87	2	93	3	30	4	74
0	96	1	7	2	63	3	78	4	24
0	76	1	63	2	22	3	98	4	54
0	98	1	31	2	30	3	47	4	82
LBCmax: 1810
RELDUE
-1	375	4	9
-1	914	5	3
-1	1134	4	7
-1	1422	6	5
-1	78	8	6
-1	828	9	3
-1	211	7	1
-1	1247	8	3
-1	795	8	6
-1	1293	9	4
-1	0	8	5
-1	1279	4	6
-1	1086	3	5
-1	394	1	1
-1	1381	1	7
-1	944	9	9
-1	150	8	5
-1	571	5	3
-1	1624	7	8
-1	180	7	2
-1	1138	6	9
-1	244	2	9
-1	58	9	3
-1	901	3	9
-1	1428	4	5
-1	90	9	8
-1	18	3	9
-1	248	1	9
-1	0	5	8
-1	1033	1	9
-1	115	6	5
-1	1154	4	2
-1	329	7	1
-1	1058	5	3
-1	1435	6	5
-1	0	5	1
-1	76	9	8
-1	0	7	9
-1	107	3	5
-1	156	7	9
-1	1169	2	1
-1	327	7	6
-1	0	8	1
-1	1573	7	9
-1	187	5	6
-1	1557	8	8
-1	1515	7	7
-1	1440	6	1
-1	48	5	1
-1	1478	2	8
-1	1270	8	1
-1	1439	4	9
-1	358	1	8
-1	313	8	4
-1	0	2	2
-1	0	6	1
-1	675	2	1
-1	52	8	5
-1	1623	8	8
-1	1617	4	6
-1	628	3	5
-1	1592	8	1
-1	1207	7	6
-1	1391	4	3
-1	997	2	7
-1	361	4	3
-1	768	3	8
-1	0	2	2
-1	589	7	8
-1	1294	5	9
-1	686	2	3
-1	57	7	3
-1	283	9	8
-1	1287	7	6
-1	640	9	1
-1	630	3	7
-1	78	7	6
-1	114	6	3
-1	532	3	4
-1	1501	2	4
-1	205	5	6
-1	208	3	5
-1	19	7	3
-1	10	7	3
-1	1393	9	6
-1	305	8	1
-1	614	3	4
-1	0	4	1
-1	881	8	5
-1	1304	1	9
-1	861	8	7
-1	0	4	1
-1	0	4	7
-1	119	5	7
-1	1158	3	9
-1	1206	9	3
-1	749	6	2
-1	223	5	6
-1	395	1	2
-1	1456	5	6
DDW
368	382
832	996
975	1293
1337	1507
73	83
787	869
194	228
1160	1334
763	827
1151	1435
0	0
1087	1471
999	1173
366	422
1229	1533
793	1095
144	156
554	588
1592	1656
176	184
956	1320
242	246
57	59
892	910
1214	1642
79	101
16	20
238	258
0	0
868	1198
114	116
1004	1304
266	392
973	1143
1191	1679
0	0
75	77
0	0
89	125
148	164
1087	1251
311	343
0	0
1337	1809
166	208
1495	1619
1242	1788
1354	1526
42	54
1256	1700
1143	1397
1166	1712
347	369
282	344
0	0
0	0
628	722
45	59
1428	1818
1374	1860
528	728
1528	1656
1098	1316
1266	1516
887	1107
303	419
645	891
0	0
524	654
1268	1320
583	789
56	58
263	303
1055	1519
538	742
554	706
69	87
106	122
473	591
1336	1666
176	234
200	216
17	21
10	10
1309	1477
299	311
546	682
0	0
784	978
1082	1526
835	887
0	0
0	0
115	123
1042	1274
1170	1242
629	869
219	227
375	415
1238	1674
