HFSDDW
50	15	5
0	4	1	93	2	56	3	20	4	27
0	52	1	80	2	14	3	21	4	74
0	11	1	36	2	43	3	85	4	87
0	48	1	75	2	78	3	72	4	51
0	93	1	88	2	36	3	23	4	83
0	33	1	17	2	12	3	61	4	50
0	42	1	30	2	32	3	58	4	26
0	79	1	89	2	87	3	9	4	31
0	63	1	17	2	77	3	65	4	66
0	29	1	33	2	41	3	51	4	56
0	28	1	2	2	71	3	72	4	8
0	15	1	57	2	33	3	36	4	93
0	36	1	69	2	52	3	71	4	32
0	81	1	4	2	84	3	59	4	8
0	59	1	87	2	70	3	42	4	87
0	77	1	12	2	71	3	56	4	55
0	99	1	75	2	60	3	5	4	22
0	41	1	58	2	60	3	51	4	12
0	23	1	56	2	51	3	15	4	94
0	94	1	64	2	7	3	33	4	85
0	26	1	49	2	81	3	43	4	97
0	40	1	32	2	30	3	85	4	30
0	4	1	86	2	76	3	81	4	93
0	60	1	9	2	47	3	50	4	91
0	23	1	43	2	33	3	48	4	85
0	3	1	37	2	55	3	47	4	92
0	13	1	6	2	38	3	71	4	29
0	51	1	94	2	17	3	8	4	81
0	9	1	29	2	75	3	22	4	8
0	36	1	79	2	69	3	22	4	35
0	86	1	17	2	56	3	42	4	62
0	82	1	16	2	34	3	58	4	94
0	4	1	76	2	83	3	92	4	17
0	98	1	48	2	6	3	52	4	42
0	66	1	91	2	40	3	68	4	82
0	94	1	67	2	12	3	40	4	49
0	24	1	67	2	34	3	13	4	6
0	96	1	49	2	96	3	9	4	47
0	36	1	60	2	59	3	14	4	78
0	33	1	45	2	82	3	5	4	10
0	88	1	74	2	18	3	80	4	68
0	95	1	77	2	88	3	59	4	67
0	15	1	4	2	93	3	9	4	70
0	36	1	43	2	71	3	87	4	21
0	50	1	52	2	96	3	6	4	6
0	6	1	32	2	26	3	90	4	50
0	50	1	85	2	8	3	31	4	61
0	50	1	50	2	53	3	44	4	11
0	19	1	60	2	38	3	41	4	32
0	33	1	67	2	51	3	44	4	43
LBCmax: 992
RELDUE
-1	835	4	1
-1	737	1	3
-1	866	6	1
-1	793	5	2
-1	653	8	7
-1	511	2	2
-1	758	4	1
-1	368	3	8
-1	741	7	5
-1	667	5	4
-1	674	4	7
-1	608	9	2
-1	883	5	5
-1	352	1	5
-1	404	3	4
-1	476	3	8
-1	868	3	7
-1	671	4	4
-1	579	7	6
-1	419	9	6
-1	806	3	7
-1	829	4	1
-1	458	1	5
-1	754	1	7
-1	312	6	6
-1	830	9	2
-1	384	8	8
-1	626	6	6
-1	737	2	8
-1	732	7	1
-1	529	9	1
-1	782	9	5
-1	785	4	4
-1	580	9	6
-1	653	6	8
-1	750	1	2
-1	832	6	9
-1	444	2	7
-1	721	3	9
-1	449	2	9
-1	731	5	3
-1	527	8	6
-1	769	4	2
-1	788	1	5
-1	580	1	7
-1	694	2	9
-1	669	8	8
-1	467	7	3
-1	437	8	9
-1	308	6	7
DDW
777	893
708	766
849	883
730	856
607	699
465	557
713	803
335	401
689	793
600	734
647	701
590	626
821	945
324	380
376	432
447	505
851	885
651	691
573	585
406	432
782	830
788	870
431	485
679	829
290	334
822	838
372	396
570	682
715	759
666	798
481	577
759	805
754	816
551	609
627	679
735	765
807	857
435	453
714	728
422	476
680	782
516	538
700	838
772	804
557	603
687	701
642	696
462	472
428	446
305	311
