HFSDDW
100	30	10
0	15	1	24	2	23	3	11	4	90	5	44	6	55	7	2	8	9	9	29
0	50	1	5	2	79	3	59	4	42	5	82	6	96	7	35	8	95	9	71
0	78	1	34	2	12	3	26	4	29	5	34	6	70	7	72	8	16	9	37
0	36	1	52	2	70	3	17	4	68	5	1	6	76	7	89	8	27	9	80
0	57	1	43	2	80	3	61	4	2	5	12	6	62	7	21	8	69	9	53
0	43	1	78	2	75	3	74	4	69	5	80	6	12	7	97	8	81	9	57
0	73	1	82	2	85	3	71	4	93	5	98	6	34	7	63	8	90	9	42
0	7	1	8	2	9	3	15	4	14	5	35	6	54	7	51	8	24	9	18
0	71	1	50	2	4	3	63	4	94	5	57	6	77	7	96	8	47	9	88
0	88	1	78	2	8	3	69	4	7	5	75	6	58	7	9	8	67	9	4
0	77	1	98	2	30	3	28	4	46	5	35	6	70	7	60	8	60	9	34
0	26	1	61	2	74	3	63	4	85	5	24	6	79	7	22	8	76	9	36
0	21	1	38	2	16	3	3	4	54	5	28	6	99	7	39	8	8	9	39
0	77	1	46	2	83	3	20	4	41	5	72	6	20	7	76	8	17	9	59
0	87	1	17	2	37	3	14	4	62	5	27	6	4	7	45	8	84	9	83
0	95	1	36	2	33	3	32	4	83	5	39	6	83	7	27	8	74	9	19
0	36	1	31	2	52	3	21	4	56	5	80	6	77	7	55	8	22	9	13
0	4	1	4	2	5	3	18	4	49	5	4	6	2	7	3	8	41	9	27
0	24	1	55	2	55	3	24	4	43	5	42	6	13	7	52	8	37	9	3
0	89	1	92	2	2	3	98	4	24	5	56	6	65	7	16	8	57	9	81
0	50	1	49	2	23	3	71	4	80	5	92	6	31	7	16	8	82	9	79
0	38	1	80	2	86	3	47	4	94	5	80	6	76	7	28	8	77	9	15
0	67	1	25	2	18	3	20	4	24	5	11	6	2	7	7	8	93	9	93
0	39	1	86	2	45	3	59	4	76	5	74	6	32	7	84	8	44	9	51
0	11	1	97	2	70	3	58	4	65	5	9	6	6	7	55	8	5	9	43
0	80	1	38	2	38	3	43	4	14	5	25	6	32	7	4	8	48	9	69
0	91	1	25	2	22	3	89	4	41	5	52	6	35	7	28	8	71	9	20
0	49	1	91	2	83	3	27	4	4	5	70	6	55	7	60	8	55	9	15
0	5	1	47	2	3	3	50	4	13	5	1	6	48	7	3	8	45	9	52
0	43	1	28	2	37	3	74	4	59	5	86	6	76	7	81	8	17	9	14
0	73	1	78	2	84	3	84	4	94	5	88	6	54	7	12	8	39	9	44
0	69	1	71	2	49	3	33	4	65	5	45	6	23	7	72	8	76	9	40
0	4	1	33	2	83	3	19	4	77	5	21	6	55	7	10	8	67	9	18
0	93	1	74	2	43	3	42	4	41	5	27	6	63	7	18	8	55	9	25
0	47	1	37	2	64	3	1	4	82	5	71	6	79	7	4	8	10	9	15
0	64	1	4	2	5	3	77	4	10	5	41	6	95	7	65	8	8	9	74
0	33	1	45	2	44	3	22	4	50	5	95	6	29	7	7	8	91	9	38
0	82	1	5	2	17	3	51	4	92	5	67	6	68	7	82	8	37	9	6
0	41	1	51	2	99	3	53	4	54	5	90	6	69	7	65	8	32	9	1
0	32	1	97	2	11	3	81	4	91	5	3	6	92	7	42	8	50	9	86
0	43	1	73	2	13	3	71	4	33	5	59	6	87	7	54	8	85	9	42
0	72	1	13	2	28	3	2	4	33	5	81	6	45	7	91	8	68	9	60
0	27	1	63	2	75	3	91	4	7	5	84	6	93	7	35	8	59	9	89
0	75	1	27	2	33	3	50	4	62	5	68	6	39	7	28	8	21	9	94
0	3	1	16	2	80	3	90	4	28	5	19	6	70	7	9	8	49	9	11
0	58	1	2	2	74	3	89	4	60	5	79	6	97	7	21	8	65	9	48
0	65	1	52	2	94	3	95	4	67	5	46	6	80	7	77	8	40	9	65
0	42	1	17	2	71	3	73	4	58	5	12	6	83	7	84	8	63	9	88
0	15	1	85	2	86	3	49	4	32	5	73	6	52	7	43	8	90	9	82
0	70	1	19	2	63	3	72	4	29	5	50	6	21	7	84	8	23	9	82
0	39	1	92	2	69	3	84	4	68	5	41	6	31	7	2	8	32	9	49
0	96	1	14	2	58	3	77	4	34	5	80	6	66	7	45	8	64	9	93
0	93	1	37	2	87	3	57	4	94	5	24	6	54	7	98	8	44	9	8
0	90	1	98	2	62	3	80	4	49	5	22	6	17	7	3	8	81	9	90
0	43	1	51	2	12	3	41	4	86	5	57	6	61	7	86	8	38	9	49
0	84	1	75	2	21	3	29	4	88	5	2	6	6	7	13	8	89	9	44
0	87	1	32	2	57	3	25	4	58	5	97	6	51	7	77	8	28	9	12
0	64	1	64	2	64	3	73	4	50	5	43	6	26	7	46	8	70	9	38
0	63	1	67	2	60	3	94	4	24	5	15	6	78	7	33	8	92	9	47
0	17	1	4	2	13	3	37	4	3	5	12	6	93	7	87	8	82	9	88
0	6	1	83	2	58	3	26	4	85	5	20	6	12	7	47	8	78	9	45
0	76	1	59	2	42	3	52	4	81	5	20	6	71	7	62	8	1	9	44
0	20	1	18	2	84	3	80	4	95	5	60	6	51	7	27	8	70	9	39
0	50	1	39	2	63	3	82	4	32	5	79	6	10	7	35	8	10	9	4
0	3	1	31	2	54	3	47	4	71	5	58	6	62	7	61	8	56	9	82
0	41	1	32	2	86	3	39	4	69	5	88	6	98	7	78	8	31	9	26
0	68	1	85	2	77	3	40	4	95	5	37	6	95	7	59	8	21	9	2
0	11	1	37	2	53	3	97	4	41	5	88	6	63	7	38	8	9	9	38
0	97	1	90	2	71	3	87	4	98	5	19	6	53	7	24	8	14	9	43
0	80	1	31	2	4	3	84	4	35	5	18	6	54	7	15	8	52	9	34
0	62	1	4	2	40	3	54	4	72	5	4	6	78	7	88	8	98	9	80
0	25	1	61	2	69	3	93	4	28	5	78	6	15	7	89	8	41	9	77
0	84	1	72	2	46	3	77	4	21	5	80	6	33	7	69	8	62	9	23
0	35	1	49	2	86	3	75	4	76	5	94	6	51	7	17	8	16	9	94
0	40	1	64	2	26	3	33	4	19	5	19	6	62	7	11	8	56	9	57
0	4	1	64	2	73	3	74	4	49	5	89	6	57	7	63	8	33	9	91
0	70	1	10	2	27	3	75	4	45	5	76	6	75	7	94	8	18	9	34
0	28	1	97	2	73	3	47	4	38	5	21	6	46	7	13	8	59	9	3
0	18	1	23	2	14	3	5	4	20	5	70	6	75	7	12	8	26	9	86
0	37	1	87	2	84	3	24	4	24	5	31	6	37	7	51	8	88	9	43
0	44	1	68	2	93	3	22	4	30	5	7	6	90	7	27	8	37	9	29
0	44	1	45	2	5	3	31	4	73	5	48	6	96	7	22	8	56	9	75
0	1	1	64	2	68	3	31	4	96	5	40	6	14	7	50	8	23	9	7
0	84	1	95	2	25	3	16	4	58	5	50	6	30	7	91	8	75	9	13
0	79	1	49	2	74	3	97	4	42	5	92	6	83	7	53	8	50	9	76
0	34	1	15	2	95	3	13	4	42	5	79	6	99	7	62	8	25	9	90
0	92	1	41	2	4	3	30	4	45	5	49	6	20	7	88	8	72	9	24
0	18	1	5	2	47	3	43	4	95	5	52	6	89	7	71	8	89	9	5
0	56	1	60	2	99	3	47	4	72	5	69	6	1	7	12	8	74	9	79
0	51	1	68	2	66	3	85	4	21	5	38	6	45	7	44	8	53	9	93
0	72	1	95	2	80	3	27	4	58	5	30	6	68	7	52	8	18	9	89
0	90	1	28	2	73	3	21	4	34	5	33	6	42	7	57	8	57	9	75
0	49	1	9	2	14	3	93	4	72	5	50	6	38	7	62	8	23	9	57
0	8	1	45	2	19	3	95	4	33	5	60	6	80	7	72	8	88	9	43
0	1	1	48	2	94	3	85	4	88	5	23	6	95	7	46	8	51	9	88
0	96	1	87	2	87	3	77	4	45	5	64	6	82	7	87	8	55	9	9
0	91	1	7	2	30	3	60	4	81	5	45	6	10	7	77	8	88	9	74
0	52	1	69	2	69	3	15	4	75	5	1	6	15	7	29	8	5	9	49
0	55	1	92	2	12	3	35	4	61	5	21	6	58	7	41	8	51	9	69
0	78	1	93	2	18	3	80	4	52	5	93	6	18	7	34	8	4	9	44
LBCmax: 2022
RELDUE
-1	870	9	9
-1	975	4	1
-1	1779	8	4
-1	2159	3	7
-1	1324	8	6
-1	1160	2	7
-1	983	4	1
-1	2073	3	4
-1	643	7	9
-1	1491	4	9
-1	1603	3	5
-1	1689	2	7
-1	2270	7	7
-1	713	1	7
-1	1684	1	8
-1	2613	3	1
-1	2533	7	5
-1	2536	7	6
-1	2619	9	5
-1	1841	3	5
-1	2358	4	7
-1	1999	9	5
-1	1131	7	7
-1	997	6	4
-1	2536	9	2
-1	1810	1	7
-1	1643	8	5
-1	2395	3	5
-1	1878	7	7
-1	2256	4	2
-1	2288	3	5
-1	2234	6	9
-1	1104	3	1
-1	1835	1	9
-1	1341	4	7
-1	1347	4	2
-1	1299	7	9
-1	1305	6	5
-1	2611	5	7
-1	1281	9	1
-1	643	2	6
-1	2342	7	9
-1	1400	8	5
-1	755	3	3
-1	1001	2	3
-1	1111	8	3
-1	823	2	1
-1	863	2	8
-1	1155	2	1
-1	1667	2	7
-1	2601	7	7
-1	1061	1	3
-1	1305	7	8
-1	1471	1	9
-1	1769	8	8
-1	1501	1	9
-1	2473	7	4
-1	1389	1	6
-1	2253	7	7
-1	2144	1	8
-1	2146	7	7
-1	1217	7	2
-1	801	8	2
-1	1017	1	7
-1	1833	7	8
-1	1998	3	5
-1	1192	6	3
-1	1042	3	5
-1	2001	6	5
-1	944	2	1
-1	1920	5	4
-1	1834	4	4
-1	2554	3	9
-1	1944	6	7
-1	1805	9	5
-1	622	1	5
-1	1205	9	3
-1	983	9	9
-1	2626	9	9
-1	2031	5	6
-1	1593	8	3
-1	1387	2	9
-1	1846	5	5
-1	817	4	4
-1	2284	1	6
-1	1834	1	3
-1	1536	6	1
-1	2262	4	4
-1	673	3	3
-1	2470	8	9
-1	1503	5	3
-1	2540	7	3
-1	1682	8	8
-1	1074	5	3
-1	1764	3	4
-1	2056	5	6
-1	2147	9	5
-1	990	2	2
-1	1552	3	5
-1	1632	8	7
DDW
826	914
956	994
1637	1921
2073	2245
1258	1390
1067	1253
895	1071
1886	2260
579	707
1387	1595
1507	1699
1571	1807
2247	2293
670	756
1667	1701
2456	2770
2381	2685
2308	2764
2567	2671
1694	1988
2122	2594
1959	2039
1108	1154
927	1067
2485	2587
1720	1900
1594	1692
2371	2419
1690	2066
2211	2301
2265	2311
2033	2435
1049	1159
1798	1872
1274	1408
1293	1401
1221	1377
1253	1357
2376	2846
1153	1409
585	701
2155	2529
1344	1456
702	808
911	1091
1022	1200
774	872
828	898
1097	1213
1534	1800
2419	2783
1008	1114
1266	1344
1456	1486
1627	1911
1441	1561
2448	2498
1361	1417
2185	2321
2123	2165
2017	2275
1107	1327
721	881
936	1098
1723	1943
1838	2158
1156	1228
938	1146
1961	2041
868	1020
1728	2112
1779	1889
2299	2809
1905	1983
1643	1967
603	641
1097	1313
924	1042
2390	2862
1950	2112
1450	1736
1262	1512
1717	1975
792	842
2147	2421
1706	1962
1444	1628
2172	2352
639	707
2421	2519
1443	1563
2413	2667
1665	1699
977	1171
1676	1852
2035	2077
1954	2340
921	1059
1536	1568
1616	1648
