HFSDDW
100	15	5
0	65	1	26	2	98	3	61	4	25
0	62	1	81	2	35	3	83	4	50
0	86	1	66	2	53	3	31	4	90
0	28	1	56	2	37	3	48	4	71
0	23	1	66	2	74	3	59	4	73
0	96	1	35	2	98	3	60	4	38
0	60	1	80	2	34	3	78	4	66
0	97	1	92	2	97	3	83	4	63
0	15	1	46	2	15	3	6	4	46
0	96	1	23	2	42	3	94	4	7
0	55	1	5	2	5	3	5	4	34
0	98	1	52	2	40	3	88	4	28
0	28	1	83	2	74	3	45	4	89
0	6	1	33	2	74	3	65	4	92
0	36	1	59	2	53	3	84	4	56
0	76	1	51	2	68	3	13	4	76
0	73	1	92	2	5	3	54	4	83
0	56	1	75	2	29	3	45	4	67
0	46	1	53	2	9	3	56	4	35
0	32	1	72	2	70	3	17	4	40
0	63	1	48	2	77	3	2	4	70
0	96	1	51	2	20	3	49	4	58
0	48	1	83	2	27	3	12	4	54
0	36	1	78	2	21	3	62	4	34
0	31	1	4	2	30	3	98	4	47
0	83	1	50	2	97	3	49	4	25
0	4	1	81	2	51	3	73	4	14
0	26	1	15	2	3	3	83	4	86
0	5	1	55	2	80	3	87	4	20
0	62	1	27	2	96	3	2	4	99
0	53	1	52	2	8	3	82	4	10
0	60	1	19	2	79	3	55	4	87
0	47	1	53	2	70	3	24	4	54
0	66	1	33	2	53	3	98	4	29
0	21	1	76	2	37	3	76	4	29
0	75	1	24	2	43	3	79	4	85
0	57	1	53	2	96	3	50	4	71
0	51	1	73	2	69	3	64	4	54
0	7	1	36	2	47	3	96	4	39
0	51	1	84	2	56	3	33	4	53
0	30	1	73	2	98	3	72	4	78
0	76	1	16	2	32	3	53	4	34
0	36	1	76	2	1	3	70	4	31
0	94	1	57	2	21	3	53	4	3
0	92	1	63	2	89	3	45	4	22
0	85	1	30	2	41	3	37	4	78
0	90	1	68	2	11	3	26	4	56
0	84	1	55	2	25	3	72	4	95
0	36	1	42	2	16	3	30	4	18
0	31	1	36	2	77	3	66	4	45
0	94	1	64	2	4	3	30	4	60
0	66	1	83	2	53	3	50	4	93
0	47	1	74	2	94	3	75	4	44
0	68	1	66	2	74	3	14	4	47
0	40	1	33	2	49	3	58	4	66
0	51	1	48	2	60	3	28	4	91
0	50	1	52	2	75	3	92	4	84
0	26	1	65	2	80	3	66	4	89
0	1	1	2	2	74	3	79	4	48
0	62	1	47	2	41	3	86	4	50
0	65	1	61	2	63	3	19	4	6
0	61	1	16	2	46	3	63	4	9
0	19	1	24	2	26	3	59	4	43
0	95	1	99	2	3	3	91	4	18
0	4	1	85	2	9	3	25	4	46
0	38	1	58	2	70	3	10	4	5
0	5	1	7	2	74	3	78	4	26
0	88	1	88	2	56	3	86	4	23
0	11	1	20	2	17	3	57	4	71
0	77	1	76	2	16	3	36	4	53
0	63	1	44	2	49	3	68	4	46
0	79	1	52	2	39	3	73	4	67
0	3	1	46	2	36	3	58	4	5
0	12	1	50	2	48	3	33	4	55
0	7	1	43	2	17	3	68	4	7
0	84	1	68	2	52	3	54	4	69
0	62	1	43	2	35	3	56	4	42
0	60	1	57	2	6	3	32	4	46
0	37	1	49	2	83	3	20	4	20
0	65	1	83	2	58	3	52	4	59
0	27	1	28	2	82	3	80	4	46
0	20	1	28	2	81	3	62	4	62
0	12	1	1	2	85	3	4	4	5
0	60	1	12	2	79	3	17	4	45
0	54	1	45	2	17	3	86	4	19
0	57	1	60	2	96	3	49	4	42
0	1	1	11	2	99	3	94	4	42
0	34	1	60	2	54	3	10	4	23
0	32	1	76	2	43	3	69	4	35
0	36	1	64	2	79	3	15	4	60
0	53	1	4	2	42	3	8	4	5
0	82	1	12	2	95	3	62	4	89
0	59	1	31	2	32	3	20	4	61
0	2	1	1	2	91	3	62	4	70
0	99	1	58	2	70	3	93	4	13
0	77	1	2	2	47	3	52	4	82
0	93	1	81	2	82	3	89	4	88
0	97	1	68	2	92	3	89	4	59
0	23	1	64	2	91	3	21	4	63
0	1	1	45	2	24	3	8	4	34
LBCmax: 1850
RELDUE
-1	1426	4	9
-1	1566	7	5
-1	1356	7	4
-1	1458	9	5
-1	1518	4	8
-1	1650	2	3
-1	1419	8	1
-1	1473	1	7
-1	1647	6	7
-1	1396	3	6
-1	1597	2	3
-1	1533	1	2
-1	1458	3	6
-1	1593	7	1
-1	1651	7	2
-1	1583	1	9
-1	1477	7	5
-1	1451	6	2
-1	1410	8	7
-1	1532	7	2
-1	1417	4	3
-1	1325	5	3
-1	1301	1	2
-1	1306	6	4
-1	1472	9	9
-1	1424	2	3
-1	1541	9	1
-1	1477	5	1
-1	1407	8	6
-1	1337	2	2
-1	1416	7	8
-1	1582	8	2
-1	1442	7	2
-1	1362	6	4
-1	1468	5	9
-1	1369	9	8
-1	1535	1	1
-1	1435	3	8
-1	1403	7	8
-1	1639	1	1
-1	1531	9	4
-1	1369	2	8
-1	1656	1	8
-1	1525	1	7
-1	1582	9	5
-1	1511	4	2
-1	1370	5	6
-1	1335	5	6
-1	1386	5	3
-1	1613	5	8
-1	1486	6	3
-1	1304	8	1
-1	1638	9	4
-1	1455	3	8
-1	1297	8	6
-1	1395	3	1
-1	1560	5	1
-1	1345	2	4
-1	1651	6	9
-1	1388	2	9
-1	1403	2	9
-1	1608	4	1
-1	1361	5	8
-1	1604	3	4
-1	1646	5	6
-1	1310	4	4
-1	1385	3	3
-1	1391	5	7
-1	1419	5	2
-1	1576	9	6
-1	1342	5	2
-1	1336	9	3
-1	1343	2	3
-1	1436	6	4
-1	1296	5	2
-1	1342	9	6
-1	1335	1	6
-1	1441	7	7
-1	1389	9	8
-1	1627	5	2
-1	1349	1	8
-1	1501	3	2
-1	1386	3	8
-1	1459	8	3
-1	1517	6	4
-1	1406	8	5
-1	1609	1	5
-1	1653	4	9
-1	1359	9	1
-1	1367	8	3
-1	1475	2	8
-1	1484	9	4
-1	1449	7	8
-1	1309	3	7
-1	1530	5	8
-1	1589	8	6
-1	1303	6	7
-1	1346	6	7
-1	1545	9	7
-1	1567	1	3
DDW
1340	1512
1503	1629
1234	1478
1443	1473
1472	1564
1568	1732
1334	1504
1385	1561
1614	1680
1284	1508
1485	1709
1395	1671
1443	1473
1545	1641
1486	1816
1551	1615
1329	1625
1320	1582
1340	1480
1455	1609
1332	1502
1312	1338
1197	1405
1202	1410
1384	1560
1381	1467
1402	1680
1433	1521
1266	1548
1230	1444
1402	1430
1535	1629
1428	1456
1280	1444
1351	1585
1259	1479
1520	1550
1306	1564
1375	1431
1590	1688
1470	1592
1259	1479
1557	1755
1403	1647
1550	1614
1360	1662
1274	1466
1268	1402
1275	1497
1532	1694
1367	1605
1291	1317
1572	1704
1368	1542
1193	1401
1325	1465
1451	1669
1318	1372
1568	1734
1374	1402
1319	1487
1560	1656
1266	1456
1524	1684
1514	1778
1244	1376
1260	1510
1321	1461
1348	1490
1544	1608
1315	1369
1323	1349
1249	1437
1407	1465
1270	1322
1221	1463
1255	1415
1297	1585
1306	1472
1529	1725
1268	1430
1426	1576
1303	1469
1371	1547
1365	1669
1392	1420
1464	1754
1570	1736
1250	1468
1312	1422
1446	1504
1350	1618
1377	1521
1283	1335
1408	1652
1573	1605
1277	1329
1319	1373
1530	1560
1442	1692
