HFSDDW
100	30	10
0	98	1	40	2	36	3	39	4	91	5	95	6	66	7	49	8	95	9	52
0	46	1	73	2	44	3	93	4	31	5	24	6	55	7	71	8	12	9	43
0	12	1	89	2	63	3	80	4	92	5	63	6	5	7	43	8	26	9	67
0	5	1	49	2	86	3	35	4	12	5	68	6	65	7	19	8	48	9	77
0	26	1	65	2	17	3	71	4	42	5	27	6	38	7	19	8	82	9	62
0	17	1	29	2	40	3	85	4	42	5	9	6	77	7	56	8	46	9	28
0	90	1	24	2	23	3	28	4	48	5	96	6	87	7	9	8	82	9	62
0	59	1	37	2	24	3	34	4	17	5	47	6	73	7	91	8	39	9	66
0	26	1	86	2	60	3	64	4	50	5	76	6	9	7	1	8	93	9	3
0	91	1	10	2	72	3	20	4	86	5	3	6	43	7	88	8	24	9	45
0	40	1	29	2	36	3	21	4	4	5	80	6	5	7	7	8	69	9	95
0	35	1	86	2	17	3	80	4	2	5	5	6	63	7	59	8	78	9	71
0	87	1	86	2	16	3	80	4	71	5	49	6	64	7	5	8	47	9	14
0	4	1	85	2	68	3	94	4	26	5	97	6	50	7	40	8	61	9	70
0	72	1	3	2	32	3	98	4	68	5	6	6	93	7	92	8	18	9	81
0	39	1	84	2	11	3	52	4	57	5	53	6	14	7	56	8	49	9	54
0	17	1	1	2	59	3	55	4	91	5	49	6	18	7	23	8	55	9	5
0	55	1	24	2	97	3	8	4	99	5	85	6	55	7	18	8	12	9	66
0	56	1	71	2	86	3	65	4	74	5	20	6	75	7	16	8	37	9	72
0	84	1	93	2	90	3	7	4	54	5	71	6	43	7	76	8	7	9	19
0	87	1	71	2	38	3	14	4	27	5	16	6	86	7	3	8	53	9	71
0	98	1	96	2	45	3	83	4	98	5	45	6	14	7	93	8	80	9	71
0	74	1	2	2	85	3	82	4	21	5	62	6	33	7	90	8	54	9	28
0	42	1	79	2	11	3	93	4	78	5	85	6	34	7	73	8	39	9	59
0	34	1	73	2	63	3	66	4	74	5	88	6	49	7	8	8	9	9	10
0	58	1	50	2	95	3	36	4	44	5	85	6	85	7	55	8	92	9	65
0	82	1	95	2	49	3	25	4	30	5	19	6	85	7	51	8	5	9	13
0	11	1	41	2	55	3	22	4	38	5	2	6	38	7	20	8	9	9	33
0	13	1	26	2	81	3	44	4	70	5	92	6	83	7	75	8	49	9	92
0	99	1	79	2	80	3	74	4	76	5	38	6	24	7	39	8	36	9	55
0	3	1	97	2	3	3	96	4	98	5	17	6	94	7	74	8	98	9	43
0	48	1	66	2	46	3	60	4	52	5	57	6	15	7	5	8	55	9	38
0	35	1	11	2	3	3	12	4	13	5	31	6	61	7	80	8	45	9	99
0	77	1	99	2	83	3	53	4	31	5	16	6	23	7	85	8	46	9	54
0	97	1	10	2	76	3	6	4	45	5	33	6	34	7	20	8	23	9	20
0	24	1	20	2	83	3	98	4	20	5	91	6	95	7	91	8	83	9	67
0	55	1	15	2	29	3	98	4	66	5	48	6	83	7	92	8	30	9	36
0	34	1	29	2	59	3	2	4	40	5	25	6	34	7	96	8	67	9	79
0	97	1	42	2	58	3	26	4	76	5	57	6	17	7	85	8	33	9	39
0	21	1	32	2	2	3	78	4	98	5	83	6	81	7	78	8	40	9	97
0	50	1	41	2	90	3	86	4	85	5	94	6	61	7	82	8	58	9	95
0	58	1	98	2	24	3	4	4	70	5	14	6	56	7	3	8	23	9	9
0	32	1	97	2	59	3	91	4	16	5	3	6	27	7	80	8	3	9	57
0	44	1	56	2	57	3	69	4	29	5	57	6	51	7	71	8	41	9	81
0	96	1	34	2	27	3	38	4	80	5	22	6	8	7	98	8	9	9	85
0	27	1	79	2	55	3	31	4	66	5	53	6	81	7	99	8	71	9	82
0	67	1	80	2	80	3	2	4	51	5	2	6	41	7	54	8	74	9	13
0	62	1	84	2	62	3	42	4	13	5	97	6	71	7	22	8	11	9	94
0	94	1	29	2	72	3	17	4	30	5	65	6	1	7	27	8	4	9	76
0	75	1	52	2	1	3	58	4	14	5	16	6	54	7	26	8	86	9	79
0	80	1	53	2	25	3	95	4	23	5	42	6	17	7	14	8	18	9	68
0	81	1	60	2	89	3	76	4	87	5	39	6	9	7	63	8	71	9	86
0	1	1	15	2	51	3	97	4	37	5	11	6	84	7	4	8	28	9	97
0	43	1	46	2	35	3	32	4	14	5	42	6	5	7	76	8	94	9	88
0	48	1	87	2	9	3	35	4	95	5	16	6	63	7	24	8	70	9	74
0	7	1	91	2	54	3	1	4	78	5	66	6	3	7	27	8	58	9	13
0	58	1	14	2	85	3	21	4	25	5	36	6	26	7	57	8	63	9	46
0	35	1	32	2	69	3	83	4	39	5	14	6	7	7	16	8	3	9	22
0	47	1	60	2	34	3	53	4	90	5	52	6	91	7	34	8	53	9	48
0	39	1	77	2	18	3	81	4	31	5	34	6	3	7	87	8	10	9	59
0	90	1	6	2	61	3	24	4	40	5	74	6	22	7	71	8	61	9	64
0	60	1	86	2	24	3	37	4	65	5	97	6	80	7	32	8	30	9	73
0	45	1	91	2	5	3	16	4	7	5	57	6	15	7	87	8	53	9	5
0	12	1	19	2	7	3	44	4	32	5	42	6	99	7	10	8	14	9	17
0	30	1	20	2	73	3	89	4	88	5	53	6	53	7	81	8	16	9	33
0	54	1	70	2	58	3	37	4	15	5	98	6	2	7	45	8	18	9	82
0	60	1	35	2	19	3	57	4	53	5	42	6	80	7	80	8	6	9	24
0	98	1	70	2	18	3	14	4	43	5	25	6	19	7	15	8	28	9	54
0	5	1	33	2	72	3	20	4	50	5	41	6	60	7	69	8	29	9	33
0	40	1	54	2	92	3	32	4	56	5	95	6	1	7	17	8	36	9	47
0	73	1	72	2	75	3	92	4	35	5	83	6	53	7	44	8	93	9	89
0	80	1	86	2	18	3	63	4	78	5	27	6	63	7	99	8	7	9	13
0	81	1	11	2	51	3	73	4	83	5	44	6	78	7	86	8	58	9	47
0	25	1	3	2	79	3	81	4	81	5	32	6	58	7	80	8	85	9	66
0	88	1	17	2	75	3	40	4	53	5	54	6	37	7	29	8	54	9	29
0	33	1	2	2	10	3	24	4	65	5	63	6	22	7	3	8	9	9	91
0	6	1	66	2	85	3	47	4	65	5	78	6	7	7	37	8	82	9	47
0	69	1	83	2	15	3	40	4	24	5	64	6	35	7	12	8	21	9	30
0	8	1	50	2	33	3	29	4	15	5	23	6	92	7	56	8	16	9	18
0	10	1	56	2	71	3	93	4	61	5	22	6	31	7	29	8	75	9	75
0	47	1	99	2	46	3	8	4	60	5	50	6	87	7	70	8	99	9	2
0	28	1	10	2	82	3	79	4	83	5	55	6	34	7	57	8	32	9	42
0	85	1	51	2	22	3	64	4	37	5	14	6	12	7	21	8	78	9	3
0	34	1	6	2	36	3	46	4	82	5	8	6	4	7	26	8	69	9	64
0	36	1	22	2	56	3	15	4	90	5	1	6	73	7	92	8	11	9	7
0	87	1	74	2	96	3	33	4	89	5	95	6	78	7	81	8	70	9	46
0	39	1	67	2	91	3	96	4	68	5	23	6	74	7	36	8	97	9	76
0	51	1	9	2	87	3	68	4	7	5	63	6	94	7	8	8	74	9	37
0	40	1	20	2	11	3	72	4	15	5	59	6	9	7	3	8	56	9	86
0	30	1	23	2	55	3	24	4	26	5	68	6	31	7	60	8	47	9	67
0	26	1	37	2	95	3	34	4	55	5	79	6	87	7	29	8	27	9	26
0	1	1	71	2	8	3	34	4	7	5	19	6	57	7	19	8	82	9	9
0	14	1	71	2	80	3	11	4	47	5	29	6	54	7	64	8	42	9	38
0	33	1	35	2	61	3	7	4	11	5	3	6	25	7	76	8	17	9	36
0	72	1	79	2	76	3	31	4	85	5	58	6	16	7	21	8	17	9	7
0	12	1	12	2	78	3	38	4	54	5	55	6	57	7	84	8	87	9	27
0	25	1	24	2	87	3	88	4	92	5	66	6	11	7	1	8	24	9	4
0	94	1	80	2	2	3	46	4	37	5	34	6	94	7	49	8	25	9	88
0	14	1	34	2	47	3	35	4	27	5	22	6	57	7	23	8	53	9	55
0	45	1	40	2	89	3	90	4	11	5	48	6	92	7	87	8	38	9	20
LBCmax: 1942
RELDUE
-1	1530	4	3
-1	1146	3	6
-1	2098	6	3
-1	1128	1	6
-1	1117	1	3
-1	1331	9	5
-1	1082	5	3
-1	1338	8	4
-1	981	6	8
-1	1202	9	7
-1	1673	7	5
-1	1066	6	8
-1	1668	8	5
-1	2124	6	6
-1	1126	1	5
-1	2040	5	6
-1	1868	6	3
-1	1583	8	5
-1	1695	7	7
-1	1804	5	9
-1	1071	9	3
-1	1990	4	6
-1	1519	8	7
-1	1769	5	5
-1	1653	8	2
-1	1607	5	5
-1	2041	2	8
-1	1105	7	8
-1	1387	6	5
-1	2003	7	2
-1	1454	6	4
-1	1054	5	6
-1	1102	7	4
-1	1030	9	3
-1	1441	5	4
-1	2116	7	9
-1	1398	3	1
-1	1356	8	5
-1	1229	2	9
-1	2084	9	1
-1	1107	9	2
-1	1271	8	9
-1	1228	9	1
-1	1359	4	8
-1	2080	6	9
-1	1401	8	2
-1	1904	9	4
-1	2020	3	5
-1	1870	7	8
-1	1190	9	5
-1	1803	8	3
-1	1436	9	5
-1	1268	5	6
-1	1745	3	1
-1	1100	9	3
-1	1676	7	7
-1	1764	6	7
-1	1300	3	4
-1	1611	6	6
-1	1647	6	7
-1	1427	9	2
-1	2114	6	6
-1	2087	5	5
-1	1114	9	9
-1	1884	8	4
-1	1589	7	4
-1	2100	1	5
-1	1609	3	6
-1	1653	3	4
-1	1146	4	4
-1	1613	7	3
-1	1482	8	4
-1	1324	2	2
-1	1747	6	3
-1	1668	2	8
-1	1937	9	2
-1	1733	2	2
-1	1130	5	6
-1	1825	6	4
-1	1223	9	1
-1	1839	6	4
-1	991	3	6
-1	1371	5	4
-1	1168	6	1
-1	1170	4	6
-1	988	2	2
-1	1923	2	3
-1	1494	9	6
-1	2066	3	3
-1	1902	4	4
-1	1322	9	7
-1	1068	7	9
-1	1882	5	6
-1	1719	2	8
-1	1628	1	6
-1	1129	9	9
-1	1320	4	4
-1	1084	7	4
-1	1611	1	3
-1	1462	9	8
DDW
1438	1622
1089	1203
1909	2287
1060	1196
1028	1206
1225	1437
974	1190
1218	1458
952	1010
1094	1310
1606	1740
1013	1119
1501	1835
1975	2273
1103	1149
1836	2244
1756	1980
1504	1662
1661	1729
1624	1984
1050	1092
1831	2149
1504	1534
1627	1911
1537	1769
1559	1655
1878	2204
1006	1204
1318	1456
1883	2123
1352	1556
949	1159
1058	1146
968	1092
1311	1571
2010	2222
1272	1524
1315	1397
1204	1254
1917	2251
1041	1173
1220	1322
1142	1314
1318	1400
2018	2142
1317	1485
1714	2094
1838	2202
1814	1926
1083	1297
1641	1965
1335	1537
1243	1293
1570	1920
1023	1177
1542	1810
1676	1852
1274	1326
1450	1772
1548	1746
1284	1570
2072	2156
2004	2170
1036	1192
1846	1922
1510	1668
2079	2121
1545	1673
1521	1785
1066	1226
1597	1629
1423	1541
1284	1364
1677	1817
1601	1735
1763	2111
1716	1750
1028	1232
1734	1916
1211	1235
1784	1894
892	1090
1289	1453
1086	1250
1076	1264
978	998
1769	2077
1434	1554
1859	2273
1864	1940
1309	1335
983	1153
1807	1957
1599	1839
1498	1758
1073	1185
1188	1452
1073	1095
1595	1627
1330	1594
