HFSDDW
150	30	10
0	16	1	82	2	46	3	74	4	53	5	90	6	84	7	17	8	15	9	25
0	93	1	81	2	8	3	42	4	12	5	26	6	57	7	9	8	12	9	67
0	48	1	44	2	81	3	57	4	82	5	91	6	77	7	7	8	70	9	21
0	88	1	31	2	19	3	99	4	88	5	68	6	42	7	36	8	91	9	96
0	14	1	44	2	6	3	32	4	19	5	48	6	84	7	44	8	91	9	93
0	9	1	72	2	53	3	59	4	71	5	72	6	2	7	88	8	91	9	61
0	13	1	78	2	47	3	94	4	37	5	63	6	63	7	9	8	54	9	43
0	83	1	22	2	17	3	16	4	54	5	4	6	38	7	50	8	39	9	35
0	8	1	34	2	15	3	77	4	12	5	16	6	77	7	59	8	28	9	17
0	67	1	54	2	44	3	30	4	83	5	36	6	97	7	12	8	95	9	56
0	85	1	76	2	89	3	49	4	11	5	86	6	56	7	38	8	6	9	67
0	34	1	51	2	50	3	57	4	54	5	79	6	64	7	69	8	82	9	21
0	85	1	5	2	80	3	37	4	76	5	30	6	77	7	86	8	33	9	18
0	7	1	27	2	55	3	82	4	49	5	32	6	44	7	65	8	66	9	26
0	60	1	39	2	53	3	61	4	83	5	16	6	4	7	87	8	76	9	5
0	71	1	28	2	30	3	74	4	70	5	81	6	95	7	52	8	72	9	81
0	10	1	69	2	6	3	88	4	61	5	7	6	95	7	68	8	8	9	23
0	35	1	98	2	4	3	57	4	61	5	46	6	51	7	19	8	54	9	60
0	26	1	90	2	11	3	28	4	47	5	78	6	97	7	81	8	12	9	68
0	36	1	92	2	93	3	85	4	16	5	90	6	34	7	65	8	1	9	77
0	21	1	36	2	79	3	53	4	70	5	73	6	25	7	72	8	13	9	25
0	30	1	77	2	98	3	13	4	55	5	19	6	58	7	77	8	41	9	82
0	9	1	15	2	56	3	39	4	86	5	43	6	6	7	19	8	41	9	71
0	13	1	86	2	19	3	77	4	40	5	90	6	12	7	57	8	58	9	74
0	54	1	25	2	69	3	87	4	39	5	59	6	93	7	80	8	30	9	97
0	32	1	57	2	24	3	18	4	68	5	6	6	79	7	40	8	67	9	27
0	67	1	6	2	32	3	42	4	13	5	44	6	58	7	21	8	72	9	64
0	7	1	2	2	19	3	67	4	29	5	83	6	46	7	69	8	1	9	28
0	49	1	25	2	88	3	43	4	39	5	55	6	62	7	1	8	10	9	34
0	12	1	72	2	90	3	32	4	7	5	48	6	92	7	28	8	75	9	95
0	1	1	73	2	8	3	65	4	91	5	31	6	39	7	56	8	89	9	84
0	60	1	10	2	39	3	39	4	78	5	42	6	17	7	89	8	3	9	57
0	81	1	58	2	12	3	39	4	53	5	35	6	11	7	87	8	61	9	81
0	90	1	18	2	94	3	6	4	28	5	76	6	17	7	24	8	52	9	8
0	17	1	6	2	11	3	25	4	73	5	2	6	33	7	51	8	53	9	64
0	31	1	4	2	25	3	18	4	15	5	42	6	62	7	69	8	12	9	56
0	20	1	51	2	95	3	9	4	94	5	42	6	16	7	34	8	12	9	3
0	26	1	93	2	38	3	94	4	40	5	75	6	48	7	87	8	66	9	51
0	2	1	59	2	34	3	96	4	50	5	87	6	93	7	76	8	91	9	85
0	14	1	48	2	12	3	95	4	88	5	65	6	11	7	3	8	31	9	31
0	86	1	98	2	40	3	51	4	39	5	37	6	66	7	30	8	78	9	39
0	94	1	74	2	4	3	61	4	55	5	60	6	18	7	98	8	58	9	8
0	49	1	40	2	43	3	26	4	88	5	78	6	81	7	42	8	7	9	75
0	65	1	46	2	56	3	35	4	65	5	3	6	20	7	83	8	58	9	13
0	21	1	63	2	98	3	52	4	91	5	39	6	44	7	51	8	41	9	28
0	48	1	12	2	44	3	24	4	82	5	47	6	56	7	14	8	62	9	61
0	56	1	25	2	24	3	3	4	74	5	48	6	19	7	68	8	96	9	52
0	41	1	34	2	41	3	45	4	86	5	85	6	42	7	91	8	35	9	49
0	34	1	31	2	1	3	78	4	27	5	53	6	2	7	33	8	53	9	18
0	47	1	6	2	21	3	97	4	57	5	96	6	40	7	95	8	78	9	43
0	21	1	75	2	54	3	89	4	87	5	14	6	71	7	98	8	37	9	96
0	6	1	65	2	79	3	14	4	27	5	25	6	24	7	45	8	76	9	21
0	47	1	85	2	16	3	78	4	5	5	35	6	14	7	43	8	88	9	90
0	46	1	46	2	14	3	91	4	28	5	58	6	76	7	12	8	91	9	14
0	82	1	4	2	96	3	57	4	13	5	82	6	27	7	8	8	70	9	33
0	73	1	94	2	20	3	57	4	96	5	36	6	60	7	76	8	84	9	52
0	99	1	28	2	11	3	47	4	50	5	59	6	52	7	87	8	85	9	69
0	48	1	12	2	53	3	62	4	39	5	43	6	88	7	59	8	66	9	23
0	9	1	7	2	73	3	55	4	17	5	52	6	27	7	56	8	95	9	91
0	98	1	1	2	28	3	40	4	14	5	55	6	92	7	50	8	8	9	54
0	31	1	39	2	22	3	1	4	84	5	61	6	41	7	57	8	19	9	53
0	47	1	1	2	10	3	62	4	43	5	93	6	54	7	55	8	30	9	97
0	32	1	95	2	92	3	93	4	71	5	47	6	84	7	14	8	48	9	83
0	51	1	39	2	52	3	12	4	92	5	70	6	84	7	72	8	71	9	56
0	11	1	70	2	37	3	42	4	45	5	97	6	90	7	66	8	96	9	20
0	1	1	38	2	20	3	10	4	23	5	35	6	46	7	28	8	30	9	37
0	77	1	28	2	9	3	35	4	3	5	9	6	49	7	98	8	70	9	73
0	10	1	82	2	84	3	73	4	86	5	62	6	58	7	51	8	49	9	73
0	56	1	19	2	17	3	29	4	83	5	13	6	19	7	42	8	89	9	57
0	25	1	56	2	42	3	34	4	79	5	83	6	61	7	3	8	40	9	36
0	49	1	92	2	95	3	24	4	10	5	19	6	54	7	46	8	23	9	60
0	77	1	95	2	79	3	56	4	81	5	58	6	11	7	80	8	52	9	89
0	89	1	7	2	10	3	13	4	48	5	54	6	40	7	50	8	94	9	4
0	1	1	56	2	11	3	13	4	25	5	64	6	23	7	92	8	19	9	64
0	59	1	72	2	20	3	29	4	80	5	29	6	77	7	85	8	53	9	21
0	72	1	80	2	50	3	50	4	47	5	42	6	83	7	83	8	75	9	56
0	79	1	4	2	52	3	20	4	60	5	21	6	84	7	66	8	32	9	18
0	36	1	18	2	62	3	87	4	30	5	17	6	86	7	80	8	33	9	19
0	76	1	54	2	97	3	73	4	31	5	21	6	6	7	61	8	65	9	82
0	80	1	40	2	17	3	62	4	85	5	56	6	21	7	1	8	69	9	59
0	45	1	11	2	54	3	35	4	85	5	54	6	19	7	63	8	20	9	31
0	55	1	3	2	51	3	57	4	80	5	26	6	6	7	78	8	88	9	39
0	16	1	24	2	1	3	49	4	37	5	95	6	1	7	99	8	3	9	73
0	95	1	86	2	12	3	73	4	74	5	66	6	99	7	62	8	88	9	77
0	2	1	43	2	41	3	35	4	28	5	77	6	89	7	60	8	82	9	60
0	51	1	43	2	13	3	30	4	44	5	22	6	11	7	6	8	98	9	89
0	53	1	19	2	61	3	46	4	36	5	69	6	91	7	77	8	82	9	15
0	26	1	43	2	90	3	12	4	38	5	73	6	83	7	66	8	22	9	59
0	7	1	41	2	18	3	42	4	23	5	53	6	74	7	81	8	30	9	53
0	55	1	94	2	64	3	98	4	24	5	82	6	82	7	94	8	99	9	59
0	86	1	12	2	78	3	68	4	35	5	9	6	53	7	1	8	91	9	71
0	39	1	44	2	84	3	39	4	82	5	13	6	2	7	19	8	24	9	82
0	94	1	10	2	47	3	30	4	59	5	32	6	78	7	91	8	87	9	55
0	91	1	88	2	66	3	63	4	73	5	94	6	62	7	50	8	8	9	15
0	1	1	73	2	90	3	59	4	15	5	11	6	11	7	25	8	16	9	11
0	81	1	63	2	70	3	17	4	64	5	76	6	65	7	49	8	10	9	3
0	30	1	61	2	13	3	37	4	79	5	50	6	78	7	21	8	66	9	88
0	50	1	52	2	12	3	9	4	82	5	21	6	20	7	87	8	15	9	48
0	22	1	54	2	76	3	77	4	74	5	28	6	18	7	50	8	98	9	96
0	30	1	14	2	40	3	5	4	85	5	39	6	60	7	53	8	79	9	65
0	33	1	89	2	58	3	28	4	60	5	30	6	52	7	61	8	35	9	44
0	57	1	77	2	34	3	62	4	81	5	76	6	84	7	36	8	63	9	52
0	32	1	28	2	23	3	70	4	58	5	37	6	12	7	7	8	24	9	43
0	60	1	66	2	8	3	50	4	15	5	33	6	95	7	49	8	17	9	44
0	76	1	56	2	16	3	55	4	39	5	52	6	79	7	78	8	24	9	10
0	55	1	25	2	90	3	28	4	33	5	6	6	66	7	88	8	69	9	24
0	18	1	45	2	38	3	91	4	83	5	90	6	69	7	84	8	47	9	49
0	80	1	36	2	20	3	19	4	75	5	75	6	13	7	68	8	31	9	7
0	57	1	33	2	83	3	15	4	88	5	36	6	76	7	80	8	17	9	10
0	66	1	8	2	79	3	93	4	27	5	32	6	19	7	24	8	72	9	49
0	82	1	95	2	31	3	75	4	29	5	19	6	5	7	72	8	53	9	57
0	92	1	98	2	57	3	62	4	66	5	85	6	62	7	23	8	4	9	47
0	15	1	89	2	67	3	38	4	82	5	73	6	57	7	26	8	91	9	43
0	56	1	89	2	95	3	82	4	24	5	61	6	2	7	9	8	86	9	70
0	31	1	4	2	27	3	60	4	17	5	68	6	50	7	17	8	27	9	42
0	70	1	96	2	21	3	25	4	35	5	92	6	29	7	93	8	92	9	56
0	62	1	79	2	80	3	10	4	2	5	4	6	3	7	75	8	39	9	5
0	83	1	54	2	37	3	33	4	16	5	11	6	63	7	8	8	21	9	15
0	23	1	40	2	98	3	50	4	73	5	60	6	68	7	71	8	48	9	31
0	33	1	9	2	16	3	30	4	9	5	52	6	24	7	17	8	58	9	14
0	65	1	75	2	78	3	23	4	58	5	17	6	60	7	87	8	9	9	24
0	30	1	22	2	72	3	77	4	33	5	22	6	80	7	30	8	37	9	41
0	35	1	32	2	28	3	8	4	72	5	74	6	38	7	7	8	25	9	64
0	87	1	46	2	49	3	8	4	50	5	48	6	62	7	76	8	91	9	57
0	1	1	81	2	62	3	24	4	2	5	11	6	37	7	39	8	97	9	86
0	71	1	93	2	80	3	18	4	79	5	34	6	48	7	71	8	50	9	84
0	78	1	53	2	62	3	45	4	37	5	84	6	73	7	65	8	28	9	85
0	60	1	4	2	38	3	79	4	41	5	54	6	69	7	4	8	7	9	62
0	38	1	98	2	10	3	39	4	92	5	93	6	65	7	31	8	29	9	16
0	1	1	91	2	27	3	8	4	78	5	47	6	19	7	18	8	86	9	18
0	37	1	71	2	11	3	12	4	26	5	68	6	56	7	2	8	77	9	25
0	65	1	44	2	64	3	87	4	46	5	80	6	44	7	24	8	52	9	44
0	19	1	42	2	37	3	12	4	85	5	69	6	77	7	30	8	1	9	93
0	36	1	51	2	18	3	89	4	25	5	66	6	88	7	97	8	13	9	25
0	37	1	64	2	54	3	4	4	51	5	56	6	27	7	39	8	62	9	98
0	3	1	94	2	66	3	43	4	98	5	95	6	35	7	99	8	27	9	57
0	90	1	26	2	1	3	83	4	89	5	14	6	27	7	75	8	63	9	79
0	91	1	47	2	11	3	27	4	7	5	54	6	88	7	33	8	60	9	29
0	43	1	38	2	68	3	2	4	90	5	41	6	85	7	74	8	90	9	30
0	32	1	88	2	70	3	55	4	34	5	12	6	63	7	70	8	15	9	38
0	30	1	51	2	76	3	82	4	7	5	56	6	84	7	39	8	36	9	45
0	8	1	2	2	39	3	98	4	15	5	53	6	57	7	99	8	92	9	49
0	29	1	52	2	85	3	34	4	48	5	4	6	77	7	55	8	93	9	94
0	91	1	18	2	19	3	23	4	98	5	91	6	62	7	86	8	95	9	35
0	57	1	46	2	38	3	46	4	23	5	30	6	50	7	72	8	41	9	81
0	55	1	64	2	78	3	66	4	9	5	78	6	66	7	42	8	34	9	4
0	79	1	29	2	46	3	42	4	53	5	89	6	83	7	16	8	99	9	23
0	90	1	70	2	5	3	58	4	91	5	82	6	14	7	40	8	12	9	18
0	53	1	5	2	15	3	12	4	40	5	27	6	39	7	53	8	14	9	21
0	26	1	20	2	52	3	91	4	56	5	29	6	1	7	96	8	92	9	33
LBCmax: 2842
RELDUE
-1	2215	5	1
-1	2000	1	2
-1	2666	8	3
-1	1737	8	1
-1	2974	6	4
-1	2856	5	4
-1	2444	9	7
-1	1767	2	8
-1	2684	4	6
-1	1871	5	9
-1	2518	9	2
-1	1864	2	1
-1	1945	7	5
-1	1697	2	1
-1	2286	9	7
-1	2684	4	9
-1	1660	5	5
-1	1996	9	3
-1	1447	8	6
-1	1871	3	5
-1	2281	6	8
-1	1945	9	5
-1	1463	1	2
-1	2755	8	1
-1	3072	3	2
-1	2616	3	1
-1	1731	1	6
-1	1639	2	4
-1	1446	8	9
-1	2502	5	3
-1	2821	1	7
-1	1711	1	9
-1	2235	9	6
-1	2766	8	4
-1	2639	7	9
-1	1745	1	8
-1	1963	3	9
-1	3054	4	1
-1	1776	2	7
-1	2373	1	5
-1	2565	7	2
-1	1745	8	8
-1	2760	5	4
-1	2908	9	9
-1	2387	4	6
-1	3124	5	8
-1	2947	2	9
-1	2037	5	8
-1	2112	8	1
-1	2822	5	4
-1	1666	3	4
-1	2559	4	4
-1	3043	2	4
-1	2540	7	1
-1	2821	3	1
-1	1690	2	1
-1	1957	9	9
-1	3037	6	9
-1	1791	9	2
-1	1778	5	5
-1	2546	6	9
-1	2225	1	2
-1	1741	4	2
-1	1603	7	4
-1	2176	5	5
-1	2227	2	1
-1	2756	3	6
-1	2306	2	4
-1	2184	7	5
-1	1962	7	1
-1	2141	7	9
-1	1732	6	3
-1	1640	4	4
-1	2200	9	2
-1	2433	4	5
-1	1956	9	6
-1	2312	6	9
-1	1681	8	4
-1	1789	3	3
-1	3075	9	9
-1	2796	7	4
-1	2820	5	7
-1	2654	8	2
-1	1751	8	3
-1	2256	8	2
-1	1683	2	5
-1	1794	5	5
-1	2821	8	7
-1	3071	3	7
-1	2370	7	9
-1	2915	3	6
-1	2052	9	1
-1	2683	5	6
-1	3125	5	3
-1	2954	8	7
-1	1760	1	5
-1	1424	5	7
-1	2577	4	3
-1	2152	5	8
-1	1580	4	3
-1	1788	6	7
-1	2061	3	3
-1	2979	3	5
-1	1571	2	2
-1	2101	1	2
-1	3061	1	5
-1	2339	5	1
-1	2264	6	1
-1	1528	4	5
-1	2286	3	3
-1	2504	7	5
-1	1696	4	1
-1	2669	1	7
-1	1842	9	7
-1	2108	1	5
-1	2852	2	4
-1	2698	4	5
-1	3117	4	6
-1	2474	4	7
-1	1914	7	1
-1	1854	5	3
-1	3062	2	7
-1	2361	7	6
-1	2941	9	5
-1	2173	2	3
-1	1509	9	1
-1	2176	6	2
-1	1642	5	1
-1	2373	3	2
-1	2093	2	6
-1	1952	5	4
-1	2862	1	5
-1	2656	9	6
-1	1630	2	1
-1	2708	7	1
-1	2156	7	7
-1	2967	7	3
-1	2504	8	4
-1	2776	4	7
-1	2322	4	5
-1	2470	7	5
-1	2656	6	8
-1	2714	6	2
-1	2206	8	2
-1	2993	9	3
-1	2640	4	2
-1	2510	5	1
-1	2261	5	1
-1	2437	3	6
-1	1522	7	1
DDW
2104	2326
1800	2200
2453	2879
1720	1754
2796	3152
2770	2942
2371	2517
1679	1855
2577	2791
1834	1908
2317	2719
1771	1957
1789	2101
1578	1816
2057	2515
2416	2952
1527	1793
1956	2036
1302	1592
1721	2021
2076	2486
1750	2140
1434	1492
2617	2893
2826	3318
2459	2773
1696	1766
1508	1770
1330	1562
2327	2677
2765	2877
1574	1848
2213	2257
2683	2849
2613	2665
1605	1885
1806	2120
2871	3237
1705	1847
2254	2492
2308	2822
1675	1815
2539	2981
2675	3141
2244	2530
2843	3405
2800	3094
1854	2220
2070	2154
2681	2963
1599	1733
2533	2585
2830	3256
2515	2565
2736	2906
1606	1774
1781	2133
2916	3158
1719	1863
1760	1796
2521	2571
2092	2358
1619	1863
1475	1731
2154	2198
2004	2450
2618	2894
2191	2421
2031	2337
1923	2001
2077	2205
1680	1784
1492	1788
2068	2332
2238	2628
1858	2054
2243	2381
1614	1748
1628	1950
2798	3352
2740	2852
2735	2905
2468	2840
1698	1804
2166	2346
1666	1700
1776	1812
2539	3103
3040	3102
2204	2536
2624	3206
1949	2155
2603	2763
3000	3250
2836	3072
1690	1830
1324	1524
2551	2603
1980	2324
1485	1675
1699	1877
1855	2267
2890	3068
1414	1728
2038	2164
3000	3122
2292	2386
2219	2309
1482	1574
2103	2469
2429	2579
1611	1781
2536	2802
1731	1953
1918	2298
2624	3080
2428	2968
2961	3273
2375	2573
1723	2105
1669	2039
2909	3215
2243	2479
2912	2970
2130	2216
1373	1645
2154	2198
1543	1741
2326	2420
1988	2198
1796	2108
2805	2919
2470	2842
1581	1679
2573	2843
2091	2221
2937	2997
2329	2679
2498	3054
2252	2392
2248	2692
2417	2895
2497	2931
2118	2294
2843	3143
2482	2798
2259	2761
2103	2419
2315	2559
1431	1613
