HFSDDW
100	25	5
0	86	1	56	2	35	3	54	4	36
0	37	1	66	2	40	3	43	4	70
0	84	1	72	2	39	3	24	4	36
0	89	1	85	2	69	3	72	4	41
0	74	1	39	2	38	3	34	4	22
0	86	1	54	2	8	3	87	4	77
0	4	1	14	2	30	3	2	4	95
0	63	1	23	2	85	3	18	4	44
0	50	1	1	2	19	3	31	4	82
0	85	1	36	2	18	3	63	4	53
0	99	1	7	2	93	3	35	4	51
0	48	1	18	2	1	3	32	4	50
0	82	1	58	2	53	3	66	4	67
0	71	1	43	2	38	3	29	4	72
0	66	1	1	2	51	3	28	4	91
0	74	1	20	2	8	3	52	4	37
0	50	1	36	2	44	3	34	4	78
0	96	1	21	2	94	3	50	4	48
0	45	1	23	2	53	3	68	4	61
0	92	1	48	2	53	3	64	4	12
0	43	1	98	2	89	3	90	4	87
0	99	1	55	2	65	3	44	4	77
0	28	1	11	2	49	3	95	4	1
0	46	1	14	2	19	3	87	4	70
0	50	1	48	2	88	3	80	4	28
0	44	1	47	2	83	3	67	4	99
0	26	1	66	2	44	3	40	4	94
0	51	1	46	2	54	3	47	4	78
0	42	1	56	2	51	3	73	4	20
0	35	1	74	2	58	3	67	4	15
0	78	1	29	2	65	3	93	4	61
0	94	1	11	2	10	3	63	4	43
0	52	1	71	2	97	3	45	4	51
0	61	1	66	2	9	3	1	4	49
0	99	1	60	2	71	3	10	4	28
0	94	1	96	2	15	3	60	4	92
0	70	1	89	2	17	3	52	4	21
0	97	1	1	2	50	3	79	4	99
0	41	1	37	2	90	3	4	4	27
0	71	1	58	2	7	3	22	4	59
0	69	1	65	2	57	3	18	4	15
0	18	1	57	2	56	3	66	4	66
0	97	1	95	2	49	3	71	4	73
0	63	1	55	2	45	3	24	4	54
0	61	1	17	2	30	3	2	4	9
0	63	1	70	2	67	3	82	4	57
0	36	1	90	2	92	3	2	4	24
0	5	1	32	2	98	3	38	4	4
0	40	1	44	2	84	3	13	4	2
0	46	1	87	2	20	3	31	4	63
0	17	1	14	2	82	3	68	4	97
0	52	1	36	2	56	3	10	4	52
0	47	1	89	2	73	3	10	4	30
0	8	1	3	2	48	3	47	4	68
0	31	1	56	2	8	3	20	4	14
0	17	1	32	2	17	3	99	4	62
0	75	1	51	2	37	3	20	4	40
0	23	1	9	2	25	3	4	4	71
0	69	1	76	2	88	3	85	4	57
0	50	1	70	2	75	3	82	4	94
0	43	1	40	2	72	3	63	4	33
0	60	1	6	2	63	3	54	4	81
0	21	1	19	2	56	3	47	4	76
0	96	1	53	2	54	3	69	4	8
0	99	1	78	2	44	3	76	4	98
0	54	1	67	2	22	3	63	4	64
0	46	1	57	2	35	3	5	4	20
0	35	1	78	2	73	3	86	4	79
0	17	1	46	2	70	3	23	4	50
0	51	1	21	2	42	3	9	4	60
0	96	1	17	2	7	3	75	4	95
0	65	1	96	2	96	3	64	4	78
0	92	1	84	2	99	3	90	4	36
0	64	1	83	2	52	3	28	4	42
0	18	1	79	2	68	3	89	4	90
0	54	1	9	2	22	3	26	4	47
0	34	1	26	2	13	3	3	4	68
0	30	1	50	2	59	3	9	4	55
0	39	1	82	2	9	3	9	4	87
0	33	1	46	2	80	3	86	4	86
0	68	1	68	2	14	3	67	4	42
0	17	1	48	2	17	3	85	4	42
0	57	1	74	2	70	3	18	4	44
0	67	1	71	2	96	3	23	4	6
0	14	1	24	2	43	3	72	4	3
0	36	1	70	2	60	3	3	4	57
0	8	1	28	2	35	3	39	4	79
0	65	1	12	2	45	3	61	4	51
0	81	1	33	2	74	3	67	4	98
0	65	1	13	2	91	3	64	4	20
0	61	1	49	2	58	3	81	4	72
0	44	1	26	2	41	3	65	4	7
0	46	1	88	2	15	3	28	4	35
0	29	1	39	2	31	3	38	4	79
0	55	1	26	2	36	3	71	4	25
0	80	1	50	2	75	3	74	4	38
0	24	1	79	2	96	3	82	4	95
0	58	1	70	2	54	3	66	4	36
0	39	1	71	2	80	3	54	4	5
0	93	1	19	2	47	3	33	4	70
LBCmax: 1203
RELDUE
-1	663	8	4
-1	797	4	3
-1	730	9	2
-1	806	7	4
-1	759	3	4
-1	686	5	3
-1	634	9	9
-1	809	1	9
-1	737	2	9
-1	823	9	5
-1	828	1	2
-1	723	7	4
-1	762	2	7
-1	666	2	8
-1	802	1	2
-1	764	1	2
-1	824	5	1
-1	680	7	4
-1	679	5	8
-1	785	4	1
-1	741	1	5
-1	806	6	5
-1	756	2	9
-1	606	8	7
-1	697	4	7
-1	803	9	7
-1	710	7	9
-1	798	5	6
-1	763	7	9
-1	676	2	3
-1	751	1	9
-1	608	4	1
-1	705	3	4
-1	612	8	8
-1	630	3	6
-1	702	5	4
-1	663	5	8
-1	628	5	5
-1	641	6	2
-1	746	3	2
-1	708	8	4
-1	804	5	3
-1	837	3	3
-1	781	4	5
-1	701	6	1
-1	815	6	6
-1	610	7	1
-1	731	1	2
-1	772	1	6
-1	690	3	8
-1	603	2	1
-1	808	5	7
-1	635	3	5
-1	737	2	9
-1	629	5	9
-1	699	1	6
-1	641	7	9
-1	724	5	6
-1	710	4	1
-1	798	7	9
-1	818	9	3
-1	679	2	2
-1	647	9	8
-1	662	7	5
-1	672	8	3
-1	821	5	9
-1	619	8	5
-1	751	1	7
-1	637	9	7
-1	701	1	8
-1	702	2	5
-1	796	1	7
-1	639	1	1
-1	775	8	7
-1	678	6	4
-1	779	7	9
-1	812	8	3
-1	818	8	8
-1	748	8	4
-1	724	7	4
-1	794	7	7
-1	822	2	2
-1	626	5	1
-1	673	7	3
-1	674	9	7
-1	786	7	7
-1	816	1	9
-1	810	8	5
-1	825	3	5
-1	773	1	9
-1	661	1	9
-1	781	8	4
-1	761	5	5
-1	686	2	6
-1	770	6	2
-1	629	9	6
-1	758	1	7
-1	775	1	4
-1	709	4	9
-1	722	3	1
DDW
610	716
693	901
606	854
653	959
645	873
672	700
514	754
655	963
663	811
774	872
720	936
658	788
716	808
553	779
738	866
642	886
676	972
578	782
591	767
628	942
608	874
782	830
665	847
509	703
585	809
787	819
618	802
734	862
618	908
608	744
721	781
565	651
670	740
490	734
561	699
646	758
636	690
509	747
558	724
671	821
623	793
764	844
812	862
719	843
624	778
734	896
567	653
702	760
718	826
656	724
543	663
711	905
597	673
693	781
604	654
657	741
628	654
717	731
689	731
694	902
744	892
598	760
641	653
530	794
659	685
764	878
594	644
706	796
592	682
561	841
611	793
645	947
620	658
744	806
624	732
678	880
804	820
785	851
703	793
673	775
667	921
740	904
613	639
579	767
539	809
684	888
800	832
648	972
685	965
734	812
615	707
758	804
632	890
549	823
755	785
623	635
720	796
752	798
659	759
693	751
