HFSDDW
50	30	10
0	98	1	49	2	96	3	32	4	61	5	94	6	12	7	44	8	22	9	62
0	13	1	94	2	78	3	41	4	15	5	14	6	94	7	50	8	2	9	84
0	8	1	18	2	29	3	78	4	55	5	74	6	38	7	65	8	61	9	90
0	87	1	22	2	65	3	69	4	27	5	82	6	79	7	66	8	21	9	90
0	63	1	5	2	63	3	15	4	15	5	42	6	92	7	91	8	27	9	7
0	34	1	83	2	99	3	40	4	17	5	80	6	21	7	19	8	76	9	87
0	57	1	47	2	82	3	31	4	74	5	90	6	30	7	10	8	14	9	33
0	35	1	29	2	30	3	11	4	22	5	3	6	55	7	14	8	64	9	14
0	81	1	47	2	38	3	55	4	57	5	5	6	23	7	25	8	52	9	46
0	62	1	61	2	89	3	33	4	34	5	17	6	22	7	32	8	40	9	24
0	12	1	82	2	77	3	94	4	72	5	6	6	53	7	88	8	19	9	14
0	25	1	7	2	55	3	62	4	6	5	10	6	9	7	28	8	74	9	70
0	67	1	5	2	58	3	68	4	70	5	73	6	39	7	96	8	77	9	6
0	81	1	24	2	74	3	40	4	2	5	99	6	69	7	43	8	82	9	51
0	51	1	35	2	7	3	39	4	21	5	55	6	7	7	28	8	28	9	24
0	8	1	94	2	58	3	69	4	57	5	8	6	25	7	10	8	24	9	98
0	67	1	57	2	12	3	13	4	33	5	2	6	33	7	15	8	60	9	7
0	40	1	65	2	45	3	23	4	19	5	33	6	98	7	19	8	47	9	15
0	67	1	12	2	69	3	53	4	97	5	86	6	65	7	5	8	82	9	94
0	74	1	60	2	19	3	83	4	84	5	94	6	23	7	93	8	6	9	19
0	23	1	91	2	67	3	21	4	83	5	42	6	49	7	36	8	50	9	25
0	10	1	6	2	62	3	10	4	32	5	55	6	87	7	58	8	16	9	46
0	37	1	28	2	33	3	65	4	33	5	80	6	46	7	62	8	38	9	25
0	10	1	5	2	14	3	28	4	91	5	76	6	45	7	48	8	70	9	56
0	38	1	30	2	54	3	58	4	85	5	68	6	98	7	10	8	52	9	29
0	7	1	65	2	78	3	60	4	82	5	95	6	59	7	2	8	88	9	4
0	95	1	86	2	97	3	26	4	15	5	5	6	92	7	35	8	18	9	55
0	11	1	40	2	88	3	60	4	9	5	8	6	73	7	74	8	80	9	65
0	81	1	37	2	11	3	9	4	19	5	45	6	27	7	54	8	45	9	96
0	18	1	43	2	60	3	66	4	60	5	51	6	32	7	29	8	43	9	81
0	75	1	63	2	92	3	96	4	19	5	67	6	76	7	19	8	51	9	75
0	22	1	84	2	22	3	24	4	22	5	59	6	76	7	88	8	8	9	70
0	78	1	39	2	89	3	21	4	37	5	68	6	79	7	22	8	99	9	58
0	75	1	45	2	32	3	99	4	89	5	19	6	44	7	14	8	90	9	52
0	68	1	8	2	3	3	70	4	74	5	34	6	22	7	37	8	45	9	1
0	74	1	43	2	22	3	73	4	3	5	36	6	74	7	71	8	59	9	51
0	87	1	55	2	19	3	92	4	99	5	77	6	53	7	23	8	34	9	4
0	15	1	63	2	98	3	55	4	2	5	70	6	37	7	19	8	47	9	4
0	46	1	43	2	77	3	98	4	84	5	32	6	23	7	59	8	96	9	54
0	44	1	73	2	54	3	40	4	65	5	14	6	88	7	11	8	71	9	97
0	81	1	99	2	3	3	41	4	86	5	12	6	45	7	66	8	71	9	32
0	99	1	55	2	24	3	56	4	5	5	44	6	77	7	20	8	9	9	67
0	54	1	93	2	26	3	80	4	59	5	41	6	9	7	58	8	90	9	88
0	81	1	27	2	48	3	50	4	23	5	47	6	40	7	36	8	13	9	73
0	86	1	57	2	88	3	64	4	55	5	88	6	49	7	98	8	35	9	21
0	36	1	69	2	2	3	4	4	43	5	87	6	73	7	23	8	81	9	45
0	3	1	86	2	75	3	82	4	51	5	73	6	8	7	74	8	34	9	58
0	4	1	41	2	8	3	36	4	81	5	97	6	6	7	62	8	26	9	71
0	92	1	11	2	24	3	70	4	52	5	13	6	25	7	45	8	7	9	35
0	73	1	18	2	55	3	68	4	70	5	1	6	81	7	6	8	14	9	82
LBCmax: 1127
RELDUE
-1	1250	4	7
-1	1182	7	7
-1	1070	4	2
-1	1207	1	6
-1	529	9	3
-1	1409	1	3
-1	1033	1	4
-1	1084	3	8
-1	587	6	5
-1	854	2	4
-1	1260	5	2
-1	466	5	7
-1	1435	8	9
-1	454	4	1
-1	930	5	3
-1	1375	6	4
-1	1050	3	8
-1	401	4	4
-1	676	3	7
-1	765	1	7
-1	878	1	8
-1	1041	5	3
-1	1098	5	3
-1	1447	6	8
-1	1290	3	7
-1	1310	9	6
-1	1314	3	8
-1	781	3	2
-1	1071	3	1
-1	1250	8	5
-1	516	8	1
-1	1465	2	7
-1	884	6	6
-1	830	9	2
-1	1356	9	9
-1	534	6	9
-1	851	4	5
-1	862	3	7
-1	936	6	3
-1	984	3	6
-1	914	3	6
-1	999	7	7
-1	596	3	9
-1	1026	2	4
-1	938	5	3
-1	1038	2	2
-1	566	8	6
-1	837	9	1
-1	511	6	8
-1	1223	6	8
DDW
1162	1338
1076	1288
888	1252
1098	1316
513	545
1381	1437
981	1085
911	1257
517	657
743	965
1109	1411
377	555
1205	1665
422	486
902	958
1306	1444
987	1113
361	441
608	744
658	872
790	966
926	1156
955	1241
1230	1664
1096	1484
1205	1415
1288	1340
656	906
942	1200
1200	1300
506	526
1231	1699
751	1017
755	905
1275	1437
438	630
723	979
802	922
824	1048
954	1014
768	1060
909	1089
489	703
841	1211
807	1069
986	1090
515	617
745	929
455	567
1040	1406
