HFSDDW
50	15	5
0	15	1	43	2	52	3	47	4	13
0	30	1	11	2	96	3	10	4	78
0	22	1	5	2	79	3	20	4	95
0	18	1	28	2	79	3	42	4	86
0	92	1	52	2	48	3	30	4	80
0	37	1	29	2	43	3	80	4	1
0	75	1	97	2	52	3	31	4	50
0	29	1	51	2	36	3	48	4	55
0	48	1	46	2	84	3	82	4	69
0	83	1	4	2	49	3	61	4	87
0	69	1	19	2	70	3	30	4	24
0	62	1	95	2	23	3	66	4	75
0	2	1	68	2	17	3	10	4	4
0	24	1	52	2	48	3	69	4	67
0	67	1	91	2	32	3	87	4	39
0	46	1	68	2	65	3	60	4	96
0	34	1	80	2	81	3	92	4	32
0	57	1	28	2	23	3	7	4	88
0	33	1	28	2	70	3	73	4	54
0	79	1	30	2	74	3	79	4	46
0	31	1	56	2	79	3	93	4	21
0	77	1	87	2	83	3	91	4	78
0	94	1	30	2	62	3	70	4	42
0	22	1	86	2	25	3	77	4	47
0	96	1	30	2	41	3	81	4	35
0	39	1	22	2	58	3	34	4	59
0	17	1	93	2	85	3	15	4	65
0	77	1	1	2	88	3	71	4	55
0	70	1	44	2	32	3	29	4	93
0	3	1	66	2	99	3	31	4	32
0	93	1	5	2	97	3	33	4	49
0	2	1	15	2	97	3	59	4	82
0	56	1	29	2	50	3	32	4	61
0	1	1	45	2	48	3	5	4	64
0	21	1	98	2	53	3	23	4	77
0	52	1	97	2	12	3	88	4	32
0	73	1	22	2	28	3	2	4	66
0	12	1	96	2	53	3	65	4	63
0	63	1	4	2	29	3	89	4	99
0	41	1	94	2	99	3	68	4	92
0	58	1	18	2	95	3	67	4	12
0	94	1	52	2	74	3	56	4	96
0	4	1	3	2	9	3	28	4	10
0	34	1	2	2	48	3	66	4	49
0	5	1	91	2	82	3	41	4	2
0	17	1	69	2	64	3	24	4	36
0	58	1	98	2	44	3	95	4	73
0	55	1	27	2	60	3	89	4	71
0	60	1	23	2	96	3	69	4	59
0	60	1	94	2	2	3	80	4	65
LBCmax: 1052
RELDUE
-1	738	1	8
-1	798	5	3
-1	673	6	9
-1	516	8	4
-1	1247	3	1
-1	1018	7	3
-1	691	7	3
-1	888	7	6
-1	1004	1	9
-1	1316	3	3
-1	577	4	4
-1	1245	1	5
-1	843	4	4
-1	529	5	6
-1	722	5	2
-1	378	1	2
-1	936	8	3
-1	455	4	4
-1	891	2	6
-1	884	1	9
-1	391	3	3
-1	743	9	1
-1	935	4	9
-1	1306	9	7
-1	1252	2	9
-1	1174	7	8
-1	1314	5	1
-1	456	2	7
-1	1173	7	9
-1	756	9	3
-1	546	5	3
-1	1036	9	2
-1	1197	9	5
-1	933	4	5
-1	1321	8	3
-1	445	4	5
-1	990	9	3
-1	579	1	2
-1	391	4	1
-1	382	2	4
-1	521	4	7
-1	1076	4	6
-1	1316	5	3
-1	1311	6	8
-1	809	2	7
-1	1071	6	3
-1	1079	6	7
-1	1122	4	1
-1	634	3	8
-1	880	1	8
DDW
649	827
710	886
552	794
423	609
1097	1397
967	1069
567	815
844	932
994	1014
1066	1566
542	612
1071	1419
700	986
471	587
592	852
318	438
777	1095
419	491
775	1007
760	1008
321	461
646	840
879	991
1280	1332
1077	1427
1139	1209
1091	1537
442	470
962	1384
605	907
448	644
912	1160
1185	1209
868	998
1110	1532
369	521
812	1168
515	643
387	395
359	405
479	563
979	1173
1105	1527
1245	1377
728	890
857	1285
993	1165
1088	1156
520	748
766	994
