HFSDDW
100	50	10
0	9	1	35	2	68	3	1	4	74	5	60	6	37	7	73	8	37	9	26
0	39	1	57	2	93	3	18	4	75	5	33	6	43	7	66	8	15	9	64
0	45	1	97	2	79	3	49	4	28	5	12	6	82	7	94	8	96	9	97
0	73	1	60	2	96	3	77	4	85	5	79	6	5	7	45	8	80	9	30
0	72	1	24	2	87	3	39	4	80	5	41	6	22	7	33	8	84	9	58
0	10	1	43	2	49	3	28	4	40	5	11	6	56	7	19	8	73	9	63
0	78	1	42	2	76	3	40	4	53	5	79	6	60	7	17	8	33	9	95
0	29	1	98	2	85	3	84	4	92	5	21	6	10	7	40	8	68	9	86
0	90	1	50	2	11	3	39	4	87	5	30	6	12	7	69	8	37	9	74
0	24	1	85	2	72	3	18	4	52	5	30	6	48	7	47	8	86	9	2
0	81	1	5	2	99	3	88	4	30	5	12	6	57	7	64	8	35	9	20
0	1	1	16	2	51	3	87	4	73	5	28	6	32	7	37	8	53	9	23
0	68	1	90	2	79	3	58	4	72	5	43	6	27	7	68	8	33	9	63
0	73	1	63	2	54	3	67	4	5	5	85	6	50	7	22	8	10	9	75
0	72	1	47	2	34	3	18	4	73	5	8	6	35	7	84	8	44	9	24
0	98	1	11	2	94	3	63	4	33	5	90	6	26	7	41	8	17	9	86
0	85	1	88	2	31	3	72	4	46	5	38	6	61	7	83	8	82	9	88
0	77	1	10	2	27	3	77	4	51	5	21	6	57	7	62	8	84	9	64
0	8	1	42	2	25	3	9	4	64	5	62	6	68	7	91	8	34	9	14
0	59	1	9	2	6	3	23	4	90	5	83	6	17	7	62	8	71	9	36
0	46	1	51	2	3	3	56	4	46	5	89	6	83	7	18	8	12	9	13
0	34	1	63	2	56	3	52	4	79	5	44	6	64	7	22	8	8	9	84
0	70	1	70	2	50	3	69	4	29	5	68	6	4	7	5	8	87	9	67
0	5	1	94	2	91	3	49	4	19	5	56	6	39	7	69	8	63	9	75
0	78	1	51	2	79	3	22	4	79	5	96	6	53	7	53	8	44	9	47
0	20	1	94	2	54	3	87	4	65	5	76	6	2	7	33	8	27	9	77
0	85	1	79	2	31	3	45	4	8	5	40	6	72	7	8	8	34	9	23
0	5	1	95	2	59	3	32	4	6	5	19	6	90	7	28	8	89	9	32
0	16	1	50	2	60	3	40	4	48	5	11	6	40	7	5	8	83	9	42
0	55	1	7	2	42	3	85	4	90	5	98	6	21	7	35	8	14	9	40
0	25	1	45	2	20	3	22	4	42	5	24	6	35	7	22	8	81	9	47
0	85	1	73	2	44	3	95	4	61	5	35	6	19	7	90	8	97	9	97
0	99	1	67	2	24	3	91	4	68	5	98	6	54	7	74	8	42	9	7
0	98	1	56	2	15	3	50	4	8	5	70	6	31	7	39	8	97	9	24
0	76	1	18	2	23	3	37	4	56	5	82	6	62	7	47	8	24	9	55
0	80	1	31	2	37	3	17	4	40	5	57	6	22	7	29	8	53	9	44
0	70	1	60	2	80	3	74	4	48	5	30	6	59	7	93	8	87	9	90
0	5	1	80	2	92	3	74	4	22	5	81	6	44	7	86	8	35	9	86
0	36	1	8	2	51	3	87	4	27	5	68	6	19	7	97	8	10	9	50
0	49	1	2	2	85	3	54	4	53	5	16	6	38	7	49	8	89	9	27
0	23	1	68	2	59	3	33	4	51	5	99	6	38	7	63	8	95	9	58
0	13	1	36	2	93	3	67	4	9	5	63	6	10	7	92	8	47	9	79
0	12	1	61	2	84	3	37	4	42	5	3	6	94	7	39	8	21	9	6
0	44	1	95	2	97	3	9	4	63	5	67	6	48	7	18	8	37	9	27
0	30	1	56	2	3	3	51	4	38	5	14	6	9	7	18	8	46	9	90
0	7	1	46	2	2	3	10	4	16	5	62	6	84	7	22	8	90	9	48
0	6	1	99	2	43	3	89	4	15	5	18	6	39	7	85	8	5	9	41
0	15	1	91	2	56	3	20	4	49	5	55	6	59	7	33	8	99	9	29
0	94	1	76	2	92	3	30	4	99	5	97	6	93	7	87	8	92	9	1
0	82	1	27	2	28	3	88	4	22	5	31	6	14	7	13	8	36	9	21
0	74	1	23	2	13	3	5	4	76	5	15	6	89	7	81	8	60	9	60
0	4	1	52	2	23	3	62	4	54	5	29	6	7	7	13	8	90	9	18
0	24	1	51	2	92	3	5	4	59	5	88	6	64	7	67	8	98	9	19
0	42	1	46	2	96	3	79	4	54	5	71	6	63	7	88	8	54	9	84
0	8	1	13	2	27	3	33	4	97	5	30	6	4	7	66	8	35	9	92
0	24	1	1	2	23	3	19	4	97	5	24	6	31	7	9	8	46	9	87
0	51	1	23	2	83	3	42	4	18	5	57	6	56	7	43	8	8	9	82
0	65	1	19	2	58	3	6	4	10	5	11	6	25	7	60	8	7	9	29
0	84	1	98	2	33	3	6	4	95	5	41	6	23	7	77	8	82	9	31
0	41	1	54	2	43	3	66	4	34	5	85	6	29	7	85	8	15	9	40
0	74	1	61	2	58	3	52	4	27	5	6	6	43	7	18	8	10	9	86
0	98	1	71	2	3	3	17	4	4	5	53	6	89	7	77	8	46	9	77
0	35	1	79	2	61	3	77	4	42	5	12	6	76	7	91	8	71	9	24
0	81	1	40	2	45	3	67	4	55	5	24	6	40	7	81	8	78	9	90
0	98	1	6	2	67	3	96	4	32	5	70	6	52	7	26	8	63	9	80
0	96	1	52	2	39	3	38	4	6	5	94	6	99	7	81	8	10	9	16
0	29	1	51	2	46	3	86	4	5	5	59	6	26	7	36	8	62	9	80
0	13	1	9	2	99	3	56	4	78	5	30	6	13	7	65	8	45	9	72
0	59	1	50	2	29	3	90	4	28	5	30	6	1	7	7	8	61	9	60
0	24	1	59	2	71	3	62	4	61	5	48	6	59	7	80	8	91	9	73
0	44	1	17	2	63	3	83	4	68	5	87	6	52	7	83	8	60	9	76
0	82	1	35	2	36	3	38	4	56	5	79	6	22	7	56	8	59	9	74
0	59	1	20	2	74	3	3	4	56	5	54	6	37	7	37	8	94	9	30
0	70	1	32	2	73	3	71	4	28	5	43	6	87	7	46	8	23	9	40
0	78	1	17	2	47	3	85	4	77	5	88	6	23	7	33	8	7	9	82
0	26	1	3	2	21	3	17	4	15	5	25	6	42	7	61	8	27	9	14
0	50	1	15	2	88	3	30	4	6	5	50	6	61	7	65	8	11	9	14
0	92	1	76	2	33	3	20	4	96	5	42	6	73	7	88	8	25	9	68
0	31	1	5	2	31	3	13	4	4	5	67	6	11	7	56	8	57	9	4
0	1	1	26	2	20	3	9	4	89	5	63	6	28	7	17	8	80	9	27
0	27	1	58	2	23	3	92	4	89	5	50	6	70	7	2	8	21	9	72
0	52	1	54	2	36	3	58	4	83	5	46	6	84	7	76	8	26	9	38
0	39	1	6	2	8	3	7	4	13	5	66	6	56	7	25	8	31	9	34
0	14	1	56	2	8	3	97	4	41	5	73	6	81	7	38	8	23	9	54
0	97	1	10	2	36	3	84	4	52	5	47	6	90	7	61	8	26	9	43
0	79	1	52	2	91	3	43	4	87	5	22	6	50	7	16	8	80	9	24
0	94	1	46	2	71	3	86	4	59	5	95	6	46	7	39	8	18	9	10
0	64	1	46	2	53	3	72	4	40	5	30	6	69	7	24	8	55	9	65
0	76	1	95	2	98	3	87	4	55	5	62	6	65	7	65	8	10	9	20
0	23	1	65	2	57	3	99	4	60	5	52	6	39	7	50	8	26	9	56
0	2	1	51	2	43	3	17	4	79	5	33	6	98	7	19	8	3	9	58
0	53	1	27	2	61	3	16	4	47	5	98	6	47	7	83	8	32	9	96
0	31	1	80	2	29	3	98	4	86	5	98	6	88	7	54	8	13	9	88
0	90	1	20	2	98	3	98	4	64	5	25	6	52	7	82	8	9	9	22
0	63	1	46	2	62	3	51	4	66	5	96	6	4	7	42	8	52	9	61
0	5	1	56	2	18	3	29	4	26	5	21	6	23	7	45	8	30	9	80
0	45	1	45	2	7	3	15	4	68	5	33	6	29	7	63	8	51	9	23
0	47	1	65	2	75	3	10	4	34	5	85	6	19	7	77	8	32	9	90
0	95	1	46	2	3	3	52	4	83	5	35	6	2	7	69	8	72	9	44
0	3	1	7	2	53	3	29	4	77	5	19	6	39	7	47	8	83	9	34
LBCmax: 1308
RELDUE
-1	665	1	8
-1	452	9	2
-1	844	4	1
-1	361	6	3
-1	243	7	6
-1	442	3	9
-1	762	2	5
-1	196	3	3
-1	876	3	3
-1	452	4	4
-1	144	7	1
-1	487	2	1
-1	235	3	7
-1	441	1	5
-1	798	7	6
-1	902	2	9
-1	464	3	5
-1	563	6	7
-1	380	1	9
-1	395	2	3
-1	378	9	3
-1	594	7	3
-1	843	8	2
-1	191	5	2
-1	292	4	8
-1	442	9	9
-1	228	5	1
-1	500	4	9
-1	381	6	9
-1	247	8	6
-1	489	1	1
-1	692	6	2
-1	872	4	4
-1	904	7	6
-1	304	8	6
-1	556	3	4
-1	566	1	1
-1	703	4	5
-1	423	3	8
-1	473	2	2
-1	557	2	8
-1	864	2	8
-1	718	7	3
-1	379	4	2
-1	460	2	6
-1	577	1	2
-1	867	1	5
-1	233	3	8
-1	471	7	6
-1	755	9	5
-1	730	4	9
-1	792	3	7
-1	252	6	5
-1	519	8	4
-1	146	6	9
-1	201	7	7
-1	525	7	7
-1	784	5	2
-1	199	9	7
-1	717	5	2
-1	344	9	5
-1	392	5	3
-1	732	5	2
-1	760	3	6
-1	879	8	5
-1	368	7	7
-1	531	9	6
-1	248	7	3
-1	268	5	5
-1	373	2	2
-1	466	5	9
-1	678	6	3
-1	271	9	3
-1	823	4	4
-1	754	9	2
-1	431	9	1
-1	793	2	7
-1	594	5	9
-1	647	5	1
-1	632	2	5
-1	492	2	3
-1	911	6	1
-1	160	2	1
-1	542	8	2
-1	433	1	3
-1	613	6	4
-1	570	5	3
-1	484	7	1
-1	888	9	2
-1	233	4	2
-1	161	7	9
-1	699	6	6
-1	634	6	7
-1	622	5	2
-1	259	1	7
-1	296	8	5
-1	262	3	6
-1	874	9	2
-1	416	3	5
-1	222	1	8
DDW
592	738
425	479
785	903
307	415
214	272
393	491
686	838
161	231
858	894
407	497
143	145
463	511
204	266
353	529
670	926
857	947
404	524
557	569
342	418
356	434
336	420
523	665
835	851
181	201
263	321
433	451
221	235
410	590
351	411
222	272
411	567
630	754
837	907
805	1003
261	347
500	612
492	640
576	830
415	431
464	482
524	590
752	976
696	740
334	424
391	529
508	646
711	1023
217	249
386	556
649	861
642	818
744	840
202	302
452	586
134	158
163	239
499	551
760	808
187	211
645	789
313	375
345	439
659	805
669	851
747	1011
324	412
520	542
241	255
252	284
347	399
405	527
570	786
217	325
749	897
724	784
353	509
714	872
541	647
576	718
518	746
472	512
765	1057
158	162
466	618
351	515
552	674
513	627
431	537
861	915
198	268
153	169
622	776
552	716
547	697
225	293
255	337
252	272
778	970
341	491
215	229
