HFSDDW
100	25	5
0	97	1	25	2	80	3	1	4	30
0	42	1	49	2	56	3	25	4	66
0	93	1	27	2	35	3	97	4	34
0	80	1	93	2	41	3	30	4	1
0	19	1	60	2	75	3	55	4	88
0	73	1	96	2	1	3	77	4	80
0	8	1	28	2	94	3	91	4	49
0	49	1	4	2	2	3	12	4	49
0	57	1	87	2	35	3	56	4	22
0	86	1	26	2	80	3	11	4	15
0	17	1	5	2	87	3	35	4	87
0	37	1	50	2	25	3	13	4	57
0	45	1	49	2	79	3	45	4	59
0	65	1	33	2	43	3	49	4	84
0	76	1	91	2	30	3	80	4	44
0	32	1	25	2	20	3	34	4	2
0	47	1	16	2	89	3	62	4	63
0	4	1	41	2	59	3	4	4	12
0	98	1	78	2	89	3	55	4	4
0	8	1	8	2	90	3	97	4	57
0	53	1	82	2	31	3	27	4	38
0	26	1	75	2	7	3	90	4	56
0	13	1	31	2	91	3	11	4	10
0	30	1	60	2	17	3	81	4	56
0	24	1	74	2	39	3	38	4	85
0	97	1	3	2	74	3	77	4	37
0	25	1	35	2	22	3	76	4	49
0	65	1	84	2	63	3	24	4	38
0	28	1	35	2	68	3	48	4	99
0	68	1	87	2	78	3	46	4	74
0	48	1	90	2	9	3	42	4	34
0	79	1	43	2	93	3	41	4	41
0	23	1	1	2	30	3	54	4	32
0	77	1	9	2	16	3	62	4	44
0	45	1	96	2	93	3	43	4	28
0	89	1	6	2	91	3	39	4	18
0	11	1	24	2	29	3	3	4	88
0	34	1	26	2	80	3	43	4	69
0	22	1	91	2	23	3	83	4	16
0	27	1	5	2	14	3	17	4	22
0	60	1	71	2	17	3	2	4	29
0	51	1	97	2	65	3	14	4	44
0	73	1	52	2	54	3	24	4	30
0	98	1	72	2	27	3	65	4	97
0	51	1	28	2	73	3	92	4	23
0	54	1	74	2	10	3	28	4	1
0	84	1	92	2	74	3	18	4	57
0	40	1	8	2	28	3	73	4	37
0	36	1	60	2	67	3	98	4	95
0	70	1	38	2	99	3	53	4	17
0	55	1	77	2	48	3	20	4	71
0	32	1	98	2	24	3	79	4	75
0	77	1	88	2	38	3	13	4	59
0	81	1	78	2	37	3	66	4	90
0	91	1	44	2	54	3	28	4	61
0	90	1	61	2	74	3	97	4	52
0	17	1	74	2	56	3	12	4	45
0	7	1	44	2	55	3	47	4	25
0	41	1	83	2	49	3	98	4	60
0	48	1	23	2	54	3	40	4	14
0	92	1	1	2	33	3	62	4	25
0	12	1	24	2	21	3	58	4	80
0	71	1	24	2	27	3	27	4	59
0	3	1	32	2	27	3	68	4	52
0	38	1	24	2	90	3	41	4	49
0	9	1	95	2	55	3	68	4	14
0	68	1	8	2	35	3	84	4	60
0	16	1	42	2	94	3	86	4	34
0	82	1	24	2	96	3	66	4	54
0	18	1	57	2	23	3	39	4	57
0	17	1	96	2	86	3	87	4	75
0	68	1	11	2	91	3	13	4	17
0	17	1	69	2	52	3	45	4	12
0	64	1	89	2	43	3	66	4	43
0	61	1	37	2	40	3	34	4	70
0	15	1	27	2	24	3	87	4	32
0	52	1	72	2	16	3	12	4	96
0	72	1	22	2	48	3	9	4	91
0	5	1	50	2	81	3	69	4	18
0	14	1	71	2	52	3	54	4	90
0	28	1	14	2	56	3	95	4	95
0	79	1	56	2	52	3	18	4	61
0	42	1	87	2	5	3	81	4	65
0	44	1	53	2	41	3	48	4	40
0	42	1	42	2	34	3	74	4	39
0	12	1	56	2	70	3	16	4	56
0	44	1	75	2	69	3	97	4	4
0	38	1	17	2	21	3	16	4	17
0	16	1	69	2	30	3	48	4	50
0	18	1	45	2	1	3	5	4	74
0	61	1	31	2	4	3	15	4	48
0	86	1	80	2	81	3	57	4	84
0	24	1	85	2	36	3	61	4	18
0	67	1	19	2	8	3	77	4	27
0	27	1	33	2	25	3	32	4	25
0	72	1	12	2	86	3	25	4	21
0	66	1	56	2	66	3	42	4	94
0	13	1	71	2	55	3	49	4	18
0	58	1	35	2	63	3	32	4	93
0	31	1	34	2	69	3	31	4	83
LBCmax: 1052
RELDUE
-1	1153	3	6
-1	766	2	3
-1	672	9	8
-1	1019	4	1
-1	821	3	9
-1	706	4	9
-1	563	5	1
-1	979	4	2
-1	1092	4	2
-1	1002	2	4
-1	998	9	1
-1	1118	6	3
-1	885	4	6
-1	754	5	6
-1	637	9	1
-1	955	3	3
-1	650	5	1
-1	1118	8	5
-1	945	3	5
-1	554	3	1
-1	1129	6	4
-1	927	1	6
-1	892	5	5
-1	901	2	7
-1	962	9	9
-1	1107	6	5
-1	963	6	1
-1	1114	2	2
-1	770	1	8
-1	1121	8	3
-1	773	3	8
-1	795	1	3
-1	876	6	1
-1	787	5	4
-1	663	3	9
-1	705	8	8
-1	731	9	1
-1	1080	8	5
-1	1128	1	9
-1	945	8	8
-1	569	5	8
-1	1155	6	1
-1	937	4	8
-1	993	7	5
-1	796	8	6
-1	930	5	5
-1	1020	7	1
-1	696	8	7
-1	615	3	7
-1	684	9	4
-1	593	1	8
-1	777	5	1
-1	541	1	8
-1	691	5	5
-1	1079	2	6
-1	752	1	1
-1	1032	1	9
-1	929	8	5
-1	582	3	1
-1	872	8	8
-1	901	4	1
-1	606	5	6
-1	734	4	4
-1	1128	1	9
-1	754	3	1
-1	729	3	3
-1	767	1	4
-1	623	8	6
-1	617	3	5
-1	1089	1	6
-1	749	3	2
-1	727	3	3
-1	1148	5	5
-1	526	4	7
-1	1143	2	3
-1	1131	5	3
-1	1147	9	2
-1	1056	1	9
-1	630	3	8
-1	557	7	6
-1	613	7	6
-1	793	3	2
-1	1025	4	7
-1	611	1	6
-1	1054	1	2
-1	1154	2	7
-1	779	1	2
-1	711	5	2
-1	865	8	3
-1	1068	1	9
-1	831	9	4
-1	960	7	9
-1	1023	5	1
-1	782	4	8
-1	569	4	8
-1	1120	4	4
-1	947	8	4
-1	966	9	7
-1	764	9	1
-1	593	8	7
DDW
1038	1268
636	896
585	759
999	1039
796	846
600	812
540	586
832	1126
939	1245
832	1172
958	1038
894	1342
743	1027
633	875
554	720
879	1031
540	760
1051	1185
822	1068
510	598
1039	1219
881	973
847	937
856	946
808	1116
930	1284
770	1156
958	1270
724	816
942	1300
734	812
668	922
788	964
732	842
603	723
677	733
621	841
929	1231
936	1320
784	1106
467	671
993	1317
909	965
874	1112
677	915
846	1014
887	1153
557	835
517	713
609	759
480	706
668	886
492	590
622	760
993	1165
707	797
908	1156
845	1013
541	623
802	942
766	1036
539	673
668	800
914	1342
664	844
663	795
690	844
561	685
568	666
991	1187
644	854
698	756
1033	1263
437	615
1029	1257
961	1301
1124	1170
908	1204
561	699
518	596
595	631
634	952
830	1220
513	709
875	1233
1027	1281
724	834
569	853
701	1029
1025	1111
723	939
902	1018
951	1095
704	860
558	580
1030	1210
900	994
927	1005
611	917
557	629
