HFSDDW
150	15	5
0	28	1	41	2	42	3	86	4	64
0	88	1	42	2	1	3	67	4	87
0	85	1	30	2	87	3	62	4	45
0	62	1	95	2	20	3	38	4	14
0	96	1	29	2	27	3	22	4	76
0	60	1	71	2	8	3	49	4	15
0	86	1	46	2	59	3	18	4	95
0	28	1	89	2	88	3	30	4	62
0	77	1	64	2	14	3	87	4	73
0	54	1	68	2	34	3	83	4	4
0	76	1	9	2	49	3	66	4	51
0	98	1	15	2	21	3	11	4	5
0	18	1	34	2	51	3	52	4	2
0	40	1	70	2	69	3	66	4	17
0	73	1	7	2	90	3	76	4	36
0	33	1	15	2	39	3	48	4	22
0	91	1	37	2	24	3	45	4	38
0	78	1	96	2	93	3	66	4	97
0	13	1	69	2	78	3	26	4	45
0	43	1	13	2	61	3	86	4	34
0	83	1	98	2	67	3	67	4	31
0	70	1	19	2	72	3	30	4	18
0	83	1	76	2	73	3	88	4	13
0	80	1	10	2	7	3	15	4	23
0	43	1	77	2	4	3	69	4	4
0	5	1	29	2	64	3	32	4	93
0	21	1	53	2	52	3	14	4	39
0	93	1	69	2	57	3	14	4	68
0	60	1	25	2	63	3	49	4	14
0	37	1	95	2	89	3	14	4	64
0	33	1	6	2	47	3	64	4	91
0	7	1	95	2	98	3	63	4	27
0	42	1	54	2	40	3	37	4	97
0	30	1	25	2	59	3	50	4	19
0	11	1	53	2	92	3	46	4	62
0	19	1	15	2	55	3	55	4	67
0	9	1	39	2	51	3	68	4	60
0	15	1	7	2	88	3	23	4	33
0	97	1	71	2	94	3	87	4	27
0	7	1	84	2	27	3	51	4	84
0	13	1	37	2	39	3	94	4	53
0	80	1	14	2	2	3	2	4	73
0	92	1	41	2	43	3	95	4	19
0	3	1	3	2	72	3	77	4	82
0	24	1	36	2	37	3	18	4	22
0	40	1	58	2	6	3	20	4	56
0	34	1	87	2	4	3	71	4	54
0	72	1	99	2	57	3	15	4	79
0	2	1	5	2	86	3	50	4	41
0	57	1	28	2	98	3	69	4	24
0	4	1	12	2	49	3	69	4	60
0	76	1	1	2	22	3	73	4	14
0	22	1	8	2	81	3	45	4	39
0	5	1	37	2	72	3	42	4	46
0	4	1	46	2	58	3	97	4	80
0	19	1	49	2	86	3	77	4	64
0	12	1	60	2	37	3	95	4	53
0	22	1	39	2	34	3	11	4	78
0	72	1	77	2	84	3	1	4	57
0	94	1	24	2	42	3	11	4	36
0	20	1	56	2	57	3	23	4	21
0	57	1	54	2	52	3	89	4	41
0	27	1	14	2	45	3	9	4	3
0	62	1	71	2	85	3	92	4	17
0	66	1	4	2	61	3	64	4	74
0	26	1	62	2	58	3	41	4	86
0	95	1	8	2	75	3	41	4	44
0	55	1	3	2	14	3	75	4	95
0	68	1	86	2	44	3	69	4	51
0	58	1	33	2	75	3	98	4	94
0	23	1	38	2	50	3	94	4	70
0	17	1	95	2	93	3	48	4	95
0	95	1	96	2	12	3	4	4	46
0	20	1	38	2	5	3	65	4	47
0	59	1	57	2	11	3	96	4	49
0	79	1	59	2	91	3	13	4	16
0	92	1	87	2	59	3	46	4	63
0	58	1	58	2	81	3	70	4	28
0	60	1	10	2	66	3	79	4	1
0	72	1	75	2	41	3	24	4	31
0	21	1	29	2	10	3	51	4	35
0	65	1	27	2	53	3	45	4	91
0	57	1	4	2	80	3	32	4	4
0	9	1	37	2	65	3	40	4	88
0	62	1	57	2	34	3	38	4	86
0	50	1	91	2	31	3	96	4	76
0	4	1	18	2	67	3	82	4	95
0	63	1	77	2	9	3	11	4	98
0	31	1	6	2	36	3	78	4	70
0	56	1	30	2	35	3	76	4	92
0	36	1	11	2	2	3	36	4	69
0	63	1	94	2	72	3	64	4	85
0	74	1	96	2	56	3	68	4	88
0	39	1	36	2	98	3	36	4	40
0	31	1	28	2	55	3	42	4	57
0	57	1	21	2	56	3	67	4	30
0	21	1	57	2	54	3	5	4	41
0	93	1	17	2	32	3	14	4	33
0	69	1	5	2	44	3	25	4	24
0	35	1	49	2	67	3	89	4	31
0	21	1	32	2	98	3	37	4	61
0	8	1	55	2	60	3	79	4	13
0	43	1	39	2	5	3	34	4	65
0	18	1	42	2	51	3	28	4	95
0	23	1	5	2	84	3	4	4	70
0	26	1	84	2	31	3	18	4	22
0	8	1	53	2	67	3	37	4	10
0	89	1	58	2	18	3	43	4	34
0	38	1	57	2	53	3	1	4	89
0	31	1	99	2	10	3	60	4	6
0	93	1	97	2	40	3	93	4	9
0	16	1	47	2	94	3	66	4	35
0	23	1	25	2	42	3	57	4	5
0	89	1	72	2	68	3	25	4	76
0	60	1	24	2	8	3	93	4	58
0	65	1	52	2	84	3	15	4	40
0	26	1	74	2	70	3	12	4	29
0	10	1	13	2	73	3	28	4	93
0	43	1	63	2	51	3	9	4	11
0	14	1	15	2	96	3	95	4	99
0	59	1	32	2	85	3	84	4	46
0	69	1	89	2	47	3	36	4	43
0	64	1	62	2	80	3	27	4	10
0	48	1	54	2	31	3	28	4	95
0	77	1	98	2	41	3	31	4	34
0	96	1	73	2	99	3	83	4	44
0	51	1	56	2	88	3	15	4	81
0	94	1	89	2	86	3	65	4	59
0	21	1	66	2	38	3	84	4	30
0	80	1	82	2	24	3	99	4	62
0	59	1	84	2	68	3	1	4	23
0	60	1	90	2	55	3	50	4	50
0	96	1	89	2	63	3	91	4	91
0	9	1	74	2	66	3	45	4	15
0	59	1	67	2	65	3	68	4	75
0	11	1	61	2	56	3	1	4	53
0	14	1	49	2	1	3	21	4	84
0	67	1	87	2	87	3	92	4	22
0	5	1	35	2	36	3	16	4	63
0	31	1	3	2	46	3	93	4	21
0	6	1	17	2	78	3	84	4	4
0	92	1	19	2	99	3	26	4	12
0	98	1	35	2	54	3	96	4	36
0	47	1	88	2	43	3	7	4	25
0	22	1	87	2	74	3	24	4	11
0	24	1	31	2	50	3	6	4	44
0	8	1	15	2	63	3	79	4	48
0	97	1	70	2	17	3	18	4	92
0	48	1	87	2	61	3	80	4	23
0	69	1	81	2	39	3	79	4	17
LBCmax: 2705
RELDUE
-1	856	7	7
-1	1356	2	9
-1	798	9	1
-1	1575	3	5
-1	2426	7	7
-1	219	5	4
-1	869	9	8
-1	1206	8	2
-1	1742	6	2
-1	1882	8	7
-1	1391	9	3
-1	1595	6	7
-1	2294	8	4
-1	1938	1	8
-1	0	5	8
-1	1990	5	6
-1	1667	9	8
-1	1731	9	3
-1	1049	1	8
-1	752	3	1
-1	1800	3	9
-1	1692	3	6
-1	415	7	8
-1	112	4	8
-1	1797	8	8
-1	650	1	8
-1	434	3	2
-1	2270	9	5
-1	0	2	5
-1	827	2	5
-1	883	1	4
-1	2208	1	9
-1	1623	3	8
-1	2132	5	1
-1	0	8	5
-1	1017	1	7
-1	1775	9	7
-1	2292	4	1
-1	1896	1	1
-1	540	9	9
-1	1237	1	2
-1	158	9	7
-1	861	7	6
-1	751	4	7
-1	566	9	5
-1	1876	2	6
-1	2232	7	7
-1	1881	1	8
-1	1786	8	3
-1	784	4	9
-1	2380	4	4
-1	0	9	4
-1	2178	7	3
-1	864	9	6
-1	804	8	8
-1	1598	4	2
-1	669	5	3
-1	414	5	8
-1	2213	5	4
-1	1504	3	6
-1	2219	5	7
-1	1034	1	4
-1	1166	4	5
-1	643	1	2
-1	727	7	6
-1	1617	3	8
-1	2407	7	1
-1	0	5	6
-1	1865	3	6
-1	1258	1	4
-1	0	6	7
-1	1809	9	2
-1	2270	2	1
-1	237	1	4
-1	1949	3	2
-1	1370	4	5
-1	559	9	7
-1	2099	5	6
-1	1981	3	6
-1	2355	9	2
-1	853	3	8
-1	988	9	2
-1	212	6	5
-1	1419	4	5
-1	882	8	8
-1	689	6	8
-1	0	4	8
-1	487	9	7
-1	1057	8	9
-1	638	2	4
-1	77	5	7
-1	1090	9	6
-1	0	3	7
-1	121	8	9
-1	756	5	8
-1	0	4	6
-1	1426	7	8
-1	0	2	8
-1	0	8	7
-1	1384	5	6
-1	1904	6	6
-1	2069	5	4
-1	0	5	6
-1	256	2	2
-1	569	7	8
-1	299	8	4
-1	87	4	5
-1	1669	7	6
-1	1349	9	3
-1	1868	9	8
-1	767	6	5
-1	1004	9	1
-1	868	5	9
-1	2292	1	5
-1	379	7	2
-1	960	8	2
-1	550	5	5
-1	2182	8	9
-1	2195	2	5
-1	0	1	6
-1	1587	5	7
-1	1648	3	7
-1	1269	1	1
-1	955	3	3
-1	910	1	6
-1	1288	8	5
-1	1730	7	6
-1	1878	1	1
-1	1916	6	5
-1	1747	8	5
-1	2378	5	7
-1	341	4	5
-1	2076	9	6
-1	325	9	8
-1	180	7	8
-1	1218	5	4
-1	971	3	3
-1	2391	3	9
-1	578	3	2
-1	312	9	5
-1	330	7	8
-1	525	4	2
-1	1573	3	3
-1	1623	4	8
-1	2306	5	7
-1	1507	3	6
-1	0	7	5
-1	0	2	8
-1	2176	3	7
-1	2231	8	4
DDW
830	882
1248	1464
710	886
1480	1670
2353	2499
197	241
817	921
1085	1327
1620	1864
1844	1920
1141	1641
1451	1739
2019	2569
1802	2074
0	0
1711	2269
1567	1767
1627	1835
997	1101
647	857
1710	1890
1658	1726
382	448
91	133
1599	1995
533	767
373	495
1907	2633
0	0
753	901
759	1007
1965	2451
1493	1753
1876	2388
0	0
936	1098
1668	1882
2223	2361
1877	1915
448	632
1225	1249
128	188
766	956
676	826
464	668
1538	2214
2210	2254
1731	2031
1536	2036
706	862
2071	2689
0	0
1938	2418
838	890
772	836
1566	1630
535	803
360	468
1881	2545
1429	1579
1842	2596
931	1137
1096	1236
527	759
669	785
1504	1730
2383	2431
0	0
1492	2238
1132	1384
0	0
1737	1881
2134	2406
218	256
1676	2222
1274	1466
492	626
1700	2498
1941	2021
2025	2685
708	998
929	1047
206	218
1206	1632
732	1032
593	785
0	0
463	511
962	1152
593	683
71	83
937	1243
0	0
102	140
748	764
0	0
1241	1611
0	0
0	0
1232	1536
1580	2228
2028	2110
0	0
246	266
558	580
272	326
74	100
1602	1736
1214	1484
1550	2186
690	844
984	1024
773	963
2269	2315
345	413
854	1066
512	588
1920	2444
2173	2217
0	0
1476	1698
1368	1928
1117	1421
831	1079
892	928
1108	1468
1453	2007
1690	2066
1782	2050
1695	1799
2021	2735
276	406
1702	2450
289	361
148	212
1023	1413
796	1146
1937	2845
503	653
287	337
264	396
436	614
1321	1825
1428	1818
1914	2698
1417	1597
0	0
0	0
2002	2350
1986	2476
