HFSDDW
50	25	5
0	90	1	96	2	93	3	18	4	32
0	54	1	49	2	74	3	39	4	40
0	9	1	12	2	69	3	79	4	69
0	87	1	21	2	98	3	73	4	1
0	72	1	22	2	85	3	25	4	37
0	91	1	35	2	48	3	96	4	89
0	26	1	47	2	47	3	66	4	25
0	83	1	43	2	90	3	8	4	2
0	3	1	77	2	41	3	80	4	18
0	56	1	99	2	90	3	82	4	71
0	56	1	42	2	67	3	77	4	65
0	68	1	12	2	68	3	80	4	41
0	20	1	2	2	77	3	49	4	15
0	61	1	65	2	4	3	54	4	85
0	44	1	31	2	91	3	72	4	97
0	94	1	81	2	6	3	8	4	80
0	92	1	44	2	66	3	26	4	33
0	84	1	80	2	70	3	1	4	56
0	72	1	75	2	10	3	66	4	82
0	1	1	1	2	91	3	66	4	56
0	91	1	95	2	37	3	96	4	27
0	26	1	50	2	94	3	79	4	71
0	87	1	7	2	60	3	1	4	48
0	75	1	35	2	52	3	17	4	30
0	80	1	95	2	4	3	97	4	14
0	68	1	21	2	25	3	89	4	97
0	94	1	89	2	40	3	52	4	89
0	96	1	8	2	69	3	98	4	8
0	34	1	86	2	91	3	30	4	69
0	66	1	16	2	10	3	19	4	7
0	65	1	48	2	75	3	36	4	75
0	96	1	92	2	39	3	83	4	58
0	5	1	25	2	6	3	82	4	76
0	98	1	66	2	9	3	11	4	52
0	68	1	66	2	53	3	9	4	96
0	94	1	4	2	73	3	29	4	47
0	53	1	11	2	7	3	83	4	32
0	47	1	15	2	4	3	77	4	93
0	4	1	68	2	85	3	40	4	3
0	10	1	80	2	10	3	54	4	71
0	99	1	8	2	99	3	66	4	39
0	99	1	94	2	66	3	40	4	80
0	92	1	19	2	11	3	36	4	6
0	93	1	18	2	23	3	50	4	29
0	83	1	63	2	31	3	17	4	48
0	99	1	80	2	14	3	6	4	87
0	15	1	94	2	20	3	58	4	48
0	46	1	12	2	41	3	44	4	32
0	52	1	48	2	64	3	96	4	2
0	85	1	58	2	50	3	35	4	9
LBCmax: 738
RELDUE
-1	748	8	1
-1	506	6	7
-1	509	3	2
-1	254	8	4
-1	719	5	5
-1	343	4	4
-1	634	6	5
-1	679	9	8
-1	207	1	6
-1	365	6	1
-1	216	6	1
-1	676	8	7
-1	521	8	5
-1	462	5	7
-1	562	1	1
-1	794	5	8
-1	805	1	2
-1	460	7	4
-1	722	7	1
-1	510	7	8
-1	679	7	9
-1	645	5	2
-1	652	7	3
-1	208	6	7
-1	645	1	3
-1	337	7	3
-1	801	5	2
-1	329	4	8
-1	188	3	8
-1	541	8	7
-1	378	6	1
-1	299	4	4
-1	653	1	5
-1	791	4	5
-1	781	7	6
-1	485	2	1
-1	337	9	7
-1	780	4	7
-1	595	5	6
-1	161	1	6
-1	593	8	8
-1	295	7	8
-1	241	4	3
-1	107	3	8
-1	168	7	9
-1	593	2	8
-1	719	2	9
-1	160	3	7
-1	299	6	1
-1	103	2	3
DDW
606	890
496	516
412	606
231	277
712	726
295	391
590	678
570	788
170	244
307	423
203	229
588	764
432	610
434	490
461	663
675	913
741	869
409	511
715	729
428	592
652	706
574	716
535	769
173	243
574	716
310	364
665	937
263	395
167	209
465	617
370	386
269	329
588	718
664	918
672	890
407	563
270	404
741	819
500	690
137	185
480	706
263	327
193	289
87	127
144	192
534	652
575	863
131	189
293	305
92	114
