HFSDDW
100	50	10
0	86	1	14	2	96	3	75	4	91	5	28	6	87	7	95	8	18	9	80
0	58	1	49	2	37	3	42	4	79	5	51	6	40	7	10	8	25	9	31
0	62	1	68	2	73	3	15	4	59	5	54	6	68	7	45	8	87	9	64
0	51	1	6	2	22	3	79	4	28	5	40	6	53	7	82	8	18	9	31
0	91	1	36	2	15	3	24	4	24	5	1	6	32	7	59	8	1	9	31
0	98	1	46	2	99	3	42	4	69	5	18	6	41	7	82	8	17	9	38
0	59	1	43	2	9	3	53	4	29	5	53	6	28	7	58	8	14	9	39
0	97	1	57	2	91	3	93	4	40	5	26	6	54	7	50	8	91	9	59
0	23	1	9	2	45	3	57	4	66	5	6	6	6	7	79	8	11	9	11
0	99	1	71	2	66	3	80	4	72	5	49	6	28	7	61	8	94	9	71
0	73	1	73	2	46	3	61	4	33	5	41	6	55	7	6	8	3	9	43
0	64	1	91	2	91	3	57	4	16	5	51	6	97	7	52	8	87	9	24
0	47	1	48	2	48	3	4	4	40	5	26	6	91	7	11	8	22	9	91
0	98	1	92	2	55	3	20	4	85	5	49	6	63	7	83	8	24	9	25
0	51	1	1	2	77	3	67	4	47	5	8	6	80	7	9	8	65	9	21
0	51	1	76	2	73	3	70	4	25	5	26	6	26	7	43	8	22	9	8
0	50	1	44	2	84	3	11	4	45	5	71	6	36	7	71	8	72	9	66
0	87	1	15	2	28	3	63	4	73	5	46	6	70	7	80	8	57	9	32
0	46	1	82	2	46	3	1	4	40	5	23	6	19	7	85	8	95	9	60
0	23	1	21	2	61	3	17	4	74	5	7	6	16	7	66	8	23	9	75
0	72	1	10	2	37	3	98	4	34	5	37	6	48	7	11	8	96	9	78
0	55	1	46	2	85	3	90	4	62	5	68	6	97	7	84	8	71	9	22
0	53	1	51	2	75	3	12	4	44	5	67	6	53	7	12	8	88	9	66
0	31	1	4	2	57	3	81	4	60	5	36	6	45	7	47	8	67	9	4
0	74	1	9	2	88	3	18	4	6	5	77	6	35	7	71	8	55	9	7
0	10	1	32	2	95	3	1	4	22	5	22	6	35	7	26	8	55	9	66
0	83	1	36	2	22	3	30	4	47	5	52	6	88	7	5	8	30	9	26
0	23	1	51	2	18	3	67	4	48	5	44	6	62	7	57	8	7	9	67
0	33	1	82	2	57	3	82	4	57	5	99	6	8	7	57	8	59	9	39
0	2	1	20	2	92	3	1	4	21	5	38	6	86	7	58	8	71	9	54
0	88	1	31	2	41	3	29	4	84	5	59	6	14	7	28	8	53	9	78
0	59	1	77	2	20	3	88	4	34	5	1	6	79	7	40	8	73	9	48
0	44	1	32	2	45	3	91	4	24	5	4	6	58	7	17	8	47	9	10
0	57	1	4	2	86	3	52	4	78	5	3	6	42	7	28	8	98	9	98
0	85	1	80	2	5	3	81	4	79	5	24	6	99	7	4	8	67	9	20
0	59	1	47	2	85	3	23	4	10	5	57	6	85	7	49	8	5	9	80
0	1	1	97	2	81	3	43	4	21	5	56	6	91	7	67	8	10	9	32
0	59	1	51	2	41	3	74	4	62	5	63	6	28	7	63	8	13	9	99
0	4	1	54	2	49	3	27	4	50	5	11	6	18	7	63	8	43	9	22
0	17	1	92	2	24	3	18	4	98	5	87	6	99	7	61	8	61	9	24
0	33	1	33	2	94	3	36	4	61	5	9	6	7	7	12	8	61	9	47
0	30	1	23	2	37	3	5	4	77	5	46	6	48	7	54	8	93	9	10
0	38	1	28	2	25	3	88	4	16	5	66	6	28	7	24	8	76	9	74
0	64	1	66	2	2	3	89	4	67	5	71	6	60	7	14	8	66	9	42
0	5	1	7	2	3	3	96	4	91	5	93	6	56	7	19	8	41	9	52
0	40	1	46	2	68	3	51	4	85	5	6	6	8	7	6	8	20	9	94
0	81	1	82	2	36	3	86	4	82	5	63	6	21	7	48	8	38	9	6
0	86	1	34	2	87	3	52	4	6	5	32	6	25	7	29	8	97	9	22
0	11	1	9	2	82	3	24	4	35	5	19	6	98	7	51	8	4	9	61
0	63	1	55	2	93	3	71	4	60	5	22	6	71	7	17	8	14	9	28
0	72	1	8	2	80	3	35	4	66	5	6	6	58	7	16	8	45	9	53
0	80	1	79	2	9	3	98	4	84	5	72	6	1	7	12	8	52	9	63
0	64	1	70	2	44	3	76	4	43	5	31	6	40	7	16	8	91	9	84
0	61	1	9	2	15	3	69	4	49	5	3	6	29	7	48	8	57	9	29
0	61	1	82	2	6	3	50	4	81	5	84	6	46	7	95	8	87	9	88
0	21	1	59	2	65	3	50	4	64	5	3	6	64	7	5	8	92	9	35
0	65	1	42	2	25	3	60	4	92	5	71	6	64	7	39	8	49	9	82
0	44	1	52	2	54	3	23	4	3	5	82	6	65	7	93	8	94	9	58
0	84	1	45	2	29	3	4	4	63	5	2	6	44	7	65	8	6	9	47
0	39	1	25	2	56	3	22	4	63	5	19	6	58	7	45	8	58	9	11
0	21	1	8	2	47	3	6	4	44	5	69	6	5	7	42	8	47	9	81
0	38	1	70	2	10	3	34	4	50	5	21	6	14	7	22	8	96	9	91
0	27	1	99	2	34	3	2	4	44	5	20	6	96	7	33	8	59	9	84
0	24	1	20	2	36	3	84	4	38	5	77	6	97	7	24	8	59	9	94
0	96	1	2	2	18	3	24	4	10	5	68	6	15	7	22	8	71	9	43
0	6	1	37	2	48	3	66	4	83	5	21	6	73	7	45	8	62	9	25
0	72	1	72	2	83	3	63	4	58	5	18	6	34	7	25	8	96	9	73
0	23	1	90	2	62	3	3	4	94	5	26	6	81	7	11	8	92	9	75
0	5	1	75	2	61	3	17	4	79	5	87	6	72	7	69	8	2	9	17
0	5	1	53	2	61	3	35	4	23	5	25	6	19	7	54	8	66	9	92
0	34	1	90	2	26	3	98	4	20	5	15	6	74	7	46	8	72	9	58
0	40	1	63	2	52	3	86	4	21	5	97	6	12	7	66	8	83	9	70
0	46	1	64	2	23	3	79	4	68	5	70	6	29	7	28	8	80	9	69
0	7	1	27	2	45	3	1	4	41	5	14	6	50	7	62	8	96	9	64
0	14	1	26	2	97	3	44	4	77	5	41	6	1	7	75	8	15	9	25
0	14	1	52	2	70	3	95	4	46	5	70	6	68	7	46	8	30	9	50
0	86	1	47	2	66	3	3	4	51	5	13	6	19	7	52	8	45	9	7
0	48	1	49	2	70	3	20	4	56	5	20	6	67	7	78	8	3	9	27
0	69	1	53	2	14	3	55	4	56	5	54	6	56	7	49	8	54	9	71
0	46	1	4	2	32	3	47	4	78	5	67	6	60	7	94	8	93	9	65
0	23	1	48	2	30	3	8	4	77	5	64	6	82	7	51	8	39	9	27
0	3	1	89	2	44	3	4	4	80	5	33	6	34	7	12	8	46	9	96
0	56	1	70	2	98	3	74	4	60	5	44	6	17	7	23	8	42	9	89
0	60	1	73	2	85	3	38	4	5	5	21	6	24	7	6	8	77	9	92
0	72	1	6	2	10	3	27	4	69	5	57	6	60	7	29	8	66	9	45
0	34	1	49	2	48	3	96	4	9	5	53	6	50	7	56	8	47	9	34
0	47	1	60	2	10	3	50	4	67	5	30	6	4	7	7	8	98	9	60
0	10	1	28	2	34	3	54	4	25	5	51	6	61	7	71	8	6	9	4
0	84	1	88	2	56	3	96	4	56	5	12	6	25	7	89	8	29	9	51
0	71	1	68	2	58	3	44	4	46	5	12	6	95	7	59	8	60	9	39
0	54	1	54	2	30	3	7	4	35	5	6	6	15	7	94	8	71	9	58
0	92	1	78	2	50	3	44	4	50	5	59	6	4	7	13	8	93	9	56
0	5	1	14	2	77	3	48	4	88	5	42	6	70	7	90	8	9	9	14
0	55	1	2	2	11	3	66	4	50	5	30	6	58	7	50	8	61	9	51
0	96	1	31	2	19	3	70	4	59	5	92	6	18	7	14	8	93	9	86
0	9	1	83	2	66	3	5	4	35	5	40	6	76	7	82	8	18	9	93
0	36	1	25	2	85	3	58	4	4	5	91	6	68	7	84	8	94	9	20
0	1	1	54	2	51	3	43	4	59	5	74	6	94	7	7	8	88	9	96
0	24	1	56	2	96	3	22	4	5	5	71	6	35	7	6	8	31	9	10
0	54	1	75	2	32	3	68	4	15	5	71	6	45	7	61	8	67	9	67
LBCmax: 1338
RELDUE
-1	462	6	1
-1	580	6	2
-1	399	9	4
-1	1126	5	1
-1	1285	4	7
-1	863	6	9
-1	564	2	3
-1	442	2	2
-1	743	6	1
-1	952	2	8
-1	740	8	3
-1	1058	6	4
-1	1391	7	4
-1	421	9	5
-1	1070	8	1
-1	1199	3	9
-1	509	5	7
-1	990	3	4
-1	842	5	7
-1	558	1	1
-1	885	9	2
-1	962	6	4
-1	846	5	2
-1	1266	8	8
-1	1009	6	9
-1	473	3	2
-1	434	9	5
-1	1250	7	3
-1	506	5	2
-1	1310	5	5
-1	518	5	9
-1	585	2	4
-1	664	4	6
-1	415	5	5
-1	1097	1	8
-1	1345	7	9
-1	617	1	1
-1	435	9	6
-1	612	6	2
-1	807	9	6
-1	662	6	1
-1	296	9	8
-1	943	7	2
-1	1071	1	9
-1	995	1	9
-1	1274	9	3
-1	1224	2	5
-1	268	6	9
-1	1442	9	2
-1	609	1	8
-1	716	6	4
-1	1218	8	7
-1	243	3	3
-1	611	1	8
-1	288	6	1
-1	972	6	3
-1	1207	3	9
-1	605	9	4
-1	250	1	4
-1	945	7	3
-1	562	5	6
-1	786	5	1
-1	1409	9	4
-1	906	7	5
-1	567	5	9
-1	288	7	5
-1	528	2	1
-1	1109	9	2
-1	796	3	2
-1	1198	5	4
-1	715	1	3
-1	207	3	1
-1	512	3	6
-1	168	1	3
-1	1368	6	2
-1	723	9	6
-1	152	5	7
-1	1248	3	1
-1	404	9	7
-1	1207	8	9
-1	722	5	6
-1	299	4	7
-1	1280	3	2
-1	1369	1	2
-1	727	9	7
-1	772	2	8
-1	475	8	3
-1	187	3	3
-1	261	3	5
-1	259	8	3
-1	272	4	5
-1	146	9	3
-1	318	1	1
-1	1139	9	5
-1	378	7	9
-1	1349	3	5
-1	359	3	6
-1	171	8	4
-1	638	9	6
-1	841	7	1
DDW
430	494
528	632
387	411
1025	1227
1272	1298
854	872
513	615
429	455
706	780
942	962
681	799
1005	1111
1252	1530
392	450
995	1145
1187	1211
473	545
980	1000
783	901
541	575
858	912
904	1020
804	888
1253	1279
959	1059
440	506
408	460
1225	1275
486	526
1192	1428
497	539
544	626
611	717
382	448
1020	1174
1264	1426
598	636
426	444
594	630
799	815
642	682
272	320
849	1037
996	1146
975	1015
1159	1389
1138	1310
249	287
1428	1456
554	664
659	773
1108	1328
219	267
587	635
262	314
962	982
1159	1255
593	617
240	260
898	992
534	590
731	841
1282	1536
843	969
522	612
285	291
491	565
1087	1131
716	876
1186	1210
658	772
195	219
466	558
156	180
1354	1382
687	759
141	163
1148	1348
364	444
1123	1291
650	794
272	326
1254	1306
1287	1451
720	734
726	818
437	513
178	196
238	284
243	275
267	277
143	149
293	343
1048	1230
355	401
1268	1430
327	391
166	176
574	702
824	858
