HFSDDW
50	15	5
0	27	1	59	2	97	3	2	4	86
0	61	1	4	2	12	3	90	4	99
0	73	1	8	2	27	3	34	4	22
0	47	1	19	2	71	3	98	4	86
0	16	1	9	2	39	3	20	4	84
0	96	1	13	2	22	3	35	4	53
0	42	1	57	2	92	3	11	4	98
0	87	1	2	2	69	3	49	4	61
0	84	1	77	2	34	3	92	4	47
0	1	1	40	2	53	3	89	4	15
0	6	1	60	2	14	3	39	4	59
0	18	1	21	2	78	3	18	4	89
0	48	1	82	2	76	3	38	4	57
0	17	1	15	2	17	3	36	4	35
0	46	1	49	2	23	3	38	4	2
0	39	1	74	2	47	3	72	4	83
0	57	1	60	2	32	3	20	4	47
0	81	1	43	2	53	3	51	4	80
0	67	1	24	2	51	3	59	4	13
0	3	1	1	2	96	3	35	4	31
0	85	1	24	2	17	3	55	4	69
0	56	1	38	2	76	3	37	4	21
0	44	1	73	2	7	3	34	4	33
0	88	1	51	2	56	3	90	4	75
0	74	1	62	2	65	3	56	4	67
0	22	1	98	2	64	3	25	4	99
0	38	1	78	2	12	3	42	4	98
0	33	1	43	2	76	3	51	4	90
0	44	1	67	2	16	3	31	4	37
0	94	1	18	2	18	3	26	4	24
0	51	1	45	2	6	3	60	4	57
0	23	1	58	2	61	3	87	4	47
0	58	1	74	2	51	3	38	4	82
0	65	1	61	2	64	3	36	4	99
0	46	1	74	2	6	3	1	4	32
0	7	1	46	2	35	3	19	4	73
0	5	1	81	2	38	3	2	4	48
0	93	1	72	2	52	3	85	4	75
0	75	1	81	2	89	3	4	4	32
0	69	1	17	2	78	3	49	4	71
0	33	1	53	2	81	3	26	4	78
0	77	1	39	2	6	3	28	4	50
0	77	1	24	2	43	3	14	4	42
0	77	1	36	2	50	3	89	4	88
0	93	1	9	2	79	3	60	4	25
0	64	1	84	2	2	3	68	4	62
0	90	1	67	2	86	3	48	4	41
0	52	1	99	2	13	3	23	4	71
0	54	1	67	2	25	3	35	4	98
0	52	1	39	2	75	3	62	4	54
LBCmax: 1090
RELDUE
-1	468	2	4
-1	839	1	7
-1	1083	7	1
-1	762	4	7
-1	959	3	5
-1	374	4	3
-1	907	6	3
-1	345	8	8
-1	121	9	3
-1	263	4	4
-1	1118	3	1
-1	524	3	6
-1	509	2	1
-1	820	2	2
-1	764	4	2
-1	213	9	3
-1	513	7	7
-1	1146	6	8
-1	905	1	7
-1	1097	4	2
-1	965	8	1
-1	372	1	2
-1	401	7	5
-1	304	2	8
-1	483	2	9
-1	394	2	1
-1	1027	3	4
-1	597	6	1
-1	781	2	5
-1	900	6	7
-1	388	9	2
-1	206	3	1
-1	541	6	2
-1	264	6	8
-1	432	7	1
-1	360	7	3
-1	962	8	2
-1	395	5	3
-1	868	1	1
-1	287	8	6
-1	966	8	3
-1	953	9	4
-1	229	1	8
-1	203	1	3
-1	966	2	5
-1	285	6	6
-1	440	1	6
-1	756	3	6
-1	924	7	9
-1	1077	6	6
DDW
421	515
805	873
1061	1105
747	777
940	978
340	408
880	934
342	348
110	132
252	274
1006	1230
514	534
473	545
738	902
688	840
198	228
498	528
1043	1249
896	914
1020	1174
946	984
361	383
369	433
298	310
459	507
386	402
996	1058
585	609
711	851
810	990
369	407
202	210
514	568
259	269
397	467
338	382
943	981
359	431
842	894
281	293
898	1034
858	1048
218	240
185	221
908	1024
268	302
396	484
741	771
850	998
1002	1152
