HFSDDW
20	6	2
0	28	1	43
0	70	1	89
0	15	1	23
0	92	1	66
0	80	1	65
0	42	1	8
0	72	1	51
0	15	1	72
0	4	1	62
0	1	1	68
0	45	1	91
0	37	1	87
0	79	1	95
0	92	1	13
0	65	1	98
0	89	1	81
0	15	1	66
0	4	1	8
0	8	1	74
0	7	1	5
LBCmax: 392
RELDUE
-1	195	3	8
-1	178	1	8
-1	163	7	6
-1	156	9	1
-1	165	5	1
-1	180	6	3
-1	155	5	9
-1	154	7	7
-1	189	4	8
-1	119	3	1
-1	142	5	5
-1	120	3	6
-1	161	7	8
-1	168	3	5
-1	154	2	7
-1	147	1	3
-1	122	6	8
-1	183	7	2
-1	125	7	7
-1	132	7	1
DDW
177	213
169	187
147	179
142	170
158	172
178	182
147	163
145	163
170	208
109	129
141	143
118	122
151	171
166	170
142	166
134	160
115	129
176	190
122	128
120	144
