HFSDDW
20	4	2
0	67	1	38
0	58	1	19
0	30	1	45
0	18	1	63
0	25	1	88
0	40	1	29
0	35	1	53
0	97	1	25
0	9	1	75
0	22	1	45
0	33	1	11
0	15	1	67
0	3	1	96
0	54	1	24
0	83	1	51
0	74	1	66
0	54	1	41
0	40	1	53
0	66	1	18
0	14	1	50
LBCmax: 485
RELDUE
-1	500	9	9
-1	81	8	7
-1	101	2	7
-1	413	7	9
-1	107	2	5
-1	510	6	9
-1	433	6	7
-1	193	5	3
-1	274	9	4
-1	303	5	1
-1	120	2	3
-1	258	7	3
-1	163	4	3
-1	471	4	7
-1	66	4	8
-1	323	3	7
-1	157	1	8
-1	487	6	9
-1	127	3	4
-1	211	6	4
DDW
475	525
67	95
97	105
409	417
87	127
484	536
359	507
172	214
252	296
255	351
106	134
214	302
152	174
462	480
63	69
278	368
151	163
433	541
117	137
175	247
