HFSDDW
15	9	3
0	35	1	37	2	44
0	79	1	30	2	77
0	45	1	58	2	4
0	26	1	77	2	81
0	49	1	70	2	96
0	53	1	77	2	4
0	35	1	93	2	97
0	48	1	63	2	74
0	29	1	61	2	33
0	85	1	72	2	21
0	83	1	35	2	90
0	79	1	93	2	86
0	29	1	24	2	93
0	49	1	87	2	96
0	53	1	38	2	45
LBCmax: 386
RELDUE
-1	218	4	6
-1	265	8	8
-1	359	4	4
-1	265	9	7
-1	208	7	1
-1	219	3	5
-1	294	1	8
-1	421	1	1
-1	232	9	3
-1	252	3	2
-1	396	3	6
-1	366	5	6
-1	353	1	4
-1	308	4	7
-1	353	5	1
DDW
211	225
233	297
305	413
252	278
206	210
206	232
285	303
358	484
188	276
249	255
376	416
318	414
286	420
293	323
293	413
