HFSDDW
15	12	4
0	87	1	65	2	46	3	46
0	54	1	14	2	53	3	55
0	10	1	23	2	55	3	19
0	23	1	4	2	56	3	88
0	33	1	77	2	53	3	41
0	84	1	10	2	43	3	9
0	12	1	71	2	36	3	21
0	70	1	42	2	98	3	43
0	90	1	89	2	47	3	6
0	49	1	99	2	15	3	92
0	26	1	52	2	88	3	12
0	80	1	15	2	24	3	54
0	64	1	45	2	88	3	50
0	64	1	5	2	79	3	77
0	22	1	38	2	34	3	82
LBCmax: 348
RELDUE
-1	308	3	2
-1	148	3	3
-1	333	9	5
-1	270	8	6
-1	118	3	5
-1	79	5	8
-1	132	8	1
-1	150	7	8
-1	230	2	6
-1	208	3	2
-1	171	9	6
-1	148	2	8
-1	254	7	8
-1	247	9	9
-1	85	2	1
DDW
290	326
135	161
330	336
243	297
112	124
74	84
119	145
148	152
221	239
200	216
154	188
136	160
236	272
242	252
78	92
