HFSDDW
15	6	3
0	11	1	46	2	72
0	35	1	43	2	32
0	88	1	58	2	67
0	92	1	61	2	73
0	48	1	29	2	43
0	37	1	72	2	79
0	97	1	94	2	67
0	43	1	86	2	43
0	12	1	77	2	31
0	70	1	87	2	20
0	82	1	23	2	24
0	35	1	88	2	3
0	29	1	33	2	47
0	88	1	12	2	95
0	7	1	80	2	88
LBCmax: 467
RELDUE
-1	405	1	2
-1	368	7	5
-1	402	1	4
-1	331	5	2
-1	404	4	4
-1	391	1	4
-1	329	3	1
-1	411	8	7
-1	393	4	1
-1	372	5	3
-1	390	3	5
-1	383	6	1
-1	353	5	8
-1	349	3	5
-1	389	8	2
DDW
369	441
294	442
394	410
275	387
331	477
317	465
309	349
362	460
334	452
331	413
363	417
356	410
325	381
304	394
331	447
