HFSDDW
20	8	4
0	64	1	2	2	82	3	82
0	83	1	87	2	57	3	61
0	71	1	77	2	79	3	37
0	66	1	58	2	19	3	2
0	56	1	39	2	22	3	86
0	79	1	79	2	95	3	94
0	1	1	43	2	74	3	45
0	90	1	7	2	77	3	50
0	94	1	65	2	75	3	68
0	87	1	4	2	81	3	28
0	42	1	7	2	75	3	8
0	70	1	65	2	98	3	39
0	43	1	51	2	11	3	13
0	92	1	59	2	65	3	84
0	6	1	87	2	82	3	40
0	13	1	12	2	70	3	64
0	99	1	29	2	43	3	2
0	83	1	51	2	14	3	53
0	58	1	94	2	44	3	72
0	5	1	88	2	24	3	35
LBCmax: 676
RELDUE
-1	372	3	9
-1	308	5	9
-1	80	4	6
-1	338	5	9
-1	718	2	9
-1	510	8	2
-1	464	6	5
-1	307	9	7
-1	744	1	3
-1	677	7	4
-1	487	7	1
-1	744	1	9
-1	213	9	2
-1	348	3	2
-1	165	8	2
-1	271	4	9
-1	314	8	8
-1	143	2	5
-1	121	8	1
-1	348	1	4
DDW
365	379
286	330
78	82
335	341
711	725
484	536
445	483
282	332
707	781
650	704
472	502
737	751
202	224
320	376
152	178
266	276
283	345
133	153
120	122
338	358
