HFSDDW
20	6	2
0	12	1	32
0	35	1	75
0	60	1	94
0	56	1	33
0	94	1	13
0	13	1	47
0	4	1	39
0	42	1	67
0	25	1	85
0	32	1	77
0	17	1	75
0	89	1	98
0	51	1	66
0	76	1	22
0	68	1	88
0	21	1	91
0	88	1	90
0	53	1	50
0	74	1	27
0	50	1	69
LBCmax: 423
RELDUE
-1	346	2	4
-1	387	6	1
-1	347	9	2
-1	516	6	2
-1	549	8	9
-1	422	9	9
-1	224	4	6
-1	427	3	5
-1	322	3	9
-1	466	9	8
-1	172	4	1
-1	436	7	8
-1	227	7	5
-1	162	7	8
-1	428	2	2
-1	282	1	4
-1	307	1	6
-1	280	5	2
-1	228	9	5
-1	525	9	8
DDW
336	356
375	399
285	409
459	573
450	648
409	435
206	242
371	483
267	377
447	485
167	177
397	475
209	245
147	177
381	475
274	290
270	344
235	325
214	242
472	578
