HFSDDW
15	9	3
0	31	1	69	2	73
0	12	1	28	2	79
0	73	1	17	2	51
0	21	1	48	2	45
0	21	1	43	2	18
0	75	1	28	2	87
0	87	1	17	2	13
0	24	1	41	2	54
0	27	1	98	2	61
0	26	1	2	2	22
0	27	1	85	2	53
0	3	1	74	2	3
0	21	1	85	2	61
0	41	1	69	2	17
0	69	1	67	2	39
LBCmax: 286
RELDUE
-1	195	2	5
-1	198	2	3
-1	167	9	6
-1	184	9	2
-1	162	7	2
-1	147	5	4
-1	192	3	5
-1	171	5	9
-1	153	5	7
-1	193	2	4
-1	146	1	2
-1	159	5	7
-1	154	2	4
-1	191	4	4
-1	160	2	7
DDW
166	224
196	200
165	169
171	197
154	170
140	154
190	194
156	186
130	176
162	224
117	175
134	184
131	177
168	214
134	186
