HFSDDW
20	8	4
0	57	1	10	2	40	3	41
0	52	1	9	2	95	3	27
0	20	1	30	2	52	3	11
0	62	1	92	2	80	3	74
0	48	1	51	2	47	3	17
0	1	1	23	2	39	3	41
0	61	1	88	2	5	3	52
0	18	1	8	2	40	3	54
0	59	1	67	2	70	3	46
0	13	1	50	2	84	3	89
0	74	1	79	2	2	3	86
0	20	1	96	2	55	3	90
0	88	1	33	2	50	3	48
0	88	1	53	2	26	3	34
0	71	1	99	2	80	3	64
0	5	1	43	2	9	3	13
0	89	1	98	2	51	3	94
0	22	1	35	2	62	3	98
0	67	1	58	2	43	3	22
0	21	1	53	2	21	3	64
LBCmax: 599
RELDUE
-1	179	5	6
-1	108	7	5
-1	288	7	5
-1	366	8	3
-1	267	1	1
-1	392	2	2
-1	297	8	2
-1	83	3	9
-1	208	8	3
-1	189	5	9
-1	328	3	5
-1	105	5	8
-1	311	6	5
-1	131	3	5
-1	365	7	2
-1	171	5	3
-1	312	6	9
-1	378	2	7
-1	407	5	1
-1	137	2	1
DDW
174	184
99	117
230	346
337	395
254	280
345	439
276	318
74	92
171	245
153	225
292	364
94	116
289	333
105	157
299	431
169	173
306	318
314	442
330	484
130	144
