HFSDDW
15	8	4
0	13	1	23	2	43	3	16
0	13	1	22	2	85	3	11
0	47	1	53	2	43	3	87
0	82	1	73	2	89	3	8
0	74	1	3	2	99	3	42
0	75	1	73	2	68	3	92
0	13	1	86	2	2	3	29
0	96	1	10	2	68	3	96
0	81	1	62	2	26	3	82
0	72	1	44	2	2	3	58
0	55	1	19	2	31	3	92
0	54	1	95	2	90	3	69
0	26	1	62	2	2	3	11
0	78	1	5	2	70	3	39
0	55	1	51	2	3	3	27
LBCmax: 501
RELDUE
-1	371	6	4
-1	407	7	4
-1	364	2	9
-1	389	3	1
-1	436	4	1
-1	397	6	2
-1	357	7	9
-1	371	8	3
-1	398	2	4
-1	358	7	4
-1	386	9	1
-1	382	9	1
-1	351	1	9
-1	393	7	2
-1	439	2	3
DDW
315	427
395	419
335	393
373	405
423	449
318	476
300	414
360	382
326	470
333	383
317	455
340	424
295	407
365	421
413	465
