HFSDDW
20	9	3
0	77	1	10	2	97
0	22	1	19	2	90
0	66	1	45	2	52
0	44	1	90	2	43
0	11	1	74	2	47
0	92	1	10	2	87
0	15	1	17	2	8
0	16	1	20	2	79
0	17	1	72	2	22
0	98	1	49	2	24
0	10	1	45	2	50
0	70	1	68	2	30
0	81	1	37	2	64
0	53	1	27	2	39
0	14	1	85	2	87
0	29	1	69	2	8
0	45	1	93	2	66
0	88	1	16	2	80
0	18	1	62	2	90
0	18	1	6	2	46
LBCmax: 404
RELDUE
-1	177	1	2
-1	175	5	5
-1	199	6	2
-1	144	3	7
-1	149	5	1
-1	158	4	6
-1	197	3	2
-1	154	8	6
-1	126	4	8
-1	134	5	4
-1	129	4	3
-1	180	1	3
-1	139	8	9
-1	171	6	5
-1	194	9	5
-1	177	6	6
-1	122	3	2
-1	148	4	5
-1	196	2	4
-1	193	7	2
DDW
173	181
170	180
181	217
143	145
137	161
150	166
187	207
152	156
116	136
130	138
125	133
176	184
126	152
161	181
182	206
163	191
120	124
144	152
180	212
179	207
