HFSDDW
20	9	3
0	34	1	58	2	47
0	87	1	43	2	44
0	11	1	14	2	55
0	95	1	81	2	24
0	44	1	91	2	44
0	60	1	41	2	19
0	25	1	29	2	3
0	57	1	93	2	62
0	78	1	4	2	17
0	68	1	74	2	32
0	72	1	83	2	17
0	73	1	21	2	90
0	86	1	8	2	73
0	54	1	29	2	99
0	58	1	24	2	24
0	71	1	46	2	15
0	27	1	15	2	96
0	26	1	87	2	59
0	36	1	76	2	64
0	85	1	10	2	39
LBCmax: 416
RELDUE
-1	157	6	1
-1	219	4	6
-1	207	4	5
-1	138	9	6
-1	135	4	5
-1	451	3	1
-1	68	9	4
-1	337	3	8
-1	335	6	4
-1	262	1	3
-1	347	6	7
-1	179	4	7
-1	230	4	6
-1	338	8	2
-1	456	6	3
-1	54	7	9
-1	453	5	1
-1	334	8	3
-1	202	1	8
-1	71	8	7
DDW
155	159
208	230
199	215
134	142
131	139
415	487
65	71
330	344
318	352
257	267
330	364
166	192
214	246
331	345
433	479
49	59
426	480
311	357
198	206
65	77
