HFSDDW
20	12	4
0	34	1	91	2	44	3	13
0	84	1	93	2	43	3	33
0	75	1	91	2	13	3	80
0	15	1	4	2	89	3	41
0	27	1	45	2	44	3	89
0	85	1	16	2	51	3	50
0	91	1	36	2	72	3	52
0	65	1	48	2	35	3	88
0	20	1	66	2	30	3	7
0	97	1	47	2	23	3	36
0	73	1	76	2	3	3	84
0	14	1	79	2	46	3	19
0	92	1	59	2	64	3	4
0	63	1	57	2	38	3	19
0	41	1	93	2	22	3	49
0	22	1	90	2	68	3	28
0	56	1	25	2	60	3	48
0	73	1	82	2	43	3	79
0	23	1	9	2	17	3	9
0	14	1	66	2	37	3	13
LBCmax: 456
RELDUE
-1	219	2	9
-1	185	5	1
-1	192	2	8
-1	142	8	5
-1	213	4	3
-1	165	1	7
-1	159	6	1
-1	194	6	7
-1	163	3	6
-1	147	4	3
-1	197	1	9
-1	140	2	6
-1	160	2	4
-1	205	5	5
-1	149	9	3
-1	213	1	4
-1	144	4	5
-1	205	9	9
-1	163	1	5
-1	218	9	9
DDW
206	232
172	198
186	198
128	156
211	215
148	182
151	167
190	198
160	166
140	154
185	209
133	147
154	166
203	207
136	162
207	219
132	156
187	223
147	179
201	235
