HFSDDW
15	9	3
0	46	1	49	2	64
0	12	1	1	2	73
0	19	1	26	2	90
0	38	1	57	2	82
0	94	1	16	2	57
0	8	1	9	2	43
0	10	1	34	2	2
0	76	1	74	2	99
0	75	1	17	2	30
0	91	1	9	2	42
0	14	1	63	2	97
0	51	1	22	2	42
0	13	1	2	2	56
0	61	1	10	2	21
0	72	1	26	2	85
LBCmax: 312
RELDUE
-1	161	4	3
-1	193	2	5
-1	178	3	9
-1	203	8	4
-1	182	9	2
-1	215	9	1
-1	208	8	5
-1	215	3	8
-1	180	1	5
-1	161	2	7
-1	199	6	9
-1	203	2	6
-1	196	5	3
-1	179	7	6
-1	208	4	5
DDW
150	172
183	203
166	190
187	219
178	186
196	234
206	210
209	221
178	182
145	177
193	205
199	207
186	206
166	192
198	218
