HFSDDW
20	6	2
0	30	1	16
0	16	1	33
0	54	1	11
0	25	1	49
0	3	1	59
0	29	1	10
0	5	1	12
0	69	1	13
0	43	1	94
0	6	1	20
0	11	1	75
0	90	1	63
0	67	1	8
0	54	1	76
0	46	1	66
0	63	1	87
0	42	1	76
0	77	1	20
0	19	1	7
0	7	1	39
LBCmax: 283
RELDUE
-1	132	6	5
-1	79	1	4
-1	90	9	4
-1	87	7	3
-1	216	4	5
-1	186	9	4
-1	286	8	7
-1	114	8	9
-1	192	5	7
-1	300	9	2
-1	208	2	3
-1	147	2	5
-1	58	1	2
-1	194	7	8
-1	71	6	3
-1	183	9	6
-1	99	4	6
-1	178	8	8
-1	214	2	8
-1	159	3	3
DDW
108	156
69	89
72	108
85	89
214	218
175	197
255	317
104	124
161	223
285	315
206	210
129	165
51	65
173	215
67	75
170	196
92	106
158	198
199	229
134	184
