HFSDDW
20	8	4
0	49	1	41	2	99	3	24
0	36	1	73	2	63	3	23
0	86	1	10	2	22	3	17
0	65	1	90	2	64	3	63
0	32	1	39	2	15	3	7
0	12	1	47	2	51	3	56
0	88	1	50	2	17	3	54
0	13	1	91	2	60	3	44
0	13	1	18	2	39	3	85
0	21	1	34	2	11	3	47
0	87	1	22	2	93	3	84
0	20	1	2	2	64	3	56
0	58	1	49	2	5	3	97
0	24	1	76	2	16	3	2
0	89	1	43	2	36	3	85
0	56	1	9	2	10	3	95
0	50	1	78	2	5	3	48
0	51	1	78	2	43	3	97
0	28	1	68	2	20	3	90
0	54	1	66	2	37	3	87
LBCmax: 649
RELDUE
-1	532	9	2
-1	430	1	8
-1	570	1	1
-1	444	7	5
-1	533	6	3
-1	438	5	3
-1	273	1	5
-1	334	9	9
-1	202	2	5
-1	341	1	8
-1	568	6	7
-1	495	5	2
-1	579	8	6
-1	296	9	1
-1	549	7	4
-1	503	8	5
-1	242	3	9
-1	578	9	7
-1	331	5	2
-1	354	6	8
DDW
431	633
374	486
479	661
373	515
437	629
372	504
232	314
301	367
190	214
273	409
488	648
426	564
469	689
266	326
456	642
473	533
208	276
468	688
265	397
322	386
