HFSDDW
20	12	4
0	54	1	78	2	28	3	13
0	43	1	9	2	35	3	9
0	97	1	25	2	85	3	74
0	36	1	70	2	3	3	92
0	15	1	72	2	39	3	87
0	22	1	40	2	92	3	80
0	65	1	5	2	1	3	21
0	28	1	8	2	92	3	87
0	23	1	38	2	66	3	20
0	18	1	88	2	47	3	69
0	42	1	37	2	6	3	60
0	41	1	37	2	30	3	97
0	41	1	17	2	22	3	96
0	81	1	12	2	53	3	14
0	85	1	47	2	48	3	39
0	8	1	15	2	80	3	89
0	33	1	98	2	52	3	97
0	4	1	83	2	75	3	27
0	25	1	70	2	46	3	85
0	35	1	33	2	39	3	29
LBCmax: 478
RELDUE
-1	356	8	3
-1	152	9	6
-1	371	4	9
-1	176	7	2
-1	390	6	7
-1	417	8	5
-1	159	1	2
-1	173	6	1
-1	386	4	7
-1	294	1	4
-1	241	9	4
-1	347	2	5
-1	260	5	1
-1	166	8	2
-1	319	1	2
-1	221	3	2
-1	303	1	9
-1	187	4	4
-1	222	1	2
-1	267	7	9
DDW
345	367
137	167
352	390
172	180
359	421
379	455
148	170
168	178
367	405
276	312
217	265
316	378
255	265
149	183
300	338
210	232
297	309
178	196
220	224
256	278
