HFSDDW
15	8	4
0	73	1	60	2	67	3	21
0	2	1	51	2	10	3	58
0	45	1	14	2	80	3	98
0	87	1	47	2	3	3	68
0	63	1	56	2	20	3	85
0	8	1	43	2	72	3	36
0	90	1	63	2	61	3	65
0	44	1	22	2	80	3	21
0	35	1	70	2	72	3	63
0	60	1	60	2	99	3	98
0	72	1	61	2	51	3	2
0	38	1	59	2	45	3	93
0	20	1	12	2	82	3	19
0	23	1	16	2	14	3	31
0	87	1	31	2	31	3	38
LBCmax: 484
RELDUE
-1	482	5	9
-1	266	7	9
-1	115	3	2
-1	160	7	5
-1	209	3	4
-1	337	6	9
-1	354	2	6
-1	131	4	7
-1	408	3	3
-1	238	6	1
-1	86	3	5
-1	58	3	7
-1	322	8	9
-1	150	3	2
-1	112	8	1
DDW
405	559
231	301
114	116
158	162
180	238
310	364
340	368
122	140
326	490
228	248
82	90
46	70
267	377
124	176
95	129
