HFSDDW
15	9	3
0	77	1	23	2	24
0	66	1	10	2	24
0	46	1	34	2	21
0	23	1	26	2	71
0	58	1	90	2	60
0	55	1	69	2	31
0	96	1	85	2	5
0	75	1	48	2	47
0	7	1	47	2	26
0	80	1	94	2	11
0	22	1	40	2	45
0	47	1	97	2	53
0	89	1	23	2	1
0	52	1	17	2	98
0	10	1	84	2	42
LBCmax: 303
RELDUE
-1	198	9	6
-1	178	4	1
-1	154	1	8
-1	156	3	1
-1	190	9	1
-1	184	6	5
-1	157	3	4
-1	188	7	1
-1	207	6	6
-1	196	1	3
-1	152	1	2
-1	197	7	3
-1	198	6	1
-1	187	8	5
-1	189	7	9
DDW
166	230
173	183
134	174
144	168
169	211
164	204
138	176
150	226
172	242
172	220
137	167
183	211
192	204
185	189
151	227
