HFSDDW
20	12	4
0	11	1	90	2	88	3	39
0	62	1	52	2	1	3	40
0	37	1	67	2	26	3	79
0	51	1	87	2	77	3	19
0	22	1	56	2	82	3	35
0	37	1	2	2	68	3	72
0	61	1	85	2	95	3	82
0	7	1	95	2	53	3	13
0	10	1	90	2	60	3	62
0	65	1	2	2	72	3	42
0	29	1	31	2	16	3	21
0	61	1	77	2	52	3	51
0	58	1	14	2	53	3	91
0	54	1	80	2	30	3	9
0	22	1	16	2	78	3	76
0	57	1	18	2	33	3	41
0	15	1	14	2	70	3	61
0	27	1	16	2	54	3	20
0	84	1	41	2	7	3	6
0	86	1	48	2	12	3	84
LBCmax: 412
RELDUE
-1	234	1	9
-1	242	3	4
-1	226	6	3
-1	283	1	2
-1	240	7	3
-1	256	2	7
-1	254	1	9
-1	230	4	2
-1	255	9	4
-1	249	9	5
-1	239	5	4
-1	246	1	7
-1	225	7	1
-1	285	9	8
-1	276	6	9
-1	215	1	2
-1	287	4	6
-1	268	8	4
-1	210	2	8
-1	245	4	1
DDW
220	248
230	254
212	240
272	294
233	247
238	274
241	267
223	237
240	270
229	269
234	244
231	261
207	243
268	302
248	304
200	230
258	316
252	284
195	225
230	260
