HFSDDW
15	6	3
0	45	1	48	2	30
0	2	1	38	2	93
0	45	1	15	2	29
0	40	1	3	2	50
0	61	1	46	2	24
0	6	1	66	2	66
0	9	1	65	2	79
0	78	1	66	2	83
0	35	1	76	2	83
0	25	1	67	2	17
0	28	1	93	2	98
0	72	1	80	2	54
0	22	1	75	2	4
0	52	1	84	2	96
0	99	1	73	2	96
LBCmax: 493
RELDUE
-1	332	1	2
-1	153	5	2
-1	149	2	1
-1	366	5	9
-1	528	6	7
-1	625	8	9
-1	566	6	6
-1	161	8	8
-1	356	8	9
-1	161	8	9
-1	474	7	8
-1	553	8	9
-1	378	2	4
-1	477	9	6
-1	450	7	2
DDW
282	382
129	177
146	152
333	399
480	576
544	706
509	623
132	190
310	402
132	190
389	559
536	570
352	404
405	549
364	536
