HFSDDW
20	9	3
0	20	1	54	2	79
0	6	1	70	2	90
0	1	1	34	2	27
0	6	1	89	2	19
0	58	1	7	2	32
0	39	1	10	2	49
0	96	1	18	2	61
0	45	1	88	2	61
0	70	1	50	2	17
0	17	1	97	2	1
0	15	1	71	2	5
0	28	1	28	2	16
0	65	1	62	2	11
0	83	1	3	2	12
0	43	1	99	2	60
0	83	1	1	2	44
0	70	1	27	2	51
0	2	1	78	2	62
0	26	1	74	2	65
0	19	1	36	2	21
LBCmax: 341
RELDUE
-1	253	5	7
-1	274	5	7
-1	176	5	2
-1	154	9	4
-1	290	1	5
-1	140	5	5
-1	130	3	9
-1	165	1	2
-1	263	7	2
-1	136	1	4
-1	254	7	7
-1	199	6	5
-1	180	5	1
-1	127	6	6
-1	132	5	7
-1	204	7	7
-1	107	2	5
-1	284	7	1
-1	104	4	6
-1	281	7	8
DDW
238	268
233	315
165	187
145	163
249	331
132	148
124	136
148	182
260	266
109	163
216	292
163	235
149	211
112	142
127	137
171	237
105	109
230	338
100	108
253	309
