HFSDDW
20	8	4
0	92	1	31	2	99	3	85
0	20	1	93	2	6	3	50
0	23	1	8	2	61	3	69
0	8	1	24	2	85	3	75
0	46	1	9	2	24	3	94
0	52	1	82	2	86	3	28
0	97	1	49	2	66	3	42
0	35	1	8	2	94	3	28
0	61	1	29	2	26	3	15
0	10	1	54	2	94	3	50
0	56	1	91	2	87	3	7
0	84	1	60	2	76	3	89
0	61	1	54	2	74	3	80
0	44	1	47	2	23	3	11
0	45	1	72	2	87	3	71
0	28	1	64	2	15	3	15
0	14	1	34	2	8	3	78
0	97	1	71	2	65	3	91
0	15	1	74	2	38	3	61
0	94	1	80	2	43	3	37
LBCmax: 625
RELDUE
-1	393	5	9
-1	416	9	9
-1	440	8	8
-1	443	6	7
-1	146	1	6
-1	21	2	6
-1	463	3	5
-1	25	9	5
-1	0	8	4
-1	32	8	9
-1	373	5	9
-1	168	7	8
-1	353	1	3
-1	85	3	9
-1	76	5	5
-1	515	8	3
-1	415	8	9
-1	387	8	7
-1	521	8	9
-1	250	9	5
DDW
373	413
408	424
436	444
421	465
131	161
21	21
458	468
24	26
0	0
29	35
369	377
160	176
318	388
76	94
75	77
484	546
403	427
379	395
474	568
232	268
