HFSDDW
20	4	2
0	94	1	40
0	13	1	88
0	68	1	36
0	6	1	85
0	36	1	22
0	40	1	1
0	81	1	61
0	4	1	97
0	77	1	15
0	92	1	86
0	67	1	86
0	19	1	47
0	77	1	13
0	48	1	84
0	88	1	77
0	14	1	32
0	32	1	50
0	62	1	89
0	34	1	24
0	66	1	23
LBCmax: 533
RELDUE
-1	394	8	2
-1	375	9	6
-1	425	1	1
-1	458	7	3
-1	402	9	2
-1	442	6	5
-1	373	5	7
-1	454	6	6
-1	402	4	4
-1	423	2	2
-1	380	2	7
-1	392	6	4
-1	405	7	9
-1	373	1	3
-1	437	9	5
-1	381	7	7
-1	395	2	2
-1	443	4	9
-1	385	1	9
-1	432	7	2
DDW
315	473
319	431
357	493
444	472
334	470
393	491
321	425
395	513
374	430
343	503
323	437
325	459
364	446
298	448
398	476
366	396
344	446
390	496
316	454
419	445
