HFSDDW
20	8	4
0	27	1	97	2	83	3	70
0	58	1	55	2	80	3	28
0	37	1	39	2	64	3	36
0	21	1	21	2	53	3	32
0	62	1	91	2	35	3	27
0	8	1	12	2	28	3	56
0	70	1	65	2	5	3	46
0	4	1	5	2	50	3	74
0	70	1	37	2	89	3	67
0	69	1	38	2	63	3	16
0	16	1	36	2	48	3	88
0	32	1	94	2	62	3	98
0	38	1	92	2	91	3	61
0	77	1	63	2	64	3	15
0	70	1	28	2	99	3	93
0	51	1	35	2	24	3	33
0	88	1	90	2	65	3	84
0	31	1	85	2	63	3	25
0	28	1	20	2	11	3	72
0	64	1	39	2	24	3	75
LBCmax: 602
RELDUE
-1	192	3	7
-1	201	7	5
-1	209	3	7
-1	223	3	6
-1	228	5	9
-1	503	5	3
-1	529	1	3
-1	206	9	5
-1	444	3	2
-1	452	2	9
-1	535	9	6
-1	329	2	6
-1	318	8	2
-1	432	8	6
-1	415	5	3
-1	474	6	5
-1	224	4	8
-1	235	5	3
-1	542	4	5
-1	332	8	5
DDW
180	204
193	209
196	222
203	243
221	235
468	538
508	550
202	210
408	480
443	461
503	567
326	332
286	350
428	436
394	436
436	512
208	240
230	240
504	580
329	335
