HFSDDW
20	12	4
0	37	1	18	2	57	3	78
0	17	1	11	2	32	3	39
0	16	1	99	2	92	3	11
0	7	1	90	2	98	3	11
0	86	1	65	2	45	3	9
0	59	1	67	2	36	3	83
0	77	1	50	2	36	3	89
0	73	1	14	2	52	3	69
0	15	1	78	2	72	3	37
0	88	1	77	2	19	3	19
0	35	1	7	2	14	3	54
0	80	1	8	2	52	3	84
0	54	1	81	2	78	3	26
0	6	1	59	2	96	3	69
0	82	1	74	2	1	3	67
0	75	1	42	2	66	3	3
0	47	1	23	2	95	3	29
0	19	1	62	2	23	3	10
0	46	1	26	2	73	3	53
0	53	1	81	2	3	3	70
LBCmax: 427
RELDUE
-1	298	2	3
-1	257	6	9
-1	244	6	7
-1	292	8	8
-1	243	8	4
-1	236	2	1
-1	268	7	3
-1	261	7	3
-1	284	1	7
-1	215	7	2
-1	259	6	4
-1	225	5	2
-1	279	1	1
-1	258	4	9
-1	251	8	8
-1	293	2	4
-1	247	7	5
-1	223	6	7
-1	218	8	5
-1	262	3	6
DDW
283	313
234	280
227	261
280	304
221	265
222	250
255	281
248	274
258	310
209	221
236	282
209	241
265	293
235	281
226	276
270	316
227	267
210	236
198	238
246	278
