HFSDDW
20	6	2
0	87	1	4
0	99	1	81
0	1	1	24
0	32	1	39
0	45	1	9
0	62	1	82
0	67	1	92
0	98	1	40
0	2	1	72
0	60	1	70
0	68	1	69
0	49	1	39
0	17	1	69
0	97	1	50
0	51	1	92
0	19	1	52
0	2	1	96
0	33	1	16
0	36	1	15
0	20	1	81
LBCmax: 366
RELDUE
-1	305	3	8
-1	302	8	5
-1	261	9	1
-1	293	8	7
-1	279	6	8
-1	313	1	8
-1	280	5	8
-1	289	1	1
-1	303	6	9
-1	292	1	4
-1	272	4	5
-1	316	8	1
-1	317	7	4
-1	316	7	2
-1	323	1	2
-1	269	6	7
-1	296	5	8
-1	300	5	8
-1	303	7	5
-1	279	6	2
DDW
274	336
281	323
238	284
267	319
265	293
300	326
272	288
286	292
279	327
266	318
256	288
297	335
298	336
307	325
291	355
247	291
266	326
273	327
276	330
262	296
