HFSDDW
20	9	3
0	46	1	43	2	16
0	25	1	26	2	37
0	65	1	21	2	51
0	64	1	14	2	98
0	1	1	6	2	32
0	39	1	32	2	21
0	12	1	88	2	26
0	28	1	5	2	37
0	60	1	74	2	64
0	86	1	12	2	43
0	68	1	31	2	27
0	73	1	60	2	98
0	90	1	30	2	79
0	45	1	5	2	82
0	3	1	1	2	45
0	91	1	11	2	10
0	15	1	40	2	80
0	36	1	38	2	87
0	2	1	19	2	39
0	79	1	64	2	52
LBCmax: 353
RELDUE
-1	291	6	5
-1	314	7	7
-1	65	6	3
-1	62	9	4
-1	373	7	4
-1	327	6	2
-1	289	6	3
-1	130	7	3
-1	196	7	9
-1	152	1	6
-1	209	2	8
-1	40	6	8
-1	179	9	8
-1	270	9	7
-1	331	1	6
-1	188	9	4
-1	122	8	9
-1	48	8	2
-1	362	1	4
-1	280	5	6
DDW
239	343
292	336
57	73
61	63
317	429
301	353
266	312
126	134
159	233
134	170
180	238
37	43
143	215
251	289
295	367
156	220
100	144
39	57
300	424
232	328
