HFSDDW
20	4	2
0	34	1	98
0	29	1	57
0	97	1	12
0	79	1	2
0	99	1	85
0	35	1	95
0	8	1	10
0	68	1	39
0	46	1	39
0	87	1	99
0	20	1	58
0	13	1	44
0	82	1	16
0	30	1	95
0	85	1	66
0	29	1	55
0	44	1	13
0	16	1	89
0	25	1	55
0	62	1	5
LBCmax: 529
RELDUE
-1	175	8	8
-1	504	2	3
-1	314	6	8
-1	586	5	9
-1	657	9	8
-1	496	2	9
-1	199	7	8
-1	627	9	5
-1	645	3	3
-1	490	5	2
-1	242	1	4
-1	428	1	3
-1	362	5	8
-1	310	2	2
-1	525	4	4
-1	557	1	4
-1	612	8	8
-1	607	3	2
-1	552	5	9
-1	592	3	2
DDW
170	180
489	519
254	374
568	604
591	723
471	521
169	229
552	702
600	690
475	505
218	266
381	475
337	387
273	347
446	604
507	607
508	716
492	722
458	646
497	687
