HFSDDW
20	6	2
0	25	1	2
0	17	1	11
0	50	1	46
0	73	1	90
0	22	1	63
0	41	1	43
0	28	1	64
0	38	1	1
0	39	1	12
0	64	1	62
0	24	1	82
0	38	1	75
0	77	1	58
0	4	1	37
0	82	1	96
0	4	1	13
0	44	1	65
0	74	1	34
0	71	1	16
0	15	1	91
LBCmax: 330
RELDUE
-1	162	4	4
-1	228	1	3
-1	144	6	3
-1	121	9	6
-1	102	9	1
-1	38	3	3
-1	163	9	7
-1	186	9	3
-1	163	3	9
-1	198	4	7
-1	53	9	3
-1	201	7	9
-1	164	8	2
-1	88	5	2
-1	142	1	3
-1	117	7	3
-1	158	8	3
-1	116	5	3
-1	100	9	3
-1	214	8	1
DDW
160	164
226	230
118	170
105	137
91	113
31	45
134	192
151	221
152	174
186	210
51	55
173	229
162	166
77	99
114	170
112	122
137	179
114	118
92	108
197	231
