HFSDDW
15	8	4
0	77	1	83	2	90	3	1
0	15	1	46	2	94	3	35
0	42	1	26	2	70	3	6
0	44	1	61	2	41	3	67
0	42	1	61	2	27	3	80
0	96	1	49	2	27	3	16
0	4	1	17	2	46	3	95
0	71	1	1	2	83	3	51
0	20	1	27	2	25	3	16
0	27	1	55	2	34	3	56
0	66	1	81	2	1	3	61
0	67	1	71	2	43	3	7
0	72	1	51	2	75	3	18
0	31	1	57	2	50	3	28
0	57	1	74	2	96	3	98
LBCmax: 461
RELDUE
-1	0	2	5
-1	410	6	5
-1	250	3	7
-1	142	4	3
-1	150	2	3
-1	42	6	2
-1	348	6	7
-1	32	9	6
-1	122	5	6
-1	70	4	6
-1	137	7	2
-1	354	6	2
-1	79	5	8
-1	278	3	7
-1	18	5	1
DDW
0	0
332	488
218	282
129	155
140	160
35	49
282	414
30	34
106	138
66	74
119	155
297	411
72	86
267	289
15	21
