HFSDDW
20	6	2
0	11	1	21
0	37	1	52
0	78	1	85
0	78	1	40
0	90	1	24
0	69	1	66
0	80	1	55
0	30	1	96
0	53	1	68
0	22	1	13
0	36	1	5
0	26	1	51
0	74	1	71
0	56	1	95
0	58	1	13
0	9	1	37
0	4	1	44
0	11	1	40
0	25	1	85
0	2	1	88
LBCmax: 355
RELDUE
-1	208	3	8
-1	246	8	8
-1	350	2	3
-1	334	6	4
-1	277	5	9
-1	236	7	7
-1	304	6	3
-1	330	9	1
-1	224	3	5
-1	181	1	5
-1	316	2	8
-1	363	7	5
-1	223	5	2
-1	354	2	2
-1	220	3	1
-1	190	5	4
-1	379	1	9
-1	360	6	3
-1	345	5	1
-1	191	6	2
DDW
181	235
234	258
329	371
311	357
258	296
189	283
289	319
271	389
184	264
174	188
262	370
330	396
185	261
329	379
178	262
171	209
371	387
338	382
321	369
155	227
