HFSDDW
20	8	4
0	22	1	70	2	38	3	42
0	52	1	75	2	1	3	7
0	64	1	15	2	56	3	86
0	2	1	73	2	28	3	82
0	73	1	6	2	26	3	52
0	50	1	72	2	38	3	82
0	82	1	37	2	27	3	95
0	41	1	84	2	13	3	61
0	35	1	61	2	38	3	56
0	33	1	51	2	72	3	94
0	74	1	56	2	59	3	71
0	58	1	63	2	50	3	60
0	66	1	22	2	45	3	80
0	3	1	62	2	83	3	49
0	33	1	55	2	60	3	16
0	48	1	6	2	65	3	79
0	2	1	95	2	51	3	40
0	36	1	72	2	49	3	23
0	33	1	31	2	78	3	94
0	13	1	67	2	25	3	19
LBCmax: 698
RELDUE
-1	471	2	1
-1	444	3	9
-1	390	7	3
-1	376	5	7
-1	405	8	8
-1	394	4	6
-1	432	3	4
-1	450	3	8
-1	458	7	5
-1	474	4	7
-1	380	4	8
-1	458	6	5
-1	476	5	7
-1	429	3	7
-1	415	8	1
-1	446	1	3
-1	476	9	6
-1	461	1	7
-1	446	4	4
-1	438	5	2
DDW
429	513
404	484
355	425
342	410
381	429
370	418
410	454
428	472
444	472
441	507
342	418
435	481
452	500
425	433
403	427
428	464
452	500
424	498
424	468
434	442
