HFSDDW
15	12	4
0	68	1	76	2	98	3	46
0	31	1	9	2	15	3	79
0	37	1	37	2	34	3	52
0	50	1	31	2	39	3	74
0	92	1	76	2	84	3	91
0	88	1	67	2	73	3	29
0	96	1	57	2	69	3	46
0	40	1	2	2	56	3	2
0	51	1	34	2	35	3	31
0	99	1	81	2	47	3	82
0	23	1	36	2	63	3	75
0	76	1	71	2	8	3	76
0	47	1	61	2	14	3	22
0	64	1	77	2	84	3	2
0	4	1	70	2	49	3	74
LBCmax: 387
RELDUE
-1	270	5	1
-1	381	9	5
-1	265	3	5
-1	254	9	9
-1	429	8	8
-1	238	4	4
-1	120	7	5
-1	179	4	3
-1	486	3	3
-1	148	7	4
-1	404	5	9
-1	159	3	9
-1	231	5	7
-1	124	9	8
-1	382	4	8
DDW
267	273
309	453
231	299
249	259
399	459
190	286
118	122
172	186
462	510
141	155
364	444
137	181
203	259
112	136
344	420
