HFSDDW
20	4	2
0	94	1	40
0	81	1	36
0	15	1	5
0	1	1	42
0	61	1	18
0	93	1	26
0	60	1	47
0	55	1	66
0	84	1	69
0	91	1	51
0	33	1	57
0	87	1	82
0	52	1	87
0	86	1	94
0	54	1	55
0	69	1	58
0	55	1	92
0	98	1	51
0	29	1	23
0	95	1	26
LBCmax: 662
RELDUE
-1	474	2	1
-1	533	8	1
-1	539	5	4
-1	483	7	7
-1	573	5	1
-1	546	4	6
-1	594	7	6
-1	485	4	8
-1	503	9	7
-1	569	1	9
-1	479	9	7
-1	474	6	7
-1	520	4	6
-1	517	2	2
-1	485	7	6
-1	513	9	3
-1	533	4	7
-1	594	1	1
-1	575	6	5
-1	499	6	5
DDW
384	564
496	570
464	614
454	512
521	625
491	601
546	642
407	563
402	604
523	615
441	517
393	555
416	624
419	615
446	524
462	564
485	581
576	612
500	650
409	589
