HFSDDW
15	12	4
0	48	1	83	2	1	3	99
0	61	1	30	2	4	3	91
0	96	1	4	2	73	3	14
0	45	1	51	2	12	3	16
0	74	1	50	2	89	3	81
0	68	1	49	2	13	3	23
0	26	1	67	2	10	3	60
0	45	1	61	2	70	3	57
0	45	1	95	2	76	3	42
0	39	1	98	2	88	3	2
0	17	1	99	2	50	3	32
0	54	1	40	2	27	3	12
0	46	1	21	2	73	3	46
0	86	1	67	2	76	3	99
0	71	1	78	2	73	3	93
LBCmax: 375
RELDUE
-1	234	7	9
-1	284	8	7
-1	293	8	4
-1	266	9	2
-1	262	3	8
-1	224	3	7
-1	343	7	2
-1	297	7	7
-1	356	6	3
-1	345	9	8
-1	360	7	5
-1	360	2	9
-1	327	4	7
-1	386	8	4
-1	331	7	4
DDW
211	257
258	310
264	322
263	269
259	265
222	226
309	377
294	300
324	388
324	366
349	371
349	371
317	337
367	405
328	334
