HFSDDW
20	8	4
0	86	1	73	2	76	3	27
0	70	1	82	2	63	3	54
0	16	1	66	2	52	3	62
0	12	1	97	2	84	3	42
0	98	1	14	2	54	3	24
0	34	1	2	2	17	3	69
0	29	1	24	2	94	3	25
0	24	1	80	2	37	3	42
0	72	1	82	2	28	3	9
0	35	1	66	2	60	3	41
0	41	1	32	2	88	3	81
0	49	1	8	2	17	3	79
0	26	1	49	2	67	3	30
0	30	1	67	2	23	3	85
0	57	1	7	2	97	3	46
0	87	1	39	2	31	3	36
0	30	1	11	2	90	3	29
0	69	1	76	2	7	3	32
0	53	1	13	2	83	3	2
0	13	1	35	2	21	3	22
LBCmax: 592
RELDUE
-1	321	2	8
-1	352	1	5
-1	649	4	4
-1	561	7	2
-1	342	8	2
-1	321	7	2
-1	337	8	7
-1	311	4	7
-1	508	4	6
-1	446	3	2
-1	478	9	8
-1	395	7	3
-1	540	3	8
-1	344	6	4
-1	484	6	8
-1	303	9	6
-1	302	8	8
-1	484	1	2
-1	482	1	5
-1	432	3	7
DDW
308	334
317	387
630	668
539	583
318	366
311	331
320	354
280	342
467	549
406	486
445	511
375	415
524	556
330	358
465	503
291	315
296	308
440	528
468	496
402	462
