HFSDDW
20	4	2
0	54	1	23
0	60	1	29
0	82	1	14
0	35	1	23
0	34	1	68
0	51	1	24
0	42	1	20
0	85	1	77
0	62	1	11
0	37	1	31
0	70	1	55
0	59	1	33
0	20	1	57
0	64	1	88
0	72	1	79
0	99	1	24
0	21	1	1
0	84	1	24
0	94	1	80
0	85	1	52
LBCmax: 611
RELDUE
-1	290	5	5
-1	189	5	5
-1	292	7	3
-1	259	1	4
-1	223	4	6
-1	305	8	8
-1	199	3	8
-1	212	4	6
-1	250	6	9
-1	240	9	2
-1	301	4	4
-1	233	4	3
-1	297	8	6
-1	290	3	4
-1	283	2	8
-1	304	6	7
-1	260	7	6
-1	216	1	4
-1	194	5	4
-1	213	9	1
DDW
261	319
174	204
266	318
233	285
207	239
299	311
195	203
210	214
238	262
235	245
289	313
217	249
288	306
264	316
258	308
301	307
255	265
210	222
178	210
209	217
