HFSDDW
20	9	3
0	80	1	95	2	94
0	41	1	28	2	13
0	86	1	23	2	32
0	20	1	90	2	55
0	71	1	33	2	87
0	33	1	57	2	63
0	5	1	69	2	29
0	15	1	60	2	67
0	83	1	27	2	83
0	86	1	92	2	82
0	48	1	5	2	60
0	46	1	38	2	82
0	93	1	75	2	36
0	71	1	60	2	35
0	98	1	74	2	59
0	23	1	82	2	32
0	81	1	82	2	53
0	20	1	52	2	20
0	44	1	65	2	35
0	28	1	58	2	1
LBCmax: 417
RELDUE
-1	149	5	5
-1	208	1	1
-1	150	3	3
-1	166	5	4
-1	184	1	7
-1	197	5	6
-1	204	2	4
-1	146	4	6
-1	204	1	5
-1	129	1	7
-1	158	3	6
-1	193	4	7
-1	148	4	7
-1	153	9	2
-1	132	1	5
-1	203	5	5
-1	138	2	9
-1	196	6	7
-1	131	9	2
-1	175	2	4
DDW
143	155
196	220
146	154
161	171
173	195
181	213
190	218
131	161
184	224
123	135
144	172
179	207
135	161
147	159
127	137
185	221
135	141
190	202
122	140
164	186
