HFSDDW
20	6	2
0	7	1	89
0	33	1	93
0	13	1	17
0	13	1	63
0	48	1	43
0	58	1	78
0	70	1	4
0	26	1	47
0	66	1	69
0	61	1	17
0	56	1	36
0	86	1	92
0	27	1	47
0	71	1	4
0	37	1	34
0	35	1	76
0	59	1	73
0	98	1	47
0	41	1	66
0	52	1	3
LBCmax: 345
RELDUE
-1	185	5	1
-1	174	3	2
-1	226	1	8
-1	174	2	9
-1	207	1	8
-1	193	1	9
-1	181	2	6
-1	238	9	5
-1	192	6	8
-1	182	4	9
-1	208	3	7
-1	194	7	2
-1	190	8	1
-1	210	5	1
-1	221	1	3
-1	221	4	1
-1	174	9	8
-1	200	6	1
-1	218	8	6
-1	218	9	7
DDW
181	189
171	177
203	249
164	184
205	209
181	205
177	185
221	255
180	204
178	186
204	212
190	198
171	209
193	227
212	230
203	239
167	181
198	202
209	227
216	220
