HFSDDW
15	12	4
0	79	1	53	2	53	3	31
0	53	1	18	2	43	3	5
0	66	1	49	2	74	3	92
0	76	1	39	2	78	3	17
0	55	1	12	2	7	3	37
0	94	1	6	2	68	3	82
0	77	1	34	2	10	3	49
0	55	1	71	2	74	3	23
0	30	1	13	2	5	3	66
0	6	1	57	2	4	3	33
0	69	1	71	2	89	3	37
0	13	1	71	2	95	3	50
0	23	1	72	2	16	3	40
0	26	1	43	2	90	3	73
0	85	1	70	2	54	3	19
LBCmax: 354
RELDUE
-1	52	3	2
-1	236	3	7
-1	140	1	4
-1	239	6	3
-1	196	8	6
-1	143	4	9
-1	169	8	2
-1	170	3	8
-1	109	4	1
-1	61	8	3
-1	59	7	2
-1	243	9	6
-1	52	6	1
-1	191	3	2
-1	180	1	6
DDW
51	53
227	245
132	148
220	258
182	210
134	152
159	179
168	172
104	114
56	66
56	62
226	260
48	56
181	201
171	189
