HFSDDW
15	6	3
0	97	1	26	2	46
0	37	1	17	2	97
0	11	1	33	2	17
0	77	1	36	2	25
0	11	1	74	2	86
0	78	1	19	2	56
0	72	1	99	2	81
0	59	1	71	2	7
0	2	1	50	2	55
0	9	1	4	2	26
0	19	1	74	2	92
0	54	1	3	2	43
0	38	1	59	2	61
0	61	1	24	2	92
0	12	1	36	2	74
LBCmax: 464
RELDUE
-1	365	4	1
-1	507	3	9
-1	146	6	6
-1	230	3	6
-1	413	7	4
-1	320	4	6
-1	428	9	2
-1	266	7	8
-1	288	5	4
-1	302	3	5
-1	317	7	5
-1	390	8	4
-1	322	8	6
-1	301	5	6
-1	445	2	6
DDW
332	398
456	558
142	150
207	253
405	421
310	330
398	458
258	274
265	311
296	308
311	323
378	402
312	332
277	325
436	454
