HFSDDW
15	9	3
0	41	1	4	2	63
0	4	1	95	2	76
0	94	1	26	2	11
0	18	1	94	2	17
0	30	1	34	2	76
0	13	1	76	2	13
0	98	1	18	2	5
0	49	1	48	2	12
0	7	1	53	2	9
0	52	1	84	2	35
0	60	1	41	2	35
0	54	1	23	2	7
0	25	1	61	2	32
0	23	1	12	2	65
0	25	1	19	2	99
LBCmax: 248
RELDUE
-1	114	7	4
-1	103	4	7
-1	99	6	5
-1	124	8	7
-1	113	1	7
-1	105	8	2
-1	116	8	7
-1	115	1	4
-1	84	3	3
-1	118	2	3
-1	121	9	6
-1	102	5	1
-1	99	7	7
-1	123	6	2
-1	95	6	3
DDW
101	127
88	118
86	112
102	146
101	125
90	120
110	122
104	126
73	95
106	130
97	145
85	119
91	107
116	130
78	112
