HFSDDW
20	12	4
0	9	1	55	2	4	3	48
0	39	1	59	2	47	3	12
0	75	1	23	2	95	3	14
0	99	1	13	2	13	3	98
0	96	1	96	2	77	3	67
0	41	1	64	2	73	3	52
0	26	1	42	2	8	3	15
0	45	1	1	2	22	3	66
0	12	1	32	2	82	3	69
0	90	1	96	2	77	3	15
0	35	1	51	2	46	3	21
0	62	1	78	2	87	3	99
0	77	1	53	2	47	3	24
0	66	1	42	2	96	3	45
0	81	1	51	2	22	3	96
0	52	1	33	2	67	3	75
0	2	1	29	2	2	3	67
0	30	1	44	2	8	3	1
0	19	1	62	2	33	3	89
0	19	1	52	2	90	3	48
LBCmax: 423
RELDUE
-1	266	7	2
-1	147	7	4
-1	221	5	5
-1	362	1	1
-1	263	1	1
-1	376	3	3
-1	129	6	7
-1	304	4	4
-1	216	9	7
-1	223	2	1
-1	351	3	3
-1	228	3	9
-1	318	6	7
-1	332	3	4
-1	287	9	3
-1	131	1	5
-1	342	4	6
-1	308	7	4
-1	175	4	1
-1	211	5	1
DDW
239	293
132	162
208	234
351	373
258	268
353	399
119	139
301	307
207	225
219	227
347	355
223	233
302	334
325	339
284	290
124	138
311	373
283	333
161	189
194	228
