HFSDDW
15	6	3
0	49	1	35	2	97
0	53	1	35	2	24
0	88	1	76	2	78
0	6	1	23	2	29
0	68	1	97	2	22
0	58	1	88	2	11
0	94	1	18	2	41
0	11	1	95	2	93
0	37	1	10	2	38
0	54	1	40	2	17
0	51	1	30	2	57
0	67	1	24	2	48
0	23	1	79	2	75
0	45	1	83	2	20
0	50	1	21	2	31
LBCmax: 427
RELDUE
-1	413	8	4
-1	301	4	6
-1	445	5	9
-1	401	7	1
-1	252	7	7
-1	465	4	1
-1	382	4	5
-1	135	4	2
-1	244	6	7
-1	460	6	7
-1	293	7	6
-1	297	9	2
-1	145	4	9
-1	197	3	3
-1	236	9	8
DDW
405	421
289	313
387	503
361	441
219	285
418	512
317	447
111	159
210	278
423	497
237	349
273	321
144	146
162	232
191	281
