HFSDDW
20	6	3
0	32	1	97	2	10
0	10	1	74	2	82
0	78	1	62	2	12
0	86	1	35	2	9
0	43	1	52	2	79
0	83	1	84	2	10
0	45	1	36	2	10
0	79	1	46	2	90
0	42	1	28	2	79
0	72	1	32	2	91
0	11	1	26	2	94
0	7	1	10	2	97
0	41	1	34	2	50
0	81	1	73	2	7
0	53	1	68	2	45
0	43	1	57	2	79
0	80	1	30	2	51
0	17	1	33	2	28
0	33	1	53	2	51
0	20	1	68	2	47
LBCmax: 538
RELDUE
-1	277	7	1
-1	289	9	1
-1	367	4	9
-1	333	9	7
-1	515	7	6
-1	298	5	2
-1	314	6	1
-1	384	8	7
-1	404	7	4
-1	531	9	4
-1	407	3	2
-1	433	4	9
-1	462	8	1
-1	475	6	7
-1	470	6	3
-1	278	3	7
-1	351	7	7
-1	519	7	1
-1	414	2	3
-1	588	8	8
DDW
271	283
275	303
341	393
303	363
494	536
289	307
286	342
361	407
368	440
478	584
395	419
390	476
420	504
470	480
437	503
264	292
326	376
467	571
406	422
564	612
