HFSDDW
15	6	3
0	7	1	75	2	32
0	86	1	48	2	44
0	76	1	94	2	12
0	89	1	66	2	91
0	49	1	20	2	47
0	27	1	69	2	91
0	94	1	21	2	10
0	73	1	66	2	26
0	3	1	70	2	71
0	36	1	60	2	55
0	87	1	69	2	35
0	51	1	83	2	4
0	96	1	11	2	74
0	37	1	72	2	98
0	71	1	22	2	16
LBCmax: 476
RELDUE
-1	297	7	4
-1	3	4	6
-1	77	1	9
-1	283	6	9
-1	317	4	4
-1	261	3	6
-1	414	2	6
-1	413	5	2
-1	351	1	5
-1	236	1	3
-1	111	6	5
-1	0	6	8
-1	0	9	9
-1	351	7	5
-1	322	9	5
DDW
238	356
2	4
72	82
226	340
276	358
243	279
360	468
401	425
333	369
227	245
107	115
0	0
0	0
330	372
290	354
