HFSDDW
15	9	3
0	46	1	4	2	6
0	15	1	49	2	69
0	26	1	39	2	70
0	47	1	10	2	89
0	35	1	3	2	80
0	92	1	67	2	11
0	81	1	20	2	15
0	52	1	90	2	21
0	37	1	15	2	73
0	68	1	65	2	29
0	15	1	19	2	25
0	19	1	27	2	73
0	55	1	99	2	18
0	61	1	25	2	35
0	93	1	43	2	45
LBCmax: 286
RELDUE
-1	132	9	6
-1	138	7	4
-1	113	3	9
-1	132	6	2
-1	117	7	1
-1	103	4	7
-1	127	9	2
-1	119	9	8
-1	91	6	5
-1	129	7	6
-1	141	3	3
-1	93	8	1
-1	135	9	4
-1	131	6	2
-1	105	4	3
DDW
116	148
117	159
107	119
110	154
101	133
89	117
110	144
106	132
88	94
115	143
137	145
79	107
115	155
111	151
101	109
