HFSDDW
20	8	4
0	7	1	67	2	78	3	17
0	47	1	92	2	91	3	11
0	58	1	28	2	41	3	95
0	88	1	28	2	94	3	94
0	90	1	69	2	24	3	10
0	94	1	50	2	74	3	81
0	73	1	12	2	65	3	83
0	14	1	63	2	1	3	63
0	19	1	16	2	73	3	26
0	85	1	61	2	30	3	97
0	81	1	60	2	92	3	99
0	55	1	71	2	77	3	62
0	54	1	88	2	38	3	1
0	69	1	87	2	47	3	57
0	92	1	97	2	44	3	35
0	27	1	8	2	97	3	94
0	27	1	78	2	76	3	73
0	54	1	68	2	9	3	29
0	39	1	27	2	29	3	35
0	57	1	74	2	27	3	2
LBCmax: 662
RELDUE
-1	334	9	1
-1	209	1	8
-1	318	8	1
-1	298	6	4
-1	299	6	2
-1	596	1	2
-1	571	7	4
-1	325	1	3
-1	474	7	7
-1	263	7	3
-1	331	8	5
-1	552	1	4
-1	269	4	2
-1	576	1	4
-1	477	6	6
-1	489	7	6
-1	447	1	5
-1	586	1	3
-1	489	9	4
-1	504	5	2
DDW
307	361
186	232
270	366
262	334
287	311
572	620
548	594
273	377
384	564
237	289
265	397
447	657
253	285
518	634
386	568
435	543
443	451
498	674
435	543
438	570
