HFSDDW
15	6	3
0	6	1	84	2	89
0	57	1	83	2	80
0	15	1	71	2	51
0	44	1	36	2	23
0	9	1	45	2	34
0	52	1	15	2	71
0	53	1	33	2	60
0	65	1	42	2	92
0	40	1	25	2	8
0	89	1	95	2	57
0	63	1	30	2	79
0	69	1	52	2	15
0	1	1	79	2	80
0	42	1	75	2	23
0	16	1	33	2	3
LBCmax: 442
RELDUE
-1	351	7	3
-1	353	7	9
-1	368	8	1
-1	381	4	4
-1	345	9	2
-1	377	5	4
-1	355	9	1
-1	339	6	4
-1	384	5	1
-1	336	9	9
-1	344	7	4
-1	347	1	5
-1	396	8	2
-1	324	9	9
-1	362	4	2
DDW
298	404
349	357
320	416
362	400
297	393
339	415
320	390
322	356
342	426
269	403
341	347
337	357
337	455
282	366
297	427
