HFSDDW
20	4	2
0	42	1	61
0	46	1	53
0	26	1	9
0	14	1	15
0	5	1	98
0	90	1	52
0	45	1	36
0	39	1	93
0	2	1	14
0	72	1	43
0	50	1	22
0	71	1	69
0	60	1	33
0	41	1	82
0	48	1	66
0	97	1	4
0	73	1	55
0	14	1	79
0	94	1	38
0	79	1	21
LBCmax: 511
RELDUE
-1	131	7	3
-1	285	7	4
-1	58	1	8
-1	277	8	9
-1	145	3	6
-1	194	9	6
-1	338	4	5
-1	155	2	7
-1	112	2	9
-1	285	4	2
-1	273	4	1
-1	261	6	7
-1	273	9	3
-1	322	3	8
-1	200	1	9
-1	112	9	2
-1	327	5	8
-1	287	5	9
-1	336	1	6
-1	334	7	4
DDW
113	149
282	288
56	60
241	313
122	168
190	198
314	362
147	163
95	129
242	328
270	276
211	311
251	295
270	374
178	222
97	127
281	373
230	344
306	366
284	384
