HFSDDW
20	8	4
0	75	1	31	2	79	3	31
0	12	1	79	2	68	3	1
0	98	1	47	2	57	3	37
0	44	1	68	2	62	3	8
0	82	1	70	2	49	3	16
0	98	1	52	2	3	3	13
0	61	1	87	2	20	3	21
0	61	1	58	2	45	3	57
0	57	1	96	2	78	3	17
0	59	1	62	2	24	3	6
0	78	1	79	2	65	3	15
0	93	1	7	2	69	3	64
0	85	1	33	2	94	3	32
0	41	1	68	2	34	3	23
0	28	1	67	2	69	3	24
0	59	1	48	2	39	3	41
0	3	1	99	2	79	3	47
0	90	1	46	2	49	3	20
0	46	1	44	2	37	3	19
0	87	1	88	2	20	3	55
LBCmax: 709
RELDUE
-1	290	3	2
-1	449	7	4
-1	363	8	7
-1	336	8	9
-1	481	3	2
-1	266	4	4
-1	284	5	2
-1	592	1	1
-1	476	2	1
-1	449	8	9
-1	592	8	9
-1	605	8	4
-1	611	6	6
-1	213	3	5
-1	407	9	1
-1	344	8	6
-1	381	7	3
-1	316	3	9
-1	263	8	9
-1	614	5	8
DDW
273	307
431	467
319	407
302	370
462	500
239	293
258	310
497	687
386	566
409	489
568	616
569	641
550	672
202	224
395	419
316	372
351	411
291	341
218	308
577	651
