HFSDDW
20	6	2
0	35	1	13
0	51	1	76
0	12	1	87
0	82	1	49
0	52	1	14
0	36	1	77
0	29	1	63
0	92	1	82
0	98	1	69
0	49	1	24
0	98	1	93
0	64	1	71
0	8	1	87
0	85	1	34
0	66	1	61
0	35	1	79
0	84	1	70
0	8	1	63
0	70	1	87
0	64	1	35
LBCmax: 421
RELDUE
-1	129	1	5
-1	142	8	9
-1	158	8	6
-1	156	9	6
-1	201	6	3
-1	162	2	1
-1	157	1	2
-1	142	2	8
-1	169	5	3
-1	159	8	6
-1	127	5	7
-1	166	8	3
-1	169	6	8
-1	154	3	5
-1	194	9	6
-1	161	2	9
-1	167	2	4
-1	193	4	5
-1	185	4	5
-1	147	6	3
DDW
123	135
131	153
147	169
151	161
195	207
146	178
149	165
136	148
166	172
157	161
116	138
163	169
152	186
152	156
178	210
155	167
155	179
181	205
178	192
132	162
