HFSDDW
15	12	4
0	95	1	67	2	86	3	92
0	49	1	24	2	25	3	3
0	63	1	90	2	36	3	7
0	45	1	27	2	23	3	16
0	67	1	93	2	79	3	93
0	76	1	91	2	65	3	16
0	66	1	29	2	60	3	7
0	1	1	45	2	37	3	78
0	69	1	7	2	40	3	6
0	25	1	12	2	53	3	78
0	55	1	92	2	96	3	94
0	12	1	31	2	79	3	99
0	48	1	84	2	58	3	95
0	46	1	49	2	31	3	5
0	3	1	71	2	26	3	20
LBCmax: 380
RELDUE
-1	203	8	9
-1	33	7	1
-1	0	4	5
-1	33	6	6
-1	165	2	8
-1	179	4	3
-1	104	2	7
-1	105	4	1
-1	291	5	8
-1	26	3	2
-1	309	4	9
-1	173	7	4
-1	118	5	9
-1	0	4	2
-1	107	3	9
DDW
201	205
29	37
0	0
32	34
148	182
174	184
97	111
90	120
236	346
22	30
306	312
151	195
97	139
0	0
104	110
