HFSDDW
15	9	3
0	15	1	27	2	11
0	85	1	94	2	64
0	51	1	60	2	16
0	91	1	68	2	36
0	37	1	84	2	81
0	58	1	58	2	1
0	22	1	3	2	85
0	42	1	71	2	72
0	38	1	65	2	61
0	65	1	14	2	17
0	31	1	24	2	31
0	96	1	77	2	76
0	21	1	16	2	47
0	61	1	59	2	24
0	28	1	98	2	85
LBCmax: 308
RELDUE
-1	173	1	8
-1	98	5	9
-1	60	6	4
-1	227	1	4
-1	0	1	1
-1	47	4	4
-1	38	5	6
-1	18	4	6
-1	262	2	7
-1	252	8	7
-1	195	3	3
-1	140	8	1
-1	88	9	1
-1	115	1	4
-1	58	1	1
DDW
164	182
81	115
52	68
218	236
0	0
40	54
32	44
17	19
241	283
229	275
170	220
139	141
84	92
97	133
50	66
