HFSDDW
20	8	4
0	52	1	56	2	12	3	23
0	41	1	14	2	64	3	35
0	91	1	60	2	89	3	25
0	49	1	3	2	79	3	49
0	42	1	25	2	2	3	71
0	3	1	28	2	78	3	87
0	58	1	95	2	22	3	79
0	69	1	95	2	35	3	31
0	25	1	87	2	24	3	88
0	11	1	91	2	3	3	17
0	98	1	43	2	97	3	48
0	28	1	16	2	87	3	63
0	49	1	50	2	60	3	75
0	98	1	24	2	22	3	25
0	77	1	24	2	65	3	46
0	92	1	85	2	66	3	96
0	25	1	59	2	99	3	62
0	79	1	91	2	38	3	50
0	23	1	84	2	72	3	60
0	30	1	31	2	60	3	42
LBCmax: 625
RELDUE
-1	0	2	3
-1	302	8	6
-1	125	2	1
-1	58	5	2
-1	158	5	6
-1	312	9	5
-1	140	6	3
-1	0	4	4
-1	351	5	5
-1	553	6	6
-1	1	3	9
-1	482	9	8
-1	103	8	5
-1	289	3	6
-1	92	6	6
-1	22	8	3
-1	414	1	9
-1	0	3	8
-1	78	7	7
-1	370	1	3
DDW
0	0
290	314
112	138
57	59
156	160
271	353
133	147
0	0
337	365
448	658
1	1
453	511
95	111
254	324
84	100
21	23
385	443
0	0
66	90
322	418
