HFSDDW
15	6	3
0	83	1	19	2	48
0	71	1	35	2	79
0	11	1	65	2	27
0	93	1	62	2	72
0	17	1	13	2	96
0	55	1	1	2	76
0	17	1	44	2	3
0	70	1	92	2	35
0	33	1	60	2	56
0	8	1	96	2	87
0	4	1	86	2	33
0	60	1	11	2	92
0	19	1	10	2	45
0	98	1	72	2	45
0	95	1	72	2	72
LBCmax: 463
RELDUE
-1	161	3	1
-1	302	7	4
-1	351	9	7
-1	362	4	6
-1	365	1	1
-1	210	4	9
-1	183	3	2
-1	393	7	6
-1	271	7	2
-1	165	6	3
-1	175	1	8
-1	211	3	2
-1	176	6	8
-1	246	9	8
-1	347	5	9
DDW
138	184
299	305
298	404
311	413
310	420
181	239
154	212
346	440
225	317
132	198
150	200
209	213
150	202
207	285
316	378
