HFSDDW
15	12	4
0	97	1	38	2	2	3	66
0	61	1	54	2	68	3	61
0	3	1	87	2	78	3	20
0	31	1	7	2	28	3	67
0	2	1	10	2	52	3	59
0	80	1	61	2	96	3	8
0	55	1	41	2	86	3	84
0	79	1	57	2	72	3	25
0	63	1	30	2	84	3	12
0	52	1	46	2	51	3	87
0	28	1	38	2	95	3	9
0	93	1	37	2	83	3	33
0	58	1	63	2	85	3	1
0	25	1	76	2	13	3	36
0	42	1	94	2	11	3	21
LBCmax: 376
RELDUE
-1	217	4	6
-1	279	8	2
-1	266	2	6
-1	133	5	3
-1	20	2	7
-1	165	7	1
-1	176	8	2
-1	0	5	7
-1	44	6	4
-1	21	3	2
-1	16	4	6
-1	171	5	9
-1	182	4	8
-1	207	8	1
-1	77	4	5
DDW
210	224
265	293
250	282
126	140
18	22
153	177
165	187
0	0
40	48
20	22
16	16
161	181
169	195
190	224
73	81
