HFSDDW
20	6	2
0	82	1	82
0	53	1	58
0	35	1	99
0	42	1	75
0	25	1	68
0	36	1	95
0	8	1	33
0	70	1	90
0	40	1	11
0	44	1	99
0	33	1	53
0	85	1	80
0	16	1	1
0	27	1	22
0	25	1	33
0	64	1	80
0	91	1	46
0	25	1	22
0	49	1	29
0	27	1	55
LBCmax: 396
RELDUE
-1	146	7	2
-1	68	5	9
-1	203	1	6
-1	189	1	6
-1	263	1	5
-1	89	4	1
-1	186	8	9
-1	205	5	2
-1	253	8	3
-1	57	8	9
-1	222	4	6
-1	170	3	2
-1	196	6	1
-1	134	2	5
-1	56	4	9
-1	108	3	7
-1	270	8	9
-1	213	8	3
-1	139	6	7
-1	120	6	4
DDW
140	152
67	69
177	229
172	206
226	300
77	101
158	214
172	238
207	299
47	67
202	242
144	196
161	231
121	147
45	67
105	111
221	319
198	228
128	150
97	143
