HFSDDW
20	12	4
0	61	1	36	2	2	3	98
0	80	1	74	2	82	3	32
0	30	1	81	2	10	3	60
0	88	1	8	2	90	3	51
0	97	1	38	2	72	3	71
0	23	1	22	2	81	3	96
0	34	1	26	2	73	3	34
0	50	1	37	2	49	3	23
0	84	1	73	2	79	3	94
0	15	1	47	2	98	3	13
0	96	1	18	2	4	3	91
0	51	1	78	2	90	3	16
0	74	1	48	2	80	3	67
0	45	1	53	2	20	3	39
0	55	1	5	2	64	3	54
0	1	1	49	2	81	3	92
0	33	1	86	2	75	3	15
0	28	1	96	2	36	3	50
0	40	1	59	2	75	3	5
0	19	1	89	2	46	3	56
LBCmax: 469
RELDUE
-1	362	1	7
-1	382	8	8
-1	384	2	3
-1	330	3	8
-1	382	8	2
-1	405	2	6
-1	402	6	1
-1	358	2	4
-1	379	9	8
-1	366	4	5
-1	365	1	4
-1	337	6	8
-1	406	6	3
-1	369	7	9
-1	339	5	3
-1	373	7	1
-1	362	3	8
-1	339	5	6
-1	383	7	8
-1	389	9	3
DDW
340	384
344	420
361	407
317	343
374	390
373	437
378	426
329	387
368	390
340	392
343	387
317	357
374	438
365	373
319	359
351	395
355	369
305	373
372	394
354	424
