HFSDDW
20	8	4
0	32	1	59	2	58	3	49
0	50	1	41	2	43	3	61
0	30	1	30	2	8	3	32
0	4	1	29	2	40	3	84
0	17	1	88	2	64	3	60
0	5	1	98	2	26	3	17
0	6	1	53	2	58	3	49
0	83	1	8	2	19	3	98
0	39	1	20	2	65	3	70
0	22	1	22	2	99	3	21
0	78	1	75	2	67	3	64
0	79	1	50	2	51	3	96
0	99	1	67	2	63	3	32
0	60	1	4	2	4	3	33
0	34	1	41	2	44	3	96
0	82	1	93	2	77	3	23
0	12	1	10	2	92	3	84
0	64	1	70	2	62	3	94
0	89	1	43	2	82	3	30
0	32	1	61	2	38	3	55
LBCmax: 645
RELDUE
-1	0	6	7
-1	339	3	3
-1	254	1	7
-1	42	4	2
-1	220	2	7
-1	498	1	7
-1	184	1	9
-1	166	9	2
-1	42	4	6
-1	140	8	3
-1	167	7	6
-1	459	7	3
-1	439	4	8
-1	0	2	8
-1	179	1	9
-1	480	3	8
-1	564	1	7
-1	220	9	4
-1	276	3	2
-1	386	2	7
DDW
0	0
322	356
246	262
38	46
205	235
433	563
155	213
136	196
41	43
134	146
152	182
422	496
378	500
0	0
143	215
475	485
451	677
176	264
221	331
367	405
