HFSDDW
15	6	3
0	1	1	66	2	5
0	43	1	78	2	64
0	9	1	63	2	30
0	68	1	97	2	9
0	57	1	64	2	98
0	60	1	69	2	22
0	70	1	52	2	79
0	39	1	47	2	18
0	99	1	71	2	23
0	86	1	28	2	57
0	2	1	5	2	65
0	68	1	2	2	87
0	69	1	42	2	58
0	43	1	93	2	84
0	42	1	60	2	81
LBCmax: 455
RELDUE
-1	393	4	3
-1	397	4	7
-1	408	7	9
-1	409	4	9
-1	342	6	2
-1	399	9	3
-1	323	6	3
-1	340	6	9
-1	318	9	8
-1	348	4	2
-1	375	8	3
-1	335	8	1
-1	398	7	9
-1	357	8	6
-1	323	4	4
DDW
365	421
361	433
367	449
384	434
339	345
367	431
307	339
316	364
286	350
317	379
360	390
302	368
382	414
325	389
310	336
