HFSDDW
20	9	3
0	67	1	89	2	10
0	92	1	81	2	99
0	97	1	58	2	67
0	20	1	73	2	47
0	27	1	44	2	49
0	63	1	22	2	18
0	96	1	22	2	94
0	31	1	27	2	64
0	41	1	21	2	31
0	57	1	89	2	75
0	58	1	76	2	73
0	96	1	77	2	55
0	52	1	46	2	92
0	17	1	22	2	31
0	95	1	40	2	80
0	96	1	55	2	31
0	52	1	33	2	15
0	4	1	35	2	97
0	12	1	36	2	63
0	45	1	51	2	60
LBCmax: 426
RELDUE
-1	248	6	9
-1	133	1	6
-1	250	6	5
-1	351	4	7
-1	217	8	4
-1	370	9	1
-1	269	9	3
-1	87	5	8
-1	240	6	1
-1	357	8	8
-1	3	3	3
-1	277	6	6
-1	65	2	4
-1	296	8	6
-1	383	9	5
-1	226	9	7
-1	110	6	1
-1	327	9	7
-1	314	4	2
-1	148	3	1
DDW
218	278
106	160
225	275
330	372
215	219
366	374
223	315
70	104
223	257
343	371
3	3
258	296
64	66
293	299
364	402
206	246
101	119
294	360
292	336
141	155
