HFSDDW
20	9	3
0	14	1	97	2	83
0	79	1	46	2	47
0	12	1	47	2	2
0	99	1	55	2	18
0	89	1	52	2	33
0	39	1	80	2	80
0	92	1	68	2	92
0	81	1	20	2	50
0	46	1	61	2	65
0	19	1	9	2	71
0	64	1	25	2	21
0	61	1	37	2	98
0	70	1	41	2	34
0	97	1	81	2	19
0	37	1	59	2	28
0	88	1	15	2	90
0	52	1	21	2	19
0	53	1	54	2	41
0	57	1	32	2	78
0	34	1	33	2	85
LBCmax: 444
RELDUE
-1	295	5	7
-1	305	6	8
-1	256	5	2
-1	249	7	8
-1	253	1	1
-1	249	2	4
-1	309	1	5
-1	247	2	8
-1	235	8	1
-1	253	3	9
-1	284	9	8
-1	257	7	2
-1	263	5	8
-1	306	1	6
-1	300	5	8
-1	288	8	2
-1	261	1	7
-1	276	4	1
-1	242	3	5
-1	274	7	3
DDW
257	333
293	317
243	269
242	256
245	261
232	266
287	331
198	296
197	273
202	304
230	338
236	278
242	284
288	324
258	342
253	323
209	313
248	304
223	261
233	315
