HFSDDW
20	12	4
0	7	1	51	2	78	3	74
0	66	1	81	2	33	3	13
0	65	1	35	2	20	3	71
0	81	1	73	2	40	3	65
0	46	1	31	2	88	3	40
0	62	1	14	2	55	3	86
0	76	1	22	2	35	3	78
0	33	1	43	2	72	3	11
0	98	1	51	2	37	3	2
0	3	1	15	2	33	3	34
0	67	1	47	2	98	3	64
0	27	1	76	2	61	3	69
0	66	1	30	2	67	3	58
0	16	1	92	2	52	3	93
0	95	1	91	2	98	3	44
0	46	1	54	2	79	3	22
0	63	1	10	2	73	3	30
0	36	1	39	2	63	3	31
0	97	1	54	2	73	3	16
0	16	1	91	2	60	3	1
LBCmax: 469
RELDUE
-1	197	1	3
-1	202	4	3
-1	152	6	4
-1	144	6	6
-1	212	2	4
-1	153	8	1
-1	229	3	9
-1	146	8	8
-1	234	4	7
-1	181	5	5
-1	146	2	7
-1	151	3	9
-1	156	3	5
-1	224	2	1
-1	223	6	6
-1	153	5	4
-1	204	9	4
-1	212	9	3
-1	141	3	8
-1	157	4	4
DDW
175	219
188	216
125	179
125	163
182	242
151	155
192	266
140	152
229	239
177	185
124	168
122	180
145	167
199	249
221	225
141	165
202	206
193	231
114	168
152	162
