HFSDDW
20	8	4
0	87	1	38	2	67	3	42
0	51	1	7	2	15	3	3
0	21	1	67	2	16	3	7
0	81	1	24	2	35	3	60
0	80	1	1	2	46	3	49
0	8	1	38	2	50	3	13
0	57	1	14	2	9	3	23
0	75	1	23	2	55	3	75
0	29	1	84	2	15	3	47
0	14	1	33	2	79	3	76
0	51	1	83	2	44	3	23
0	77	1	62	2	48	3	98
0	91	1	31	2	81	3	55
0	45	1	13	2	74	3	49
0	87	1	54	2	85	3	38
0	98	1	92	2	28	3	98
0	13	1	41	2	77	3	96
0	10	1	88	2	47	3	48
0	21	1	69	2	98	3	24
0	94	1	27	2	35	3	94
LBCmax: 623
RELDUE
-1	269	8	5
-1	198	9	1
-1	225	8	4
-1	242	4	7
-1	238	2	5
-1	187	5	6
-1	224	2	9
-1	208	7	9
-1	200	6	8
-1	269	6	2
-1	261	1	6
-1	260	8	4
-1	246	3	8
-1	239	1	8
-1	284	9	4
-1	260	7	5
-1	256	2	9
-1	244	1	2
-1	200	2	3
-1	232	6	1
DDW
250	288
186	210
223	227
225	259
233	243
168	206
215	233
196	220
184	216
245	293
235	287
239	281
224	268
215	263
275	293
252	268
238	274
232	256
184	216
209	255
