HFSDDW
20	9	3
0	64	1	28	2	24
0	52	1	18	2	31
0	28	1	99	2	73
0	20	1	64	2	13
0	45	1	98	2	25
0	89	1	48	2	96
0	34	1	93	2	40
0	23	1	49	2	71
0	26	1	15	2	35
0	32	1	55	2	42
0	21	1	18	2	7
0	31	1	4	2	36
0	52	1	56	2	88
0	63	1	7	2	25
0	72	1	31	2	11
0	46	1	79	2	12
0	8	1	51	2	96
0	6	1	1	2	13
0	40	1	42	2	79
0	53	1	26	2	4
LBCmax: 319
RELDUE
-1	403	4	3
-1	404	3	1
-1	239	5	2
-1	193	2	9
-1	414	9	6
-1	241	6	9
-1	116	3	8
-1	142	7	1
-1	401	8	4
-1	380	3	6
-1	216	4	6
-1	388	2	2
-1	121	2	1
-1	321	9	3
-1	376	3	3
-1	142	9	6
-1	257	9	5
-1	155	7	7
-1	289	7	4
-1	353	8	8
DDW
391	415
396	412
232	246
185	201
397	431
231	251
108	124
138	146
397	405
350	410
207	225
384	392
110	132
289	353
357	395
132	152
254	260
153	157
260	318
335	371
