HFSDDW
20	4	2
0	60	1	95
0	53	1	13
0	88	1	94
0	92	1	28
0	28	1	27
0	66	1	49
0	53	1	78
0	89	1	17
0	72	1	86
0	33	1	59
0	52	1	32
0	7	1	99
0	27	1	75
0	62	1	66
0	14	1	20
0	82	1	61
0	81	1	94
0	46	1	15
0	22	1	52
0	11	1	11
LBCmax: 545
RELDUE
-1	596	3	3
-1	300	2	1
-1	459	5	1
-1	492	7	6
-1	539	3	7
-1	516	9	2
-1	344	7	3
-1	326	6	4
-1	437	7	4
-1	492	2	5
-1	580	5	5
-1	490	2	5
-1	365	3	2
-1	493	3	2
-1	560	1	2
-1	363	3	7
-1	566	6	9
-1	448	8	7
-1	554	9	5
-1	315	3	7
DDW
590	602
279	321
418	500
453	531
496	582
475	557
310	378
323	329
433	441
467	517
545	615
461	519
350	380
473	513
521	599
330	396
555	577
417	479
504	604
306	324
