HFSDDW
20	9	3
0	98	1	40	2	36
0	38	1	80	2	29
0	1	1	2	2	27
0	57	1	20	2	52
0	45	1	81	2	40
0	8	1	47	2	57
0	44	1	51	2	69
0	39	1	24	2	73
0	12	1	60	2	77
0	53	1	14	2	57
0	62	1	83	2	84
0	43	1	98	2	69
0	78	1	28	2	24
0	90	1	56	2	36
0	29	1	86	2	33
0	75	1	17	2	15
0	65	1	12	2	42
0	18	1	89	2	81
0	52	1	60	2	16
0	62	1	26	2	21
LBCmax: 367
RELDUE
-1	147	4	6
-1	145	8	1
-1	174	2	5
-1	161	9	1
-1	180	9	4
-1	136	5	2
-1	160	1	1
-1	112	4	1
-1	171	5	6
-1	162	9	9
-1	131	1	2
-1	124	3	9
-1	134	8	3
-1	149	8	4
-1	180	8	2
-1	134	5	8
-1	117	2	9
-1	137	8	8
-1	139	6	8
-1	137	5	5
DDW
134	160
125	165
169	179
145	177
173	187
132	140
154	166
104	120
166	176
133	191
107	155
110	138
121	147
136	162
169	191
126	142
109	125
111	163
132	146
111	163
