HFSDDW
20	9	3
0	11	1	67	2	23
0	90	1	61	2	67
0	86	1	52	2	31
0	85	1	32	2	84
0	97	1	36	2	22
0	36	1	65	2	9
0	79	1	90	2	83
0	56	1	87	2	27
0	15	1	95	2	68
0	45	1	36	2	75
0	29	1	3	2	93
0	38	1	72	2	31
0	27	1	89	2	25
0	94	1	24	2	51
0	1	1	20	2	46
0	97	1	95	2	59
0	64	1	54	2	26
0	39	1	28	2	31
0	52	1	54	2	80
0	95	1	75	2	66
LBCmax: 443
RELDUE
-1	310	9	1
-1	258	8	8
-1	235	5	9
-1	271	7	6
-1	271	8	2
-1	248	5	3
-1	303	2	6
-1	274	9	8
-1	278	4	5
-1	302	6	2
-1	229	1	4
-1	288	9	7
-1	296	5	5
-1	297	5	4
-1	280	6	2
-1	250	9	2
-1	271	2	6
-1	282	6	9
-1	293	6	4
-1	237	1	6
DDW
291	329
250	266
216	254
257	285
257	285
228	268
282	324
266	282
253	303
275	329
206	252
282	294
293	299
276	318
274	286
232	268
266	276
279	285
281	305
213	261
