HFSDDW
20	6	3
0	37	1	25	2	3
0	44	1	30	2	72
0	46	1	96	2	28
0	76	1	53	2	47
0	53	1	11	2	21
0	82	1	61	2	53
0	64	1	66	2	16
0	2	1	83	2	70
0	4	1	36	2	89
0	66	1	99	2	28
0	40	1	22	2	15
0	41	1	46	2	91
0	44	1	17	2	55
0	62	1	76	2	89
0	28	1	10	2	42
0	79	1	38	2	74
0	88	1	87	2	87
0	10	1	29	2	48
0	24	1	35	2	41
0	32	1	41	2	93
LBCmax: 570
RELDUE
-1	568	9	2
-1	558	7	2
-1	615	4	3
-1	626	9	6
-1	409	2	1
-1	393	5	2
-1	396	7	6
-1	327	8	9
-1	506	9	3
-1	383	7	1
-1	415	5	3
-1	435	1	6
-1	619	5	4
-1	290	2	3
-1	593	6	9
-1	374	6	6
-1	535	1	2
-1	540	9	7
-1	384	1	8
-1	367	6	1
DDW
545	591
519	597
554	676
588	664
376	442
381	405
368	424
314	340
491	521
345	421
398	432
413	457
613	625
284	296
546	640
344	404
530	540
529	551
357	411
330	404
