HFSDDW
20	4	2
0	70	1	82
0	58	1	71
0	44	1	63
0	55	1	58
0	42	1	51
0	81	1	2
0	26	1	27
0	85	1	49
0	6	1	79
0	23	1	97
0	19	1	51
0	56	1	26
0	76	1	10
0	9	1	60
0	69	1	23
0	6	1	55
0	78	1	28
0	25	1	77
0	64	1	53
0	58	1	24
LBCmax: 499
RELDUE
-1	328	5	9
-1	434	9	2
-1	252	5	3
-1	449	3	9
-1	334	1	1
-1	540	8	5
-1	349	2	9
-1	349	7	6
-1	512	5	9
-1	268	9	8
-1	411	7	7
-1	277	7	6
-1	306	7	9
-1	460	4	1
-1	421	7	1
-1	309	5	3
-1	328	6	3
-1	348	7	3
-1	532	7	8
-1	353	2	1
DDW
279	377
399	469
234	270
377	521
317	351
535	545
286	412
335	363
410	614
265	271
349	473
255	299
282	330
446	474
370	472
260	358
312	344
327	369
479	585
318	388
