HFSDDW
20	8	4
0	77	1	7	2	22	3	27
0	2	1	37	2	77	3	46
0	52	1	37	2	82	3	80
0	43	1	21	2	89	3	19
0	58	1	85	2	25	3	8
0	38	1	48	2	95	3	80
0	60	1	85	2	42	3	26
0	61	1	75	2	63	3	52
0	91	1	73	2	88	3	93
0	79	1	76	2	51	3	31
0	76	1	37	2	67	3	43
0	44	1	6	2	64	3	56
0	29	1	13	2	40	3	49
0	83	1	37	2	94	3	30
0	11	1	41	2	67	3	16
0	94	1	52	2	85	3	77
0	74	1	31	2	88	3	70
0	32	1	95	2	40	3	82
0	34	1	93	2	32	3	2
0	80	1	53	2	37	3	54
LBCmax: 670
RELDUE
-1	364	2	9
-1	451	3	3
-1	465	7	6
-1	400	2	9
-1	382	1	9
-1	353	5	6
-1	428	1	2
-1	409	9	1
-1	440	6	4
-1	414	4	6
-1	447	6	3
-1	386	9	7
-1	347	2	1
-1	383	7	9
-1	383	6	1
-1	367	5	9
-1	405	8	3
-1	456	4	3
-1	427	6	6
-1	352	7	8
DDW
291	437
379	523
414	516
332	468
374	390
332	374
398	458
327	491
400	480
389	439
384	510
371	401
312	382
375	391
341	425
305	429
401	409
406	506
406	448
299	405
