HFSDDW
20	12	4
0	29	1	95	2	69	3	91
0	94	1	61	2	4	3	89
0	85	1	85	2	41	3	95
0	11	1	57	2	70	3	7
0	3	1	26	2	22	3	78
0	93	1	3	2	46	3	10
0	17	1	62	2	18	3	94
0	90	1	92	2	24	3	30
0	22	1	89	2	35	3	46
0	97	1	33	2	50	3	65
0	22	1	35	2	6	3	28
0	24	1	59	2	38	3	74
0	90	1	16	2	85	3	66
0	57	1	74	2	80	3	27
0	50	1	60	2	75	3	32
0	44	1	10	2	98	3	93
0	61	1	11	2	74	3	21
0	23	1	24	2	9	3	70
0	76	1	57	2	56	3	58
0	96	1	19	2	85	3	57
LBCmax: 458
RELDUE
-1	343	8	2
-1	361	5	7
-1	324	1	2
-1	390	9	9
-1	327	2	3
-1	374	3	3
-1	388	7	2
-1	364	1	1
-1	329	1	3
-1	327	8	1
-1	409	4	3
-1	355	2	2
-1	373	3	7
-1	337	2	6
-1	340	4	4
-1	332	2	8
-1	354	5	7
-1	332	7	1
-1	381	9	4
-1	332	7	9
DDW
295	391
307	415
305	343
320	460
275	379
322	426
338	438
335	393
322	336
311	343
401	417
344	366
351	395
293	381
286	394
292	372
347	361
305	359
347	415
305	359
