HFSDDW
20	4	2
0	10	1	87
0	84	1	57
0	1	1	37
0	8	1	51
0	44	1	16
0	49	1	75
0	37	1	1
0	96	1	32
0	2	1	3
0	87	1	8
0	87	1	16
0	23	1	55
0	72	1	98
0	45	1	38
0	32	1	94
0	5	1	61
0	57	1	31
0	16	1	14
0	11	1	85
0	81	1	98
LBCmax: 481
RELDUE
-1	288	9	7
-1	413	2	5
-1	492	2	8
-1	488	2	1
-1	347	8	8
-1	278	2	2
-1	354	2	8
-1	136	6	2
-1	74	3	3
-1	527	9	3
-1	256	4	3
-1	496	3	3
-1	503	5	2
-1	191	6	3
-1	381	6	2
-1	503	5	8
-1	361	1	8
-1	187	1	8
-1	457	6	4
-1	58	8	7
DDW
279	297
388	438
472	512
473	503
319	375
270	286
326	382
135	137
68	80
495	559
236	276
476	516
483	523
178	204
354	408
468	538
347	375
170	204
411	503
57	59
