HFSDDW
20	12	4
0	7	1	56	2	19	3	30
0	84	1	30	2	37	3	38
0	61	1	15	2	38	3	54
0	70	1	79	2	71	3	52
0	2	1	87	2	28	3	28
0	39	1	34	2	76	3	74
0	3	1	26	2	46	3	70
0	26	1	2	2	12	3	93
0	44	1	30	2	89	3	73
0	51	1	18	2	10	3	18
0	72	1	77	2	50	3	72
0	27	1	87	2	41	3	70
0	51	1	19	2	11	3	95
0	31	1	20	2	42	3	72
0	80	1	45	2	28	3	59
0	83	1	66	2	13	3	59
0	4	1	45	2	11	3	40
0	89	1	98	2	1	3	83
0	77	1	10	2	56	3	61
0	84	1	4	2	47	3	15
LBCmax: 444
RELDUE
-1	209	7	1
-1	201	8	5
-1	150	2	3
-1	139	2	2
-1	215	6	8
-1	147	8	7
-1	189	9	2
-1	154	7	1
-1	212	5	1
-1	148	7	8
-1	216	8	8
-1	139	5	7
-1	214	1	9
-1	178	9	3
-1	163	7	5
-1	138	9	9
-1	191	4	6
-1	214	4	8
-1	195	9	7
-1	206	9	6
DDW
188	230
191	211
140	160
138	140
209	221
144	150
187	191
142	166
195	229
144	152
203	229
129	149
208	220
162	194
147	179
124	152
181	201
212	216
185	205
200	212
