HFSDDW
20	6	2
0	70	1	30
0	60	1	58
0	48	1	25
0	62	1	32
0	76	1	43
0	6	1	91
0	41	1	8
0	98	1	14
0	86	1	20
0	76	1	31
0	19	1	20
0	13	1	10
0	27	1	36
0	15	1	48
0	41	1	91
0	75	1	62
0	44	1	9
0	8	1	30
0	16	1	4
0	72	1	29
LBCmax: 325
RELDUE
-1	413	1	2
-1	245	9	8
-1	402	7	4
-1	348	5	3
-1	267	9	7
-1	133	9	8
-1	243	5	5
-1	305	4	7
-1	306	3	4
-1	153	6	2
-1	180	9	5
-1	206	8	3
-1	168	6	4
-1	293	4	8
-1	390	2	6
-1	262	2	6
-1	153	7	6
-1	262	2	8
-1	197	5	1
-1	136	1	1
DDW
359	467
238	252
350	454
278	418
256	278
121	145
199	287
259	351
288	324
147	159
171	189
171	241
136	200
284	302
370	410
231	293
142	164
225	299
189	205
128	144
