HFSDDW
15	8	4
0	69	1	57	2	78	3	42
0	42	1	1	2	57	3	57
0	35	1	15	2	12	3	59
0	82	1	36	2	26	3	71
0	98	1	25	2	4	3	46
0	50	1	62	2	76	3	72
0	30	1	23	2	12	3	64
0	80	1	56	2	18	3	95
0	7	1	5	2	84	3	71
0	30	1	74	2	86	3	51
0	32	1	50	2	24	3	65
0	75	1	80	2	36	3	19
0	44	1	11	2	64	3	1
0	83	1	90	2	7	3	8
0	80	1	6	2	13	3	19
LBCmax: 475
RELDUE
-1	299	1	4
-1	310	2	9
-1	266	5	8
-1	274	9	2
-1	323	7	9
-1	92	2	2
-1	198	2	9
-1	269	7	9
-1	192	3	6
-1	201	7	6
-1	165	4	7
-1	115	5	7
-1	156	6	3
-1	196	6	7
-1	88	9	7
DDW
272	326
270	350
247	285
230	318
317	329
79	105
170	226
264	274
167	217
187	215
132	198
98	132
153	159
161	231
74	102
