HFSDDW
15	6	3
0	10	1	23	2	61
0	54	1	6	2	92
0	55	1	15	2	82
0	1	1	25	2	51
0	56	1	55	2	79
0	79	1	95	2	50
0	15	1	17	2	12
0	29	1	43	2	24
0	80	1	38	2	65
0	44	1	84	2	11
0	18	1	58	2	24
0	52	1	31	2	94
0	26	1	98	2	47
0	23	1	27	2	3
0	75	1	66	2	12
LBCmax: 383
RELDUE
-1	125	3	1
-1	147	3	7
-1	193	8	6
-1	260	3	1
-1	167	3	8
-1	118	5	9
-1	261	1	9
-1	251	9	1
-1	133	5	7
-1	58	2	4
-1	223	9	9
-1	220	5	3
-1	123	7	2
-1	209	6	8
-1	193	4	5
DDW
122	128
134	160
187	199
237	283
150	184
116	120
240	282
248	254
121	145
55	61
221	225
209	231
117	129
205	213
191	195
