HFSDDW
20	8	4
0	27	1	38	2	17	3	1
0	58	1	87	2	38	3	82
0	34	1	47	2	97	3	1
0	28	1	30	2	23	3	10
0	87	1	94	2	83	3	45
0	78	1	57	2	70	3	44
0	94	1	30	2	50	3	7
0	12	1	98	2	52	3	18
0	7	1	79	2	12	3	73
0	45	1	21	2	49	3	22
0	7	1	54	2	40	3	99
0	40	1	20	2	77	3	13
0	51	1	61	2	28	3	1
0	78	1	58	2	45	3	70
0	67	1	73	2	7	3	28
0	38	1	32	2	71	3	36
0	94	1	79	2	93	3	49
0	18	1	49	2	64	3	67
0	46	1	62	2	39	3	25
0	17	1	70	2	4	3	74
LBCmax: 600
RELDUE
-1	374	3	3
-1	285	9	1
-1	392	9	6
-1	359	5	2
-1	484	2	2
-1	368	5	9
-1	296	7	3
-1	348	7	9
-1	263	7	2
-1	313	6	4
-1	96	4	5
-1	491	2	7
-1	142	4	9
-1	189	5	3
-1	565	7	6
-1	509	4	2
-1	557	6	4
-1	84	5	3
-1	91	4	5
-1	423	5	1
DDW
337	411
276	294
380	404
352	366
440	528
364	372
293	299
317	379
250	276
285	341
86	106
457	525
136	148
176	202
548	582
468	550
546	568
82	86
86	96
419	427
