HFSDDW
20	4	2
0	42	1	70
0	11	1	87
0	62	1	21
0	21	1	76
0	58	1	6
0	93	1	41
0	57	1	63
0	69	1	77
0	54	1	89
0	20	1	18
0	77	1	77
0	73	1	46
0	51	1	55
0	8	1	51
0	7	1	55
0	26	1	89
0	81	1	26
0	73	1	31
0	73	1	54
0	59	1	81
LBCmax: 564
RELDUE
-1	494	2	7
-1	314	7	1
-1	349	8	1
-1	264	6	3
-1	189	9	4
-1	196	1	1
-1	198	3	4
-1	417	2	4
-1	195	3	5
-1	230	4	4
-1	405	5	4
-1	188	4	8
-1	481	8	2
-1	274	9	5
-1	217	2	1
-1	386	4	1
-1	499	2	5
-1	387	7	3
-1	291	7	5
-1	192	5	1
DDW
469	519
289	339
318	380
243	285
185	193
182	210
182	214
392	442
193	197
212	248
389	421
177	199
467	495
247	301
202	232
355	417
484	514
352	422
285	297
179	205
