HFSDDW
20	4	2
0	54	1	33
0	15	1	93
0	12	1	46
0	67	1	61
0	21	1	19
0	88	1	70
0	12	1	6
0	67	1	16
0	82	1	15
0	90	1	72
0	33	1	11
0	43	1	42
0	7	1	31
0	60	1	10
0	43	1	29
0	37	1	30
0	37	1	83
0	43	1	68
0	5	1	50
0	87	1	82
LBCmax: 460
RELDUE
-1	154	8	6
-1	160	2	9
-1	208	8	6
-1	203	3	3
-1	184	6	9
-1	175	1	3
-1	198	3	1
-1	163	5	1
-1	202	4	7
-1	191	9	6
-1	214	6	3
-1	172	4	8
-1	167	5	1
-1	182	9	9
-1	214	1	9
-1	178	8	3
-1	220	6	1
-1	206	9	6
-1	219	1	8
-1	213	8	9
DDW
152	156
154	166
193	223
187	219
175	193
166	184
196	200
158	168
182	222
176	206
212	216
169	175
152	182
177	187
210	218
167	189
216	224
198	214
208	230
194	232
