HFSDDW
15	6	3
0	94	1	52	2	51
0	1	1	87	2	58
0	24	1	27	2	99
0	41	1	37	2	7
0	64	1	70	2	20
0	56	1	72	2	11
0	48	1	27	2	99
0	75	1	24	2	92
0	49	1	43	2	98
0	91	1	13	2	73
0	23	1	38	2	4
0	63	1	50	2	53
0	29	1	16	2	81
0	45	1	64	2	16
0	28	1	49	2	72
LBCmax: 465
RELDUE
-1	105	6	3
-1	256	2	3
-1	322	2	9
-1	118	1	1
-1	273	2	6
-1	203	3	6
-1	261	3	1
-1	268	6	8
-1	304	5	7
-1	199	2	3
-1	100	7	1
-1	124	6	3
-1	208	2	5
-1	189	6	2
-1	169	1	3
DDW
100	110
218	294
280	364
109	127
224	322
189	217
258	264
265	271
283	325
169	229
96	104
104	144
175	241
166	212
150	188
