HFSDDW
20	12	4
0	6	1	51	2	39	3	89
0	16	1	55	2	80	3	15
0	98	1	17	2	35	3	88
0	28	1	17	2	90	3	45
0	48	1	23	2	69	3	83
0	70	1	92	2	37	3	35
0	19	1	97	2	71	3	94
0	80	1	86	2	79	3	76
0	3	1	79	2	84	3	90
0	98	1	16	2	56	3	86
0	39	1	63	2	25	3	16
0	73	1	87	2	66	3	23
0	97	1	53	2	83	3	4
0	7	1	65	2	92	3	13
0	14	1	4	2	70	3	18
0	84	1	85	2	34	3	12
0	38	1	59	2	86	3	49
0	33	1	99	2	47	3	33
0	67	1	82	2	44	3	7
0	67	1	21	2	62	3	32
LBCmax: 464
RELDUE
-1	228	1	2
-1	274	9	9
-1	411	1	5
-1	215	4	3
-1	147	2	8
-1	352	5	9
-1	332	4	4
-1	243	8	4
-1	381	8	1
-1	337	1	6
-1	353	9	5
-1	405	6	6
-1	265	3	5
-1	245	8	3
-1	145	8	9
-1	287	8	5
-1	220	4	5
-1	174	3	2
-1	359	6	9
-1	176	2	5
DDW
207	249
247	301
395	427
213	217
138	156
292	412
295	369
238	248
339	423
290	384
307	399
385	425
262	268
235	255
138	152
255	319
194	246
164	184
305	413
157	195
