HFSDDW
15	8	4
0	78	1	37	2	68	3	51
0	59	1	79	2	13	3	5
0	62	1	74	2	42	3	12
0	9	1	55	2	52	3	4
0	14	1	87	2	11	3	27
0	10	1	28	2	2	3	37
0	99	1	19	2	11	3	86
0	11	1	4	2	48	3	11
0	84	1	67	2	95	3	90
0	21	1	79	2	69	3	60
0	81	1	25	2	59	3	52
0	11	1	77	2	24	3	24
0	3	1	59	2	47	3	60
0	70	1	33	2	68	3	51
0	36	1	31	2	51	3	41
LBCmax: 422
RELDUE
-1	185	8	7
-1	148	5	3
-1	206	3	9
-1	176	8	8
-1	149	5	6
-1	153	8	4
-1	150	5	9
-1	162	5	5
-1	177	9	3
-1	179	3	9
-1	197	5	3
-1	156	1	3
-1	142	8	5
-1	170	8	6
-1	165	4	7
DDW
179	191
135	161
198	214
144	208
124	174
127	179
123	177
160	164
166	188
161	197
164	230
142	170
129	155
168	172
152	178
