HFSDDW
20	9	3
0	55	1	40	2	73
0	17	1	67	2	2
0	37	1	76	2	16
0	50	1	96	2	35
0	12	1	11	2	2
0	89	1	22	2	29
0	97	1	77	2	45
0	48	1	24	2	64
0	38	1	25	2	3
0	13	1	26	2	97
0	83	1	73	2	58
0	21	1	75	2	43
0	65	1	2	2	59
0	11	1	66	2	22
0	75	1	89	2	47
0	14	1	46	2	19
0	11	1	21	2	12
0	16	1	95	2	92
0	47	1	7	2	16
0	9	1	79	2	43
LBCmax: 353
RELDUE
-1	244	8	8
-1	86	1	1
-1	141	8	7
-1	73	7	6
-1	176	7	7
-1	84	3	6
-1	198	3	2
-1	227	2	4
-1	109	7	6
-1	159	3	3
-1	86	4	6
-1	77	8	5
-1	183	9	9
-1	220	5	1
-1	58	8	3
-1	83	4	8
-1	190	9	5
-1	106	6	2
-1	71	2	5
-1	87	3	9
DDW
220	268
83	89
135	147
63	83
164	188
72	96
158	238
202	252
93	125
137	181
77	95
74	80
178	188
178	262
48	68
79	87
188	192
95	117
70	72
70	104
