HFSDDW
20	12	4
0	45	1	92	2	47	3	56
0	79	1	55	2	20	3	28
0	60	1	69	2	68	3	11
0	3	1	98	2	76	3	81
0	48	1	66	2	2	3	62
0	22	1	88	2	45	3	71
0	44	1	65	2	58	3	52
0	91	1	71	2	30	3	40
0	16	1	85	2	65	3	94
0	40	1	48	2	83	3	63
0	74	1	57	2	98	3	84
0	83	1	92	2	15	3	4
0	62	1	17	2	60	3	9
0	89	1	64	2	71	3	56
0	47	1	76	2	13	3	14
0	97	1	68	2	37	3	89
0	40	1	29	2	95	3	17
0	34	1	81	2	41	3	1
0	83	1	38	2	88	3	64
0	90	1	60	2	87	3	51
LBCmax: 488
RELDUE
-1	294	9	9
-1	297	7	8
-1	332	7	6
-1	317	3	5
-1	255	7	1
-1	264	6	8
-1	294	9	6
-1	294	6	4
-1	258	8	6
-1	252	8	2
-1	290	8	4
-1	307	1	3
-1	278	4	7
-1	313	6	2
-1	309	7	8
-1	249	4	8
-1	264	2	3
-1	253	5	5
-1	288	8	1
-1	298	9	5
DDW
235	353
238	356
279	385
311	323
232	278
230	298
247	341
250	338
253	263
239	265
273	307
270	344
259	297
294	332
260	358
222	276
211	317
230	276
259	317
238	358
