HFSDDW
20	6	3
0	43	1	27	2	50
0	6	1	81	2	81
0	12	1	89	2	47
0	45	1	98	2	37
0	61	1	56	2	19
0	72	1	35	2	49
0	25	1	79	2	69
0	30	1	34	2	99
0	84	1	67	2	84
0	19	1	2	2	26
0	67	1	66	2	40
0	10	1	83	2	42
0	21	1	21	2	69
0	16	1	94	2	4
0	42	1	34	2	74
0	13	1	28	2	9
0	83	1	43	2	16
0	49	1	6	2	76
0	49	1	13	2	93
0	51	1	22	2	15
LBCmax: 540
RELDUE
-1	369	4	7
-1	356	4	6
-1	342	1	2
-1	122	6	6
-1	308	6	7
-1	160	5	7
-1	368	9	5
-1	220	2	1
-1	290	2	2
-1	302	5	4
-1	220	2	7
-1	99	4	1
-1	315	9	1
-1	82	7	9
-1	329	9	8
-1	266	3	9
-1	339	3	5
-1	377	7	2
-1	136	6	3
-1	287	1	6
DDW
314	424
331	381
277	407
121	123
290	326
133	187
353	383
207	233
235	345
251	353
196	244
85	113
287	343
68	96
290	368
231	301
312	366
354	400
117	155
281	293
