HFSDDW
20	8	4
0	86	1	13	2	49	3	94
0	85	1	94	2	71	3	21
0	54	1	45	2	26	3	48
0	50	1	12	2	59	3	21
0	66	1	58	2	85	3	92
0	22	1	85	2	3	3	85
0	73	1	49	2	95	3	45
0	30	1	22	2	96	3	75
0	79	1	4	2	66	3	93
0	51	1	31	2	19	3	50
0	76	1	84	2	50	3	94
0	73	1	65	2	51	3	2
0	24	1	57	2	38	3	10
0	8	1	33	2	35	3	1
0	10	1	63	2	21	3	37
0	99	1	26	2	90	3	32
0	49	1	50	2	69	3	46
0	46	1	65	2	70	3	36
0	40	1	35	2	16	3	38
0	35	1	8	2	13	3	8
LBCmax: 601
RELDUE
-1	652	9	1
-1	639	5	6
-1	375	8	1
-1	561	7	7
-1	601	2	9
-1	613	6	1
-1	546	5	2
-1	467	4	1
-1	549	1	2
-1	538	5	6
-1	602	8	3
-1	618	7	8
-1	333	8	8
-1	593	3	6
-1	483	8	6
-1	480	5	2
-1	637	6	9
-1	365	2	9
-1	466	4	6
-1	384	8	8
DDW
626	678
511	767
352	398
477	645
595	607
509	717
502	590
374	560
500	598
490	586
548	656
525	711
286	380
492	694
440	526
408	552
599	675
307	423
391	541
376	392
