HFSDDW
15	12	4
0	15	1	88	2	29	3	45
0	81	1	95	2	96	3	45
0	28	1	10	2	19	3	69
0	78	1	60	2	38	3	4
0	45	1	83	2	91	3	83
0	6	1	38	2	79	3	96
0	33	1	2	2	57	3	39
0	8	1	60	2	8	3	38
0	23	1	36	2	52	3	60
0	86	1	27	2	49	3	66
0	78	1	76	2	58	3	44
0	84	1	57	2	71	3	43
0	41	1	69	2	10	3	48
0	5	1	59	2	31	3	77
0	9	1	32	2	13	3	79
LBCmax: 346
RELDUE
-1	253	3	8
-1	294	4	2
-1	249	7	3
-1	315	2	9
-1	177	4	5
-1	341	6	4
-1	270	6	1
-1	260	7	5
-1	189	5	2
-1	335	7	3
-1	208	2	4
-1	211	9	4
-1	245	1	1
-1	226	3	4
-1	183	6	5
DDW
205	301
285	303
209	289
280	350
175	179
273	409
230	310
247	273
174	204
302	368
198	218
184	238
196	294
217	235
167	199
