HFSDDW
15	6	3
0	17	1	14	2	31
0	81	1	9	2	16
0	51	1	54	2	67
0	80	1	72	2	63
0	55	1	82	2	70
0	48	1	10	2	62
0	65	1	90	2	57
0	34	1	8	2	11
0	5	1	90	2	20
0	23	1	22	2	77
0	92	1	61	2	18
0	40	1	94	2	70
0	49	1	89	2	6
0	44	1	48	2	12
0	85	1	81	2	9
LBCmax: 433
RELDUE
-1	283	9	3
-1	209	3	9
-1	361	8	2
-1	320	5	2
-1	303	8	1
-1	296	9	2
-1	323	6	2
-1	250	4	5
-1	267	5	3
-1	324	1	5
-1	345	6	3
-1	144	5	5
-1	184	2	2
-1	330	2	6
-1	176	6	2
DDW
263	303
203	215
354	368
291	349
288	318
290	302
297	349
225	275
240	294
292	356
338	352
141	147
182	186
304	356
164	188
