HFSDDW
20	8	4
0	72	1	37	2	58	3	3
0	22	1	14	2	39	3	4
0	71	1	20	2	66	3	89
0	24	1	45	2	91	3	5
0	65	1	31	2	58	3	95
0	38	1	70	2	65	3	78
0	19	1	53	2	30	3	52
0	43	1	73	2	1	3	24
0	25	1	69	2	5	3	94
0	37	1	18	2	16	3	56
0	90	1	38	2	22	3	55
0	16	1	73	2	23	3	84
0	39	1	35	2	66	3	87
0	25	1	30	2	26	3	3
0	71	1	79	2	84	3	69
0	84	1	87	2	61	3	97
0	19	1	42	2	65	3	54
0	41	1	96	2	68	3	48
0	16	1	2	2	6	3	1
0	48	1	10	2	63	3	46
LBCmax: 605
RELDUE
-1	412	1	7
-1	466	4	4
-1	349	6	2
-1	332	7	3
-1	330	3	3
-1	350	5	6
-1	666	2	4
-1	649	4	4
-1	462	7	5
-1	310	9	1
-1	385	4	7
-1	511	1	4
-1	423	7	1
-1	472	2	7
-1	565	3	1
-1	312	3	3
-1	581	7	9
-1	393	4	6
-1	436	1	7
-1	570	4	9
DDW
391	433
429	503
321	377
325	339
314	346
326	374
633	699
584	714
457	467
298	322
373	397
496	526
406	440
453	491
542	588
300	324
546	616
389	397
405	467
536	604
