HFSDDW
15	12	4
0	71	1	26	2	98	3	55
0	26	1	16	2	95	3	99
0	82	1	58	2	64	3	18
0	62	1	44	2	61	3	94
0	10	1	57	2	24	3	65
0	95	1	69	2	77	3	28
0	7	1	42	2	41	3	86
0	69	1	35	2	58	3	14
0	89	1	15	2	46	3	97
0	98	1	87	2	70	3	62
0	13	1	68	2	25	3	88
0	12	1	98	2	53	3	95
0	9	1	33	2	16	3	96
0	64	1	95	2	99	3	3
0	49	1	71	2	49	3	83
LBCmax: 408
RELDUE
-1	264	3	5
-1	0	8	2
-1	82	1	9
-1	151	5	7
-1	367	4	2
-1	168	6	5
-1	75	9	2
-1	153	4	5
-1	358	3	4
-1	221	8	8
-1	353	1	4
-1	48	7	8
-1	311	6	7
-1	210	1	9
-1	174	5	4
DDW
214	314
0	0
81	83
137	165
312	422
148	188
65	85
135	171
326	390
179	263
332	374
45	51
252	370
197	223
160	188
