HFSDDW
20	8	4
0	75	1	11	2	88	3	51
0	52	1	48	2	40	3	61
0	2	1	47	2	67	3	43
0	34	1	68	2	46	3	86
0	93	1	5	2	78	3	1
0	44	1	31	2	18	3	40
0	22	1	70	2	48	3	78
0	48	1	39	2	65	3	63
0	85	1	79	2	6	3	7
0	8	1	78	2	21	3	53
0	42	1	77	2	94	3	94
0	77	1	2	2	41	3	1
0	38	1	55	2	79	3	23
0	97	1	76	2	62	3	45
0	93	1	49	2	29	3	81
0	99	1	62	2	13	3	63
0	82	1	5	2	57	3	55
0	63	1	40	2	78	3	15
0	83	1	25	2	58	3	67
0	37	1	24	2	62	3	21
LBCmax: 651
RELDUE
-1	439	4	8
-1	509	4	9
-1	483	7	6
-1	687	4	7
-1	556	2	9
-1	488	1	7
-1	581	8	1
-1	362	5	5
-1	392	2	2
-1	561	1	4
-1	375	4	5
-1	556	4	1
-1	520	3	2
-1	479	6	4
-1	536	7	8
-1	638	1	1
-1	575	2	9
-1	447	7	4
-1	371	1	4
-1	607	2	9
DDW
435	443
412	606
391	575
653	721
495	617
444	532
494	668
329	395
321	463
555	567
330	420
506	606
489	551
407	551
498	574
510	766
518	632
411	483
315	427
534	680
