HFSDDW
20	6	3
0	87	1	55	2	69
0	20	1	15	2	29
0	40	1	10	2	61
0	99	1	73	2	24
0	31	1	2	2	67
0	28	1	19	2	63
0	10	1	47	2	62
0	59	1	17	2	41
0	5	1	44	2	97
0	61	1	62	2	52
0	83	1	55	2	97
0	11	1	74	2	43
0	23	1	53	2	83
0	81	1	19	2	67
0	26	1	15	2	77
0	7	1	70	2	7
0	18	1	44	2	9
0	16	1	70	2	31
0	44	1	29	2	38
0	28	1	16	2	70
LBCmax: 578
RELDUE
-1	350	7	9
-1	632	4	2
-1	449	4	7
-1	227	8	7
-1	268	7	5
-1	282	1	9
-1	323	4	2
-1	287	5	4
-1	335	2	2
-1	316	9	6
-1	197	8	5
-1	548	8	9
-1	634	4	4
-1	336	4	4
-1	335	1	5
-1	720	9	4
-1	364	6	2
-1	188	9	4
-1	541	4	3
-1	739	6	5
DDW
336	364
594	670
422	476
207	247
263	273
279	285
313	333
267	307
308	362
288	344
181	213
537	559
628	640
333	339
328	342
698	742
357	371
177	199
498	584
665	813
