HFSDDW
15	12	4
0	5	1	8	2	41	3	45
0	4	1	90	2	1	3	66
0	68	1	20	2	27	3	67
0	9	1	25	2	42	3	18
0	6	1	49	2	59	3	57
0	95	1	72	2	39	3	95
0	63	1	47	2	10	3	64
0	13	1	63	2	56	3	50
0	5	1	88	2	65	3	15
0	91	1	58	2	69	3	67
0	1	1	92	2	61	3	81
0	56	1	4	2	69	3	20
0	32	1	33	2	61	3	34
0	8	1	46	2	66	3	33
0	68	1	46	2	82	3	56
LBCmax: 345
RELDUE
-1	228	1	1
-1	197	6	4
-1	209	6	8
-1	175	9	3
-1	216	8	1
-1	225	2	4
-1	216	6	2
-1	186	3	5
-1	213	5	7
-1	191	2	8
-1	190	6	4
-1	204	6	2
-1	227	8	4
-1	236	5	6
-1	210	1	1
DDW
223	233
185	209
205	213
159	191
201	231
218	232
212	220
184	188
207	219
176	206
171	209
202	206
209	245
234	238
200	220
