HFSDDW
20	9	3
0	91	1	45	2	28
0	64	1	11	2	73
0	15	1	34	2	51
0	82	1	18	2	67
0	42	1	83	2	54
0	30	1	96	2	98
0	25	1	66	2	37
0	53	1	70	2	1
0	50	1	49	2	24
0	95	1	40	2	61
0	29	1	27	2	89
0	61	1	69	2	1
0	59	1	81	2	21
0	63	1	97	2	19
0	8	1	44	2	4
0	54	1	64	2	7
0	33	1	85	2	32
0	35	1	38	2	67
0	64	1	38	2	75
0	27	1	15	2	61
LBCmax: 396
RELDUE
-1	314	8	2
-1	197	6	5
-1	493	3	9
-1	476	9	3
-1	333	9	3
-1	478	3	3
-1	425	7	6
-1	440	2	8
-1	175	3	2
-1	330	9	2
-1	400	7	8
-1	177	9	8
-1	427	2	2
-1	365	6	7
-1	391	9	5
-1	191	9	5
-1	300	3	2
-1	223	7	3
-1	506	6	4
-1	500	6	6
DDW
311	317
185	209
449	537
433	519
323	343
459	497
404	446
431	449
166	184
297	363
360	440
172	182
410	444
332	398
383	399
189	193
291	309
203	243
481	531
490	510
