HFSDDW
20	6	3
0	46	1	31	2	34
0	79	1	92	2	4
0	1	1	90	2	80
0	67	1	54	2	72
0	40	1	39	2	87
0	41	1	23	2	83
0	42	1	30	2	2
0	21	1	13	2	33
0	90	1	91	2	12
0	54	1	59	2	37
0	65	1	5	2	72
0	10	1	93	2	6
0	73	1	47	2	89
0	8	1	24	2	14
0	28	1	66	2	90
0	38	1	79	2	95
0	55	1	78	2	28
0	54	1	32	2	36
0	25	1	25	2	19
0	1	1	89	2	1
LBCmax: 536
RELDUE
-1	351	2	2
-1	202	9	8
-1	153	1	2
-1	193	7	4
-1	60	8	7
-1	214	8	7
-1	55	6	8
-1	150	2	7
-1	199	8	8
-1	317	6	4
-1	269	4	5
-1	298	5	7
-1	355	2	5
-1	164	6	9
-1	72	3	4
-1	336	3	7
-1	353	6	4
-1	203	8	7
-1	190	5	5
-1	220	4	9
DDW
295	407
176	228
139	167
162	224
49	71
173	255
53	57
147	153
191	207
298	336
266	272
292	304
295	415
162	166
70	74
292	380
304	402
191	215
163	217
194	246
