HFSDDW
15	12	4
0	11	1	84	2	83	3	89
0	36	1	69	2	44	3	49
0	93	1	27	2	91	3	86
0	36	1	19	2	94	3	14
0	36	1	43	2	35	3	34
0	33	1	50	2	29	3	44
0	94	1	46	2	49	3	48
0	53	1	44	2	23	3	47
0	55	1	84	2	40	3	94
0	11	1	14	2	71	3	29
0	63	1	28	2	43	3	44
0	68	1	57	2	91	3	77
0	49	1	34	2	43	3	63
0	52	1	7	2	34	3	60
0	56	1	39	2	95	3	90
LBCmax: 391
RELDUE
-1	290	1	1
-1	349	8	7
-1	349	4	5
-1	313	7	9
-1	277	2	1
-1	308	6	9
-1	298	5	5
-1	314	8	4
-1	336	7	2
-1	352	8	1
-1	275	7	3
-1	291	9	4
-1	330	3	3
-1	278	4	9
-1	329	5	3
DDW
276	304
283	415
314	384
288	338
260	294
274	342
253	343
273	355
296	376
324	380
248	302
233	349
277	383
250	306
299	359
