HFSDDW
20	12	4
0	62	1	98	2	82	3	5
0	47	1	61	2	7	3	92
0	27	1	86	2	40	3	39
0	95	1	57	2	44	3	10
0	36	1	2	2	81	3	12
0	27	1	52	2	78	3	75
0	46	1	42	2	5	3	7
0	97	1	3	2	81	3	40
0	70	1	73	2	46	3	5
0	43	1	49	2	58	3	19
0	43	1	39	2	16	3	56
0	65	1	77	2	69	3	35
0	76	1	36	2	19	3	83
0	38	1	94	2	92	3	10
0	21	1	8	2	58	3	6
0	56	1	1	2	95	3	25
0	6	1	99	2	69	3	23
0	12	1	39	2	66	3	86
0	43	1	63	2	68	3	87
0	36	1	22	2	10	3	68
LBCmax: 416
RELDUE
-1	392	1	5
-1	382	3	4
-1	284	7	3
-1	361	4	7
-1	417	3	1
-1	452	7	9
-1	213	9	9
-1	399	3	8
-1	411	7	4
-1	297	4	1
-1	418	9	9
-1	298	4	7
-1	436	5	3
-1	341	9	9
-1	363	1	3
-1	316	4	5
-1	318	7	4
-1	437	6	3
-1	335	5	9
-1	372	9	5
DDW
345	439
359	405
256	312
303	419
363	471
375	529
196	230
395	403
390	432
249	345
355	481
289	307
388	484
310	372
312	414
303	329
312	324
393	481
278	392
342	402
