HFSDDW
20	6	3
0	80	1	69	2	72
0	51	1	64	2	32
0	18	1	80	2	18
0	3	1	66	2	98
0	52	1	42	2	52
0	77	1	80	2	36
0	56	1	74	2	19
0	7	1	39	2	40
0	19	1	50	2	97
0	87	1	83	2	57
0	5	1	64	2	96
0	76	1	29	2	50
0	27	1	35	2	66
0	9	1	85	2	26
0	74	1	69	2	13
0	81	1	69	2	31
0	51	1	54	2	17
0	32	1	94	2	97
0	78	1	74	2	31
0	32	1	32	2	14
LBCmax: 644
RELDUE
-1	237	8	6
-1	233	4	3
-1	318	4	7
-1	271	7	9
-1	319	9	5
-1	194	2	9
-1	195	1	5
-1	291	7	5
-1	210	3	2
-1	195	7	2
-1	258	8	9
-1	251	2	5
-1	284	1	7
-1	255	6	5
-1	308	1	8
-1	314	4	6
-1	234	1	9
-1	283	3	7
-1	229	9	7
-1	241	2	3
DDW
220	254
231	235
267	369
238	304
265	373
171	217
177	213
279	303
178	242
181	209
224	292
241	261
227	341
245	265
271	345
257	371
211	257
232	334
215	243
207	275
