HFSDDW
20	12	4
0	85	1	43	2	86	3	92
0	63	1	97	2	17	3	46
0	86	1	16	2	9	3	44
0	81	1	68	2	29	3	89
0	27	1	58	2	17	3	8
0	13	1	30	2	81	3	59
0	10	1	32	2	85	3	42
0	40	1	68	2	17	3	89
0	70	1	74	2	19	3	46
0	12	1	87	2	38	3	71
0	36	1	80	2	26	3	64
0	53	1	29	2	28	3	97
0	24	1	93	2	73	3	67
0	69	1	17	2	46	3	55
0	61	1	27	2	82	3	32
0	13	1	74	2	6	3	19
0	98	1	19	2	74	3	7
0	50	1	82	2	77	3	39
0	20	1	45	2	71	3	33
0	5	1	18	2	6	3	80
LBCmax: 442
RELDUE
-1	312	5	2
-1	388	5	4
-1	325	2	4
-1	351	5	3
-1	394	5	2
-1	353	5	4
-1	326	2	1
-1	357	3	3
-1	335	6	6
-1	366	3	5
-1	385	9	2
-1	385	8	8
-1	313	9	9
-1	314	4	2
-1	362	8	1
-1	364	6	9
-1	376	5	7
-1	315	3	8
-1	368	4	7
-1	339	3	6
DDW
309	315
349	427
322	328
344	358
386	402
335	371
303	349
353	361
308	362
351	381
381	389
377	393
285	341
308	320
348	376
349	379
357	395
293	337
350	386
329	349
