HFSDDW
15	9	3
0	57	1	57	2	58
0	42	1	54	2	35
0	70	1	6	2	20
0	69	1	5	2	46
0	44	1	93	2	74
0	41	1	25	2	89
0	99	1	72	2	86
0	12	1	57	2	77
0	68	1	68	2	71
0	8	1	62	2	45
0	55	1	42	2	88
0	58	1	5	2	31
0	91	1	62	2	42
0	82	1	31	2	2
0	46	1	80	2	75
LBCmax: 346
RELDUE
-1	304	6	6
-1	94	4	7
-1	356	2	6
-1	323	6	8
-1	251	9	4
-1	250	5	6
-1	227	5	2
-1	41	4	8
-1	41	6	7
-1	271	1	9
-1	191	5	8
-1	35	3	9
-1	314	8	9
-1	291	4	8
-1	333	9	6
DDW
283	325
91	97
292	420
284	362
241	261
215	285
200	254
35	47
35	47
263	279
181	201
33	37
311	317
268	314
323	343
