HFSDDW
20	6	3
0	1	1	91	2	94
0	56	1	61	2	63
0	17	1	60	2	51
0	23	1	90	2	82
0	23	1	4	2	14
0	18	1	88	2	34
0	32	1	32	2	10
0	39	1	94	2	78
0	92	1	4	2	57
0	79	1	89	2	72
0	91	1	6	2	32
0	18	1	65	2	35
0	72	1	26	2	48
0	31	1	7	2	58
0	81	1	23	2	28
0	16	1	73	2	20
0	52	1	63	2	73
0	90	1	49	2	41
0	92	1	62	2	96
0	17	1	64	2	58
LBCmax: 573
RELDUE
-1	0	3	4
-1	154	3	3
-1	350	9	1
-1	394	6	9
-1	125	3	1
-1	433	4	6
-1	230	6	9
-1	0	3	7
-1	160	8	1
-1	397	9	4
-1	199	6	7
-1	303	8	7
-1	430	2	1
-1	0	1	5
-1	87	2	4
-1	242	1	3
-1	270	6	8
-1	353	3	7
-1	232	1	5
-1	387	8	3
DDW
0	0
136	172
294	406
366	422
114	136
355	511
228	232
0	0
134	186
349	445
171	227
270	336
357	503
0	0
84	90
211	273
238	302
314	392
227	237
317	457
