HFSDDW
15	9	3
0	92	1	39	2	38
0	97	1	93	2	48
0	52	1	24	2	59
0	85	1	67	2	82
0	46	1	95	2	96
0	69	1	3	2	47
0	54	1	11	2	77
0	47	1	61	2	21
0	97	1	30	2	52
0	72	1	18	2	86
0	91	1	28	2	27
0	76	1	63	2	91
0	91	1	65	2	11
0	42	1	70	2	45
0	12	1	10	2	13
LBCmax: 398
RELDUE
-1	185	9	8
-1	160	1	7
-1	130	9	4
-1	121	5	7
-1	131	3	1
-1	182	7	4
-1	159	4	2
-1	179	4	3
-1	179	4	5
-1	199	1	2
-1	155	8	4
-1	181	7	1
-1	133	1	4
-1	199	5	5
-1	170	7	2
DDW
181	189
147	173
121	139
115	127
124	138
166	198
153	165
172	186
175	183
183	215
150	160
165	197
121	145
179	219
163	177
