HFSDDW
15	6	3
0	30	1	70	2	81
0	87	1	77	2	31
0	54	1	73	2	95
0	34	1	52	2	52
0	66	1	96	2	31
0	6	1	96	2	28
0	21	1	97	2	9
0	31	1	52	2	23
0	89	1	46	2	78
0	36	1	5	2	94
0	2	1	10	2	2
0	30	1	22	2	9
0	52	1	65	2	9
0	90	1	88	2	27
0	13	1	47	2	35
LBCmax: 463
RELDUE
-1	363	5	2
-1	379	7	1
-1	382	3	4
-1	360	5	4
-1	365	7	3
-1	358	5	3
-1	326	2	3
-1	342	1	8
-1	386	2	1
-1	385	8	5
-1	416	8	2
-1	341	9	6
-1	379	6	9
-1	416	9	4
-1	353	6	3
DDW
298	428
307	451
329	435
302	418
336	394
308	408
287	365
332	352
374	398
312	458
337	495
324	358
311	447
399	433
286	420
