HFSDDW
20	9	3
0	29	1	49	2	31
0	75	1	36	2	45
0	45	1	85	2	5
0	31	1	12	2	36
0	49	1	92	2	39
0	19	1	5	2	5
0	89	1	62	2	71
0	39	1	87	2	72
0	2	1	41	2	10
0	7	1	91	2	52
0	33	1	30	2	76
0	99	1	62	2	50
0	97	1	28	2	35
0	20	1	82	2	82
0	44	1	19	2	68
0	62	1	87	2	56
0	84	1	66	2	40
0	57	1	72	2	22
0	85	1	89	2	61
0	58	1	73	2	95
LBCmax: 418
RELDUE
-1	321	5	5
-1	325	2	3
-1	372	2	7
-1	336	6	5
-1	375	2	7
-1	362	8	4
-1	342	5	4
-1	334	8	4
-1	318	8	9
-1	368	2	8
-1	310	1	4
-1	357	3	9
-1	351	5	6
-1	351	8	1
-1	360	4	9
-1	367	9	9
-1	372	5	4
-1	351	4	8
-1	296	2	7
-1	326	4	3
DDW
302	340
318	332
342	402
296	376
371	379
300	424
325	359
311	357
264	372
339	397
248	372
353	361
316	386
337	365
331	389
352	382
350	394
330	372
246	346
293	359
