HFSDDW
15	9	3
0	1	1	81	2	81
0	82	1	31	2	72
0	56	1	6	2	87
0	93	1	78	2	53
0	1	1	47	2	54
0	21	1	6	2	86
0	86	1	84	2	1
0	78	1	74	2	40
0	66	1	50	2	18
0	23	1	70	2	98
0	19	1	40	2	87
0	63	1	38	2	73
0	21	1	53	2	10
0	3	1	58	2	94
0	57	1	45	2	26
LBCmax: 338
RELDUE
-1	296	5	4
-1	149	4	9
-1	178	7	4
-1	116	6	4
-1	275	1	8
-1	206	1	5
-1	207	7	8
-1	276	3	1
-1	236	2	3
-1	272	2	7
-1	147	3	8
-1	115	2	8
-1	185	5	7
-1	133	5	2
-1	265	8	2
DDW
275	317
137	161
171	185
113	119
261	289
200	212
195	219
257	295
217	255
248	296
141	153
105	125
179	191
129	137
241	289
