HFSDDW
15	9	3
0	85	1	1	2	25
0	59	1	10	2	63
0	71	1	19	2	75
0	32	1	60	2	6
0	25	1	36	2	24
0	55	1	75	2	21
0	86	1	65	2	24
0	95	1	54	2	60
0	38	1	68	2	46
0	19	1	82	2	9
0	4	1	77	2	35
0	20	1	1	2	15
0	52	1	84	2	83
0	99	1	2	2	60
0	95	1	30	2	52
LBCmax: 323
RELDUE
-1	266	2	5
-1	226	4	7
-1	277	3	8
-1	231	7	1
-1	281	4	1
-1	275	1	9
-1	258	4	8
-1	267	6	6
-1	270	9	3
-1	236	1	7
-1	285	7	7
-1	256	1	9
-1	268	4	5
-1	239	2	7
-1	253	1	1
DDW
247	285
206	246
258	296
219	243
256	306
261	289
250	266
259	275
267	273
219	253
256	314
230	282
255	281
215	263
230	276
