HFSDDW
20	9	3
0	71	1	11	2	42
0	54	1	22	2	15
0	22	1	50	2	74
0	50	1	74	2	98
0	62	1	87	2	70
0	6	1	24	2	90
0	70	1	88	2	1
0	97	1	23	2	92
0	31	1	78	2	87
0	17	1	69	2	9
0	68	1	25	2	34
0	89	1	56	2	57
0	8	1	15	2	28
0	68	1	63	2	17
0	54	1	50	2	21
0	36	1	7	2	34
0	97	1	94	2	68
0	50	1	75	2	21
0	87	1	74	2	88
0	49	1	24	2	43
LBCmax: 406
RELDUE
-1	151	7	5
-1	58	2	7
-1	369	4	2
-1	310	5	2
-1	374	1	8
-1	244	7	6
-1	304	9	8
-1	338	4	6
-1	170	4	8
-1	97	7	7
-1	437	7	4
-1	78	1	8
-1	296	9	6
-1	51	8	7
-1	145	9	1
-1	383	3	2
-1	217	7	3
-1	337	7	7
-1	333	8	1
-1	424	3	6
DDW
149	153
52	64
314	424
279	341
337	411
224	264
292	316
284	392
148	192
83	111
393	481
69	87
293	299
50	52
138	152
352	414
193	241
310	364
280	386
352	496
