HFSDDW
20	9	3
0	89	1	94	2	56
0	56	1	4	2	37
0	47	1	15	2	20
0	69	1	91	2	80
0	51	1	69	2	4
0	1	1	41	2	57
0	10	1	39	2	91
0	56	1	74	2	61
0	74	1	34	2	81
0	53	1	75	2	63
0	14	1	79	2	76
0	15	1	84	2	20
0	68	1	98	2	25
0	6	1	15	2	22
0	91	1	27	2	92
0	12	1	1	2	16
0	97	1	87	2	93
0	13	1	82	2	13
0	44	1	33	2	20
0	95	1	82	2	69
LBCmax: 393
RELDUE
-1	319	4	6
-1	350	5	8
-1	306	7	1
-1	320	9	6
-1	319	7	5
-1	284	1	7
-1	278	2	5
-1	303	5	2
-1	342	8	4
-1	341	7	8
-1	300	1	6
-1	309	3	2
-1	301	5	5
-1	277	8	8
-1	294	8	7
-1	330	7	7
-1	327	3	2
-1	312	4	9
-1	329	4	5
-1	325	8	5
DDW
306	332
318	382
266	346
298	342
265	373
250	318
261	295
255	351
304	380
338	344
246	354
287	331
253	349
227	327
259	329
284	376
301	353
284	340
306	352
312	338
