HFSDDW
15	12	4
0	17	1	6	2	93	3	84
0	89	1	50	2	29	3	10
0	37	1	7	2	92	3	90
0	93	1	25	2	79	3	17
0	59	1	79	2	40	3	86
0	6	1	17	2	22	3	2
0	48	1	15	2	19	3	62
0	39	1	54	2	47	3	37
0	45	1	54	2	50	3	85
0	89	1	77	2	40	3	85
0	41	1	19	2	76	3	83
0	9	1	27	2	43	3	17
0	6	1	33	2	48	3	37
0	28	1	52	2	86	3	99
0	84	1	92	2	37	3	74
LBCmax: 389
RELDUE
-1	241	8	4
-1	375	4	9
-1	394	2	7
-1	441	1	6
-1	352	1	1
-1	330	1	1
-1	293	9	7
-1	270	5	1
-1	410	9	4
-1	484	6	5
-1	222	7	5
-1	435	9	3
-1	269	5	8
-1	330	1	4
-1	294	2	1
DDW
224	258
338	412
362	426
437	445
317	387
310	350
278	308
243	297
402	418
479	489
213	231
431	439
250	288
304	356
276	312
