HFSDDW
20	9	3
0	26	1	16	2	16
0	17	1	94	2	41
0	68	1	97	2	46
0	84	1	85	2	9
0	4	1	72	2	94
0	89	1	9	2	31
0	16	1	11	2	46
0	71	1	2	2	44
0	99	1	45	2	84
0	95	1	34	2	93
0	67	1	56	2	42
0	74	1	31	2	63
0	45	1	63	2	65
0	12	1	54	2	86
0	52	1	56	2	26
0	58	1	60	2	39
0	26	1	78	2	45
0	67	1	95	2	15
0	38	1	54	2	14
0	72	1	18	2	50
LBCmax: 404
RELDUE
-1	329	8	5
-1	342	7	6
-1	334	5	9
-1	326	6	3
-1	297	4	7
-1	306	5	7
-1	337	5	2
-1	306	5	8
-1	316	3	9
-1	308	4	9
-1	319	9	3
-1	320	9	9
-1	337	4	9
-1	286	1	9
-1	329	6	8
-1	331	4	7
-1	298	5	7
-1	320	6	2
-1	297	1	1
-1	316	1	2
DDW
283	375
315	369
271	397
284	368
247	347
260	352
334	340
272	340
281	351
262	354
293	345
304	336
330	344
272	300
293	365
295	367
268	328
269	371
282	312
284	348
