HFSDDW
20	8	4
0	34	1	14	2	31	3	84
0	76	1	48	2	45	3	18
0	80	1	24	2	24	3	40
0	71	1	21	2	49	3	96
0	89	1	2	2	52	3	53
0	40	1	17	2	79	3	83
0	17	1	54	2	3	3	35
0	90	1	73	2	92	3	86
0	38	1	84	2	5	3	85
0	9	1	71	2	67	3	24
0	62	1	44	2	75	3	51
0	21	1	33	2	58	3	71
0	21	1	12	2	13	3	5
0	16	1	38	2	72	3	18
0	35	1	48	2	67	3	23
0	46	1	11	2	28	3	8
0	32	1	37	2	2	3	86
0	17	1	63	2	88	3	18
0	35	1	29	2	91	3	96
0	42	1	28	2	62	3	84
LBCmax: 605
RELDUE
-1	297	3	7
-1	219	5	6
-1	198	3	9
-1	277	7	8
-1	254	5	7
-1	287	7	1
-1	267	8	8
-1	181	3	2
-1	196	9	5
-1	287	5	4
-1	243	6	1
-1	254	7	3
-1	185	2	3
-1	235	2	9
-1	275	5	4
-1	243	8	7
-1	199	1	8
-1	263	5	3
-1	205	7	6
-1	283	6	6
DDW
285	309
182	256
176	220
255	299
246	262
261	313
227	307
174	188
188	204
250	324
214	272
218	290
176	194
197	273
264	286
226	260
159	239
247	279
184	226
229	337
