HFSDDW
20	6	2
0	84	1	80
0	90	1	56
0	35	1	60
0	9	1	66
0	81	1	41
0	87	1	89
0	35	1	7
0	62	1	48
0	80	1	55
0	79	1	92
0	67	1	75
0	63	1	92
0	66	1	72
0	22	1	57
0	97	1	99
0	2	1	24
0	60	1	11
0	23	1	17
0	58	1	31
0	85	1	70
LBCmax: 409
RELDUE
-1	127	4	5
-1	124	7	8
-1	194	4	6
-1	202	3	3
-1	200	8	5
-1	157	9	5
-1	171	7	1
-1	154	8	6
-1	197	8	6
-1	163	9	3
-1	135	2	8
-1	169	6	5
-1	164	8	5
-1	194	7	7
-1	165	6	2
-1	130	9	6
-1	137	4	3
-1	203	3	5
-1	196	4	1
-1	174	6	3
DDW
123	131
114	134
173	215
182	222
176	224
135	179
140	202
140	168
195	199
134	192
128	142
150	188
162	166
167	221
147	183
116	144
112	162
195	211
157	235
141	207
