HFSDDW
15	12	4
0	31	1	35	2	34	3	13
0	57	1	42	2	15	3	29
0	77	1	58	2	40	3	42
0	40	1	42	2	50	3	55
0	80	1	54	2	36	3	46
0	25	1	62	2	74	3	91
0	55	1	63	2	84	3	57
0	70	1	30	2	33	3	66
0	43	1	44	2	43	3	96
0	89	1	67	2	17	3	56
0	29	1	9	2	44	3	97
0	91	1	22	2	65	3	71
0	77	1	37	2	61	3	98
0	3	1	17	2	7	3	68
0	60	1	43	2	58	3	94
LBCmax: 413
RELDUE
-1	171	2	2
-1	171	7	9
-1	172	3	9
-1	164	2	8
-1	144	4	7
-1	184	4	6
-1	205	3	4
-1	203	7	4
-1	206	5	1
-1	168	3	9
-1	177	7	5
-1	134	9	7
-1	155	2	3
-1	190	7	7
-1	138	3	7
DDW
154	188
149	193
163	181
131	197
117	171
164	204
170	240
185	221
194	218
134	202
161	193
113	155
147	163
158	222
113	163
