HFSDDW
20	6	3
0	95	1	21	2	30
0	20	1	50	2	45
0	73	1	75	2	95
0	35	1	97	2	96
0	86	1	60	2	89
0	74	1	2	2	59
0	82	1	9	2	18
0	91	1	10	2	18
0	2	1	51	2	1
0	77	1	86	2	86
0	44	1	30	2	99
0	79	1	53	2	32
0	54	1	90	2	89
0	97	1	54	2	55
0	29	1	95	2	39
0	21	1	2	2	15
0	6	1	93	2	71
0	72	1	52	2	6
0	91	1	5	2	12
0	12	1	19	2	98
LBCmax: 588
RELDUE
-1	464	5	8
-1	524	7	9
-1	516	2	7
-1	423	8	9
-1	518	8	5
-1	491	2	4
-1	527	7	9
-1	420	5	6
-1	419	7	2
-1	481	1	7
-1	436	3	9
-1	425	1	5
-1	493	7	6
-1	512	1	7
-1	476	5	3
-1	484	4	9
-1	485	3	4
-1	427	5	6
-1	505	3	9
-1	507	9	2
DDW
422	506
519	529
506	526
398	448
497	539
452	530
506	548
386	454
402	436
433	529
392	480
404	446
488	498
507	517
447	505
455	513
446	524
414	440
490	520
477	537
