HFSDDW
15	9	3
0	41	1	13	2	63
0	34	1	67	2	11
0	27	1	11	2	84
0	84	1	57	2	12
0	4	1	64	2	53
0	85	1	3	2	93
0	14	1	91	2	4
0	72	1	90	2	64
0	51	1	93	2	95
0	36	1	34	2	88
0	97	1	56	2	71
0	63	1	67	2	29
0	90	1	19	2	10
0	8	1	87	2	63
0	80	1	62	2	90
LBCmax: 330
RELDUE
-1	151	2	9
-1	123	7	9
-1	149	8	1
-1	140	4	4
-1	157	9	3
-1	115	9	8
-1	157	8	1
-1	144	1	4
-1	103	9	3
-1	122	7	7
-1	144	6	2
-1	114	7	5
-1	165	6	1
-1	154	8	6
-1	148	3	9
DDW
148	154
100	146
137	161
129	151
127	187
92	138
129	185
120	168
87	119
100	144
132	156
91	137
139	191
142	166
120	176
