HFSDDW
20	8	4
0	3	1	20	2	21	3	69
0	66	1	72	2	91	3	21
0	62	1	21	2	15	3	67
0	50	1	62	2	52	3	16
0	3	1	91	2	90	3	16
0	21	1	18	2	10	3	41
0	74	1	66	2	17	3	36
0	93	1	94	2	36	3	6
0	39	1	81	2	63	3	39
0	9	1	50	2	77	3	2
0	86	1	83	2	80	3	23
0	1	1	18	2	25	3	16
0	73	1	30	2	94	3	86
0	29	1	80	2	56	3	84
0	10	1	80	2	95	3	1
0	55	1	56	2	28	3	68
0	85	1	10	2	28	3	68
0	98	1	14	2	7	3	53
0	15	1	89	2	29	3	38
0	37	1	87	2	41	3	56
LBCmax: 606
RELDUE
-1	434	9	6
-1	187	2	6
-1	559	3	4
-1	570	7	4
-1	182	5	2
-1	479	5	3
-1	647	4	4
-1	533	6	5
-1	334	9	6
-1	658	7	4
-1	357	3	7
-1	358	4	2
-1	514	8	7
-1	651	9	4
-1	464	4	9
-1	367	8	3
-1	523	5	5
-1	257	6	8
-1	411	8	1
-1	733	4	6
DDW
399	469
180	194
553	565
564	576
175	189
474	484
582	712
522	544
327	341
592	724
343	371
322	394
488	540
644	658
436	492
360	374
513	533
231	283
378	444
696	770
