HFSDDW
15	6	3
0	81	1	79	2	60
0	32	1	34	2	4
0	18	1	86	2	26
0	95	1	72	2	37
0	73	1	60	2	16
0	73	1	16	2	52
0	11	1	55	2	89
0	7	1	37	2	49
0	9	1	88	2	66
0	81	1	15	2	89
0	96	1	78	2	14
0	39	1	13	2	16
0	20	1	30	2	39
0	93	1	22	2	49
0	58	1	43	2	87
LBCmax: 429
RELDUE
-1	226	4	4
-1	430	7	4
-1	382	9	9
-1	386	3	4
-1	237	5	9
-1	137	5	8
-1	348	2	2
-1	149	3	4
-1	495	5	9
-1	198	6	8
-1	454	2	1
-1	310	2	9
-1	179	8	5
-1	225	7	3
-1	325	3	4
DDW
208	244
426	434
378	386
347	425
223	251
125	149
320	376
145	153
470	520
178	218
409	499
298	322
175	183
209	241
299	351
