HFSDDW
15	6	3
0	71	1	90	2	83
0	51	1	97	2	88
0	17	1	43	2	89
0	64	1	3	2	57
0	70	1	12	2	21
0	58	1	11	2	33
0	21	1	37	2	77
0	56	1	52	2	25
0	90	1	22	2	76
0	96	1	21	2	39
0	24	1	39	2	90
0	42	1	26	2	48
0	37	1	68	2	47
0	91	1	51	2	63
0	41	1	60	2	83
LBCmax: 519
RELDUE
-1	222	2	2
-1	255	3	5
-1	257	4	6
-1	177	7	3
-1	203	8	7
-1	216	2	4
-1	250	8	3
-1	187	8	2
-1	252	2	9
-1	218	4	3
-1	172	3	8
-1	196	7	7
-1	217	8	4
-1	218	1	9
-1	235	8	1
DDW
218	226
214	296
252	262
150	204
168	238
201	231
228	272
153	221
239	265
207	229
138	206
169	223
210	224
196	240
223	247
