HFSDDW
20	6	2
0	42	1	39
0	40	1	95
0	55	1	15
0	93	1	12
0	18	1	45
0	32	1	71
0	62	1	38
0	24	1	4
0	64	1	29
0	59	1	46
0	24	1	84
0	31	1	29
0	87	1	17
0	49	1	87
0	8	1	55
0	23	1	20
0	77	1	88
0	78	1	75
0	71	1	47
0	43	1	57
LBCmax: 337
RELDUE
-1	125	6	1
-1	190	1	6
-1	115	2	2
-1	129	9	7
-1	337	6	5
-1	295	3	2
-1	396	8	1
-1	106	4	9
-1	191	8	3
-1	211	6	3
-1	379	3	5
-1	325	6	7
-1	252	7	6
-1	338	7	1
-1	101	8	2
-1	293	7	6
-1	126	4	1
-1	138	9	1
-1	127	3	4
-1	229	8	6
DDW
116	134
186	194
109	121
119	139
334	340
274	316
360	432
101	111
183	199
209	213
349	409
296	354
237	267
311	365
100	102
287	299
120	132
134	142
114	140
213	245
