HFSDDW
20	4	2
0	43	1	68
0	53	1	72
0	57	1	95
0	72	1	58
0	68	1	81
0	6	1	47
0	99	1	81
0	6	1	19
0	76	1	67
0	99	1	26
0	16	1	23
0	9	1	65
0	66	1	26
0	30	1	96
0	76	1	82
0	31	1	95
0	21	1	45
0	76	1	84
0	59	1	79
0	51	1	28
LBCmax: 625
RELDUE
-1	526	6	7
-1	335	8	8
-1	367	5	1
-1	556	3	5
-1	359	1	2
-1	558	6	9
-1	539	2	7
-1	435	5	7
-1	379	7	3
-1	507	2	8
-1	612	5	7
-1	280	5	1
-1	109	9	9
-1	318	8	8
-1	687	5	6
-1	190	3	7
-1	435	7	2
-1	614	6	9
-1	102	6	6
-1	258	3	4
DDW
494	558
325	345
345	389
539	573
352	366
502	614
528	550
418	452
345	413
492	522
581	643
272	288
100	118
312	324
625	749
171	209
418	452
565	663
92	112
243	273
