HFSDDW
20	9	3
0	31	1	91	2	39
0	76	1	51	2	16
0	27	1	37	2	73
0	72	1	95	2	37
0	96	1	29	2	63
0	74	1	20	2	95
0	40	1	50	2	37
0	65	1	42	2	71
0	88	1	92	2	90
0	12	1	2	2	22
0	11	1	9	2	99
0	16	1	31	2	38
0	64	1	77	2	98
0	69	1	22	2	26
0	56	1	7	2	85
0	55	1	23	2	27
0	86	1	88	2	31
0	9	1	67	2	50
0	81	1	65	2	50
0	67	1	88	2	59
LBCmax: 417
RELDUE
-1	271	7	6
-1	245	3	2
-1	297	9	1
-1	339	4	5
-1	365	4	6
-1	426	8	9
-1	302	9	4
-1	410	4	1
-1	452	9	1
-1	270	4	9
-1	232	2	4
-1	313	3	6
-1	453	8	9
-1	385	1	9
-1	278	2	7
-1	235	6	2
-1	232	8	5
-1	296	8	6
-1	424	9	3
-1	291	6	6
DDW
244	298
201	289
267	327
315	363
336	394
413	439
269	335
361	459
425	479
256	284
220	244
307	319
367	539
316	454
267	289
221	249
216	248
258	334
394	454
288	294
