HFSDDW
20	6	3
0	36	1	11	2	71
0	90	1	10	2	13
0	81	1	73	2	61
0	57	1	94	2	95
0	38	1	62	2	44
0	13	1	66	2	77
0	57	1	2	2	64
0	13	1	75	2	37
0	50	1	66	2	21
0	42	1	55	2	78
0	1	1	3	2	20
0	97	1	19	2	78
0	16	1	37	2	36
0	95	1	14	2	92
0	62	1	86	2	23
0	77	1	57	2	18
0	14	1	31	2	80
0	80	1	34	2	32
0	2	1	24	2	35
0	35	1	40	2	43
LBCmax: 535
RELDUE
-1	366	1	1
-1	310	3	3
-1	286	9	2
-1	356	7	8
-1	328	9	9
-1	365	4	8
-1	349	9	9
-1	310	1	7
-1	313	7	8
-1	337	3	3
-1	371	1	2
-1	298	7	5
-1	312	4	5
-1	333	4	7
-1	362	4	3
-1	344	7	5
-1	320	2	7
-1	362	3	9
-1	282	2	9
-1	345	8	4
DDW
355	377
282	338
272	300
338	374
318	338
358	372
335	363
294	326
294	332
330	344
334	408
277	319
293	331
303	363
333	391
310	378
310	330
333	391
254	310
328	362
