HFSDDW
20	6	2
0	86	1	12
0	97	1	52
0	7	1	22
0	29	1	68
0	19	1	88
0	65	1	41
0	99	1	49
0	3	1	10
0	86	1	4
0	57	1	15
0	19	1	83
0	35	1	55
0	11	1	43
0	35	1	52
0	56	1	58
0	65	1	91
0	77	1	60
0	89	1	41
0	59	1	54
0	26	1	15
LBCmax: 350
RELDUE
-1	213	8	7
-1	170	2	6
-1	215	3	7
-1	129	6	4
-1	255	6	6
-1	194	5	3
-1	217	8	4
-1	152	6	8
-1	174	3	3
-1	274	8	7
-1	106	9	2
-1	124	2	7
-1	293	6	6
-1	290	1	9
-1	300	7	8
-1	110	6	2
-1	268	2	6
-1	193	3	7
-1	194	2	9
-1	238	8	9
DDW
196	230
167	173
200	230
119	139
247	263
180	208
208	226
144	160
169	179
271	277
98	114
117	131
275	311
267	313
276	324
101	119
252	284
185	201
192	196
221	255
