HFSDDW
20	6	3
0	15	1	90	2	16
0	86	1	64	2	97
0	67	1	92	2	92
0	79	1	65	2	16
0	36	1	43	2	2
0	72	1	24	2	19
0	31	1	41	2	91
0	8	1	67	2	78
0	19	1	67	2	50
0	12	1	8	2	20
0	53	1	31	2	32
0	77	1	22	2	42
0	71	1	72	2	18
0	98	1	39	2	45
0	73	1	99	2	54
0	73	1	14	2	87
0	42	1	67	2	96
0	49	1	44	2	20
0	93	1	8	2	23
0	38	1	67	2	97
LBCmax: 581
RELDUE
-1	229	5	6
-1	239	7	4
-1	272	3	1
-1	258	8	2
-1	204	8	2
-1	214	2	4
-1	271	1	2
-1	241	5	8
-1	198	6	1
-1	244	7	2
-1	174	9	6
-1	234	6	8
-1	175	6	5
-1	212	5	1
-1	176	2	5
-1	228	7	6
-1	214	2	3
-1	252	4	8
-1	201	8	4
-1	226	5	3
DDW
218	240
220	258
250	294
255	261
194	214
199	229
257	285
219	263
180	216
239	249
158	190
225	243
158	192
210	214
165	187
205	251
193	235
229	275
185	217
208	244
