HFSDDW
15	9	3
0	28	1	33	2	29
0	98	1	1	2	62
0	81	1	47	2	27
0	85	1	96	2	53
0	73	1	61	2	80
0	4	1	77	2	24
0	89	1	40	2	10
0	66	1	4	2	84
0	27	1	47	2	1
0	27	1	94	2	65
0	58	1	47	2	82
0	39	1	73	2	24
0	8	1	15	2	20
0	70	1	66	2	26
0	14	1	84	2	5
LBCmax: 307
RELDUE
-1	369	6	5
-1	170	5	6
-1	227	3	5
-1	260	7	4
-1	106	8	6
-1	353	9	6
-1	111	1	2
-1	216	7	8
-1	314	5	2
-1	164	8	4
-1	281	2	6
-1	182	7	9
-1	227	8	5
-1	313	1	1
-1	255	2	2
DDW
299	439
148	192
207	247
224	296
104	108
342	364
94	128
192	240
276	352
146	182
270	292
147	217
200	254
250	376
250	260
