HFSDDW
20	12	4
0	36	1	83	2	56	3	76
0	70	1	97	2	37	3	23
0	24	1	79	2	8	3	76
0	70	1	88	2	12	3	57
0	26	1	92	2	40	3	34
0	32	1	40	2	30	3	49
0	25	1	96	2	45	3	73
0	47	1	74	2	77	3	27
0	86	1	67	2	65	3	7
0	98	1	26	2	95	3	34
0	3	1	83	2	80	3	24
0	92	1	64	2	78	3	5
0	75	1	19	2	44	3	12
0	7	1	82	2	4	3	95
0	53	1	7	2	51	3	74
0	53	1	63	2	75	3	49
0	2	1	81	2	89	3	4
0	24	1	6	2	58	3	1
0	97	1	7	2	31	3	48
0	59	1	6	2	57	3	61
LBCmax: 452
RELDUE
-1	93	7	7
-1	155	8	7
-1	312	6	4
-1	121	2	1
-1	126	5	6
-1	223	4	5
-1	98	5	9
-1	56	6	2
-1	217	6	5
-1	235	2	4
-1	189	6	8
-1	295	4	5
-1	247	5	6
-1	101	3	7
-1	265	3	9
-1	151	4	3
-1	67	8	5
-1	130	8	4
-1	105	6	3
-1	75	7	8
DDW
83	103
149	161
278	346
119	123
117	135
219	227
89	107
46	66
189	245
202	268
161	217
257	333
240	254
83	119
238	292
124	178
62	72
122	138
101	109
60	90
