HFSDDW
15	12	4
0	65	1	99	2	25	3	89
0	39	1	69	2	73	3	4
0	84	1	22	2	96	3	88
0	27	1	93	2	43	3	48
0	25	1	82	2	36	3	86
0	43	1	50	2	19	3	25
0	35	1	96	2	67	3	43
0	56	1	25	2	42	3	37
0	66	1	22	2	53	3	95
0	10	1	57	2	83	3	18
0	65	1	16	2	93	3	58
0	87	1	50	2	3	3	21
0	9	1	14	2	9	3	6
0	53	1	80	2	5	3	15
0	81	1	1	2	54	3	43
LBCmax: 353
RELDUE
-1	111	3	6
-1	170	6	4
-1	206	8	9
-1	234	5	4
-1	274	4	2
-1	231	4	8
-1	154	8	2
-1	116	4	2
-1	191	1	1
-1	207	4	2
-1	187	4	7
-1	248	4	8
-1	315	3	3
-1	144	9	8
-1	152	6	7
DDW
101	121
167	173
192	220
206	262
230	318
203	259
146	162
101	131
164	218
186	228
165	209
198	298
309	321
131	157
138	166
