HFSDDW
20	6	3
0	50	1	64	2	72
0	77	1	46	2	54
0	45	1	49	2	80
0	96	1	44	2	84
0	10	1	95	2	69
0	82	1	85	2	34
0	78	1	12	2	86
0	42	1	6	2	8
0	33	1	58	2	50
0	41	1	93	2	11
0	81	1	29	2	65
0	3	1	11	2	8
0	61	1	13	2	56
0	74	1	35	2	66
0	46	1	93	2	40
0	66	1	57	2	49
0	15	1	74	2	78
0	7	1	51	2	54
0	22	1	8	2	58
0	64	1	45	2	88
LBCmax: 595
RELDUE
-1	73	1	1
-1	73	3	2
-1	259	3	7
-1	306	8	2
-1	113	8	1
-1	112	5	9
-1	125	7	7
-1	85	7	3
-1	361	1	7
-1	278	8	3
-1	133	5	5
-1	318	6	5
-1	334	5	1
-1	73	3	5
-1	331	8	1
-1	133	1	5
-1	403	9	8
-1	103	8	1
-1	301	7	4
-1	297	4	4
DDW
67	79
72	74
243	275
254	358
110	116
106	118
124	126
83	87
336	386
253	303
129	137
305	331
311	357
66	80
318	344
118	148
371	435
88	118
259	343
279	315
