HFSDDW
20	8	4
0	12	1	19	2	57	3	50
0	65	1	93	2	37	3	41
0	34	1	34	2	72	3	42
0	42	1	85	2	1	3	39
0	31	1	64	2	53	3	50
0	73	1	59	2	38	3	89
0	67	1	31	2	81	3	67
0	3	1	83	2	4	3	93
0	13	1	11	2	23	3	68
0	57	1	77	2	35	3	84
0	28	1	20	2	43	3	8
0	37	1	41	2	80	3	56
0	57	1	52	2	80	3	71
0	48	1	19	2	73	3	53
0	81	1	68	2	83	3	34
0	13	1	69	2	38	3	51
0	31	1	79	2	30	3	31
0	63	1	32	2	81	3	53
0	29	1	69	2	23	3	54
0	16	1	30	2	52	3	26
LBCmax: 598
RELDUE
-1	239	2	5
-1	153	9	3
-1	97	7	3
-1	242	4	8
-1	72	9	2
-1	175	4	5
-1	226	2	6
-1	396	8	8
-1	197	6	8
-1	312	5	9
-1	374	3	4
-1	382	9	9
-1	400	4	9
-1	62	6	3
-1	318	9	6
-1	270	7	3
-1	354	5	9
-1	393	2	1
-1	336	3	8
-1	270	8	7
DDW
217	261
142	164
87	107
237	247
69	75
168	182
208	244
380	412
193	201
284	340
337	411
344	420
380	420
57	67
308	328
248	292
333	375
389	397
306	366
248	292
