HFSDDW
20	8	4
0	98	1	18	2	86	3	3
0	39	1	40	2	17	3	21
0	36	1	72	2	31	3	34
0	28	1	53	2	89	3	34
0	71	1	46	2	22	3	19
0	2	1	35	2	50	3	11
0	60	1	82	2	33	3	55
0	57	1	56	2	28	3	24
0	92	1	84	2	18	3	20
0	64	1	71	2	19	3	76
0	99	1	97	2	40	3	22
0	15	1	62	2	62	3	74
0	57	1	59	2	78	3	56
0	49	1	33	2	59	3	63
0	68	1	75	2	42	3	57
0	8	1	61	2	63	3	79
0	44	1	8	2	41	3	43
0	36	1	69	2	69	3	1
0	28	1	45	2	20	3	4
0	95	1	28	2	96	3	98
LBCmax: 598
RELDUE
-1	177	2	2
-1	410	4	8
-1	648	9	8
-1	649	3	1
-1	526	2	6
-1	490	7	4
-1	503	8	4
-1	421	4	5
-1	208	6	6
-1	390	1	7
-1	372	3	8
-1	595	2	8
-1	234	2	8
-1	426	7	6
-1	471	7	8
-1	290	7	4
-1	269	5	8
-1	426	8	1
-1	525	2	1
-1	107	1	9
DDW
168	186
377	443
616	680
604	694
479	573
480	500
493	513
383	459
202	214
382	398
342	402
547	643
218	250
422	430
433	509
276	304
266	272
400	452
483	567
105	109
