HFSDDW
20	12	4
0	6	1	33	2	26	3	1
0	8	1	68	2	66	3	49
0	64	1	98	2	11	3	43
0	9	1	80	2	18	3	92
0	7	1	69	2	24	3	81
0	41	1	74	2	18	3	20
0	91	1	76	2	97	3	60
0	63	1	13	2	50	3	49
0	65	1	4	2	97	3	77
0	65	1	74	2	64	3	95
0	80	1	47	2	48	3	38
0	83	1	31	2	13	3	51
0	49	1	85	2	32	3	42
0	77	1	20	2	56	3	32
0	16	1	7	2	9	3	32
0	71	1	7	2	86	3	52
0	48	1	62	2	77	3	5
0	82	1	41	2	28	3	33
0	5	1	28	2	1	3	94
0	27	1	80	2	36	3	61
LBCmax: 417
RELDUE
-1	224	5	1
-1	150	7	1
-1	4	6	9
-1	283	4	5
-1	295	2	6
-1	0	1	4
-1	256	7	5
-1	151	7	3
-1	155	9	1
-1	233	7	4
-1	214	9	3
-1	202	6	2
-1	232	8	7
-1	94	7	7
-1	61	1	3
-1	266	4	3
-1	210	9	2
-1	360	1	6
-1	335	7	1
-1	46	2	8
DDW
190	258
142	158
4	4
235	331
257	333
0	0
210	302
145	157
135	175
186	280
180	248
180	224
218	246
84	104
57	65
253	279
189	231
320	400
315	355
38	54
