HFSDDW
15	9	3
0	91	1	55	2	71
0	21	1	50	2	77
0	48	1	74	2	74
0	8	1	47	2	2
0	25	1	16	2	14
0	16	1	8	2	19
0	51	1	43	2	19
0	82	1	84	2	90
0	26	1	96	2	11
0	60	1	25	2	65
0	79	1	91	2	43
0	81	1	51	2	46
0	79	1	28	2	41
0	94	1	39	2	39
0	20	1	62	2	19
LBCmax: 317
RELDUE
-1	302	6	8
-1	323	5	1
-1	46	3	5
-1	310	6	4
-1	209	6	7
-1	229	4	8
-1	138	8	6
-1	313	1	8
-1	207	6	3
-1	267	7	4
-1	61	1	1
-1	255	7	7
-1	290	1	5
-1	333	1	8
-1	201	1	4
DDW
278	326
291	355
44	48
282	338
203	215
215	243
126	150
307	319
199	215
248	286
59	63
242	268
278	302
323	343
197	205
