HFSDDW
20	4	2
0	40	1	72
0	84	1	66
0	69	1	16
0	44	1	53
0	42	1	72
0	63	1	87
0	44	1	23
0	57	1	63
0	83	1	56
0	78	1	56
0	93	1	30
0	76	1	79
0	16	1	60
0	42	1	5
0	36	1	25
0	98	1	56
0	31	1	8
0	77	1	19
0	40	1	34
0	42	1	30
LBCmax: 584
RELDUE
-1	361	7	4
-1	439	2	2
-1	386	7	1
-1	345	6	4
-1	328	5	4
-1	470	3	5
-1	487	2	5
-1	552	4	5
-1	305	1	6
-1	579	7	6
-1	580	1	7
-1	440	1	5
-1	408	4	6
-1	327	3	2
-1	424	7	7
-1	327	3	4
-1	628	8	3
-1	309	5	8
-1	470	3	1
-1	323	4	1
DDW
292	430
421	457
363	409
297	393
289	367
437	503
458	516
458	646
259	351
475	683
568	592
405	475
375	441
268	386
420	428
320	334
578	678
269	349
400	540
310	336
