HFSDDW
15	9	3
0	22	1	2	2	22
0	98	1	39	2	9
0	11	1	64	2	35
0	32	1	4	2	82
0	63	1	82	2	75
0	43	1	60	2	20
0	76	1	63	2	34
0	21	1	39	2	9
0	62	1	12	2	2
0	62	1	25	2	17
0	31	1	1	2	74
0	81	1	58	2	50
0	85	1	12	2	76
0	4	1	83	2	98
0	8	1	35	2	6
LBCmax: 261
RELDUE
-1	154	1	5
-1	103	4	2
-1	259	1	1
-1	292	1	8
-1	109	3	3
-1	234	6	5
-1	264	4	7
-1	286	8	4
-1	170	2	1
-1	272	1	3
-1	81	1	3
-1	242	8	2
-1	111	6	6
-1	171	2	4
-1	151	1	6
DDW
126	182
88	118
218	300
263	321
87	131
215	253
232	296
235	337
158	182
269	275
77	85
227	257
100	122
150	192
134	168
