HFSDDW
20	6	2
0	17	1	25
0	62	1	67
0	83	1	98
0	88	1	89
0	71	1	41
0	67	1	97
0	45	1	87
0	48	1	70
0	74	1	5
0	24	1	99
0	92	1	60
0	82	1	11
0	19	1	61
0	45	1	31
0	45	1	26
0	2	1	14
0	5	1	43
0	50	1	10
0	22	1	29
0	88	1	11
LBCmax: 352
RELDUE
-1	196	5	6
-1	239	5	5
-1	242	4	5
-1	236	9	1
-1	215	4	4
-1	240	5	5
-1	213	2	2
-1	188	7	1
-1	223	6	9
-1	176	5	3
-1	245	1	3
-1	212	6	4
-1	214	3	5
-1	194	6	7
-1	226	7	9
-1	216	7	7
-1	205	8	6
-1	212	6	7
-1	210	5	5
-1	192	5	1
DDW
157	235
215	263
201	283
222	250
191	239
214	266
196	230
171	205
196	250
151	201
198	292
193	231
171	257
186	202
219	233
203	229
166	244
210	214
202	218
156	228
