HFSDDW
15	12	4
0	2	1	35	2	32	3	54
0	16	1	69	2	83	3	99
0	74	1	50	2	90	3	67
0	99	1	55	2	38	3	83
0	47	1	33	2	1	3	27
0	51	1	47	2	52	3	44
0	86	1	88	2	72	3	98
0	92	1	57	2	71	3	44
0	50	1	50	2	59	3	36
0	74	1	44	2	29	3	67
0	11	1	12	2	29	3	92
0	82	1	90	2	61	3	1
0	4	1	12	2	83	3	99
0	93	1	1	2	87	3	55
0	83	1	87	2	67	3	28
LBCmax: 414
RELDUE
-1	361	4	2
-1	309	6	6
-1	0	9	3
-1	28	7	9
-1	285	8	7
-1	150	7	5
-1	29	5	6
-1	164	1	5
-1	357	8	7
-1	0	1	7
-1	0	3	1
-1	0	2	2
-1	0	4	7
-1	98	2	1
-1	24	1	1
DDW
300	422
247	371
0	0
23	33
256	314
138	162
28	30
154	174
303	411
0	0
0	0
0	0
0	0
89	107
24	24
