HFSDDW
20	6	3
0	92	1	19	2	23
0	95	1	48	2	89
0	65	1	33	2	55
0	81	1	48	2	11
0	68	1	63	2	96
0	78	1	13	2	2
0	80	1	23	2	78
0	67	1	13	2	73
0	82	1	33	2	7
0	42	1	9	2	73
0	27	1	34	2	17
0	66	1	32	2	45
0	63	1	88	2	20
0	56	1	99	2	12
0	97	1	99	2	78
0	6	1	7	2	22
0	26	1	95	2	59
0	97	1	75	2	43
0	30	1	25	2	6
0	50	1	13	2	15
LBCmax: 656
RELDUE
-1	740	3	8
-1	349	2	2
-1	356	2	3
-1	734	6	7
-1	553	4	1
-1	285	4	2
-1	811	7	1
-1	209	7	7
-1	398	8	2
-1	535	5	6
-1	301	2	1
-1	352	9	7
-1	736	8	4
-1	355	2	5
-1	350	2	6
-1	632	5	9
-1	654	5	4
-1	283	8	9
-1	823	1	1
-1	701	7	3
DDW
696	784
342	356
331	381
712	756
542	564
282	288
770	852
192	226
374	422
508	562
277	325
331	373
684	788
341	369
326	374
613	651
589	719
269	297
790	856
645	757
