HFSDDW
20	8	4
0	8	1	31	2	39	3	56
0	79	1	41	2	33	3	26
0	83	1	52	2	57	3	23
0	68	1	55	2	47	3	18
0	18	1	2	2	87	3	35
0	90	1	71	2	78	3	93
0	65	1	79	2	74	3	3
0	23	1	69	2	9	3	25
0	95	1	48	2	2	3	66
0	83	1	72	2	34	3	48
0	75	1	76	2	98	3	94
0	28	1	76	2	93	3	83
0	15	1	4	2	62	3	13
0	32	1	24	2	15	3	37
0	53	1	46	2	90	3	99
0	67	1	31	2	4	3	15
0	43	1	33	2	27	3	20
0	54	1	81	2	34	3	45
0	68	1	39	2	60	3	14
0	73	1	83	2	66	3	89
LBCmax: 623
RELDUE
-1	597	5	7
-1	628	3	4
-1	609	7	2
-1	185	4	9
-1	102	6	1
-1	664	6	7
-1	639	8	1
-1	509	2	7
-1	272	4	8
-1	471	1	5
-1	143	4	6
-1	300	8	8
-1	575	7	9
-1	272	6	4
-1	571	6	2
-1	341	4	9
-1	516	3	7
-1	581	4	2
-1	384	6	5
-1	654	5	9
DDW
561	633
565	691
603	615
178	192
101	103
631	697
601	677
463	555
267	277
466	476
142	144
273	327
529	621
269	275
537	605
307	375
470	562
552	610
357	411
602	706
