HFSDDW
15	9	3
0	4	1	62	2	65
0	59	1	64	2	74
0	4	1	32	2	69
0	75	1	59	2	84
0	22	1	11	2	4
0	89	1	44	2	97
0	8	1	7	2	35
0	65	1	80	2	30
0	43	1	19	2	45
0	39	1	21	2	92
0	90	1	68	2	26
0	79	1	64	2	91
0	20	1	59	2	36
0	82	1	66	2	90
0	90	1	50	2	53
LBCmax: 345
RELDUE
-1	112	3	6
-1	190	1	7
-1	256	8	9
-1	1	6	4
-1	126	5	2
-1	0	7	8
-1	269	6	3
-1	91	4	4
-1	50	7	3
-1	98	7	1
-1	98	5	6
-1	246	3	7
-1	89	9	1
-1	19	3	1
-1	122	4	3
DDW
110	114
158	222
233	279
1	1
112	140
0	0
226	312
88	94
43	57
85	111
81	115
234	258
82	96
15	23
102	142
