HFSDDW
15	9	3
0	18	1	9	2	31
0	69	1	50	2	21
0	91	1	8	2	2
0	16	1	54	2	19
0	6	1	80	2	24
0	50	1	69	2	94
0	6	1	92	2	95
0	63	1	29	2	56
0	59	1	14	2	7
0	10	1	18	2	29
0	58	1	38	2	46
0	96	1	56	2	14
0	95	1	89	2	93
0	64	1	36	2	21
0	91	1	88	2	58
LBCmax: 289
RELDUE
-1	240	2	8
-1	83	9	7
-1	143	6	2
-1	170	7	1
-1	148	3	1
-1	113	5	8
-1	0	1	4
-1	239	6	7
-1	71	7	4
-1	0	9	6
-1	127	7	5
-1	201	4	6
-1	189	8	5
-1	1	5	2
-1	77	8	1
DDW
230	250
81	85
132	154
160	180
141	155
106	120
0	0
234	244
68	74
0	0
123	131
195	207
181	197
1	1
76	78
