HFSDDW
20	6	2
0	37	1	12
0	41	1	44
0	70	1	94
0	69	1	5
0	5	1	45
0	39	1	35
0	66	1	71
0	26	1	24
0	75	1	73
0	50	1	94
0	40	1	2
0	99	1	82
0	69	1	86
0	94	1	81
0	31	1	45
0	15	1	38
0	13	1	47
0	94	1	65
0	47	1	7
0	2	1	18
LBCmax: 332
RELDUE
-1	206	1	8
-1	140	7	6
-1	43	3	1
-1	124	2	2
-1	40	7	6
-1	54	7	7
-1	87	7	3
-1	167	1	8
-1	115	9	5
-1	153	8	6
-1	151	6	3
-1	120	4	7
-1	56	8	7
-1	118	3	7
-1	76	3	6
-1	105	5	8
-1	56	3	2
-1	149	2	9
-1	182	8	5
-1	199	2	1
DDW
187	225
139	141
39	47
113	135
36	44
49	59
80	94
154	180
110	120
147	159
143	159
113	127
52	60
116	120
74	78
97	113
53	59
148	150
167	197
185	213
