HFSDDW
20	9	3
0	25	1	76	2	10
0	95	1	9	2	74
0	44	1	49	2	29
0	47	1	86	2	80
0	18	1	28	2	20
0	79	1	56	2	26
0	90	1	41	2	43
0	81	1	55	2	52
0	68	1	94	2	10
0	36	1	4	2	90
0	48	1	33	2	38
0	22	1	41	2	72
0	54	1	45	2	21
0	26	1	30	2	3
0	27	1	42	2	31
0	8	1	79	2	13
0	54	1	34	2	27
0	9	1	77	2	58
0	1	1	43	2	22
0	58	1	28	2	14
LBCmax: 343
RELDUE
-1	236	2	9
-1	119	8	7
-1	197	6	4
-1	181	5	8
-1	307	2	9
-1	212	5	9
-1	190	2	1
-1	300	6	2
-1	283	6	9
-1	201	4	7
-1	156	6	8
-1	126	3	1
-1	114	1	2
-1	236	1	2
-1	126	5	6
-1	186	8	1
-1	216	4	7
-1	129	9	7
-1	147	3	7
-1	227	7	6
DDW
212	260
111	127
181	213
165	197
276	338
206	218
171	209
270	330
280	286
183	219
142	170
117	135
106	122
224	248
113	139
179	193
199	233
119	139
137	157
216	238
