HFSDDW
15	6	3
0	57	1	12	2	74
0	47	1	68	2	34
0	83	1	70	2	93
0	46	1	22	2	55
0	56	1	60	2	96
0	86	1	35	2	42
0	49	1	12	2	91
0	53	1	13	2	53
0	21	1	64	2	22
0	55	1	21	2	99
0	8	1	43	2	65
0	39	1	64	2	46
0	55	1	82	2	37
0	9	1	82	2	95
0	81	1	88	2	94
LBCmax: 554
RELDUE
-1	381	2	3
-1	451	5	9
-1	594	4	8
-1	302	9	2
-1	500	9	5
-1	365	3	5
-1	279	1	4
-1	285	3	9
-1	456	7	3
-1	290	6	9
-1	291	2	3
-1	605	5	5
-1	348	7	1
-1	365	4	2
-1	292	4	6
DDW
362	400
433	469
558	630
290	314
450	550
343	387
265	293
259	311
433	479
284	296
276	306
581	629
313	383
343	387
280	304
