HFSDDW
15	8	4
0	63	1	5	2	89	3	67
0	7	1	41	2	6	3	11
0	56	1	9	2	46	3	77
0	46	1	13	2	93	3	53
0	60	1	1	2	76	3	2
0	39	1	29	2	81	3	91
0	80	1	1	2	27	3	54
0	48	1	9	2	78	3	9
0	24	1	93	2	59	3	88
0	56	1	93	2	76	3	12
0	86	1	49	2	53	3	69
0	63	1	45	2	83	3	13
0	89	1	22	2	29	3	44
0	6	1	86	2	7	3	35
0	23	1	98	2	86	3	7
LBCmax: 507
RELDUE
-1	20	9	7
-1	208	2	3
-1	266	4	2
-1	192	2	6
-1	99	3	8
-1	138	4	1
-1	223	4	8
-1	214	3	6
-1	222	6	1
-1	0	7	9
-1	441	4	8
-1	283	1	4
-1	76	3	9
-1	278	3	6
-1	27	8	3
DDW
19	21
204	212
253	279
177	207
97	101
130	146
219	227
199	229
209	235
0	0
397	485
258	308
73	79
259	297
24	30
