HFSDDW
15	12	4
0	99	1	42	2	64	3	48
0	58	1	17	2	33	3	23
0	82	1	14	2	52	3	98
0	4	1	70	2	97	3	86
0	43	1	1	2	14	3	93
0	87	1	71	2	88	3	32
0	22	1	5	2	50	3	42
0	93	1	51	2	23	3	63
0	96	1	12	2	30	3	19
0	64	1	27	2	55	3	7
0	91	1	63	2	34	3	80
0	79	1	1	2	1	3	42
0	65	1	11	2	55	3	22
0	12	1	9	2	15	3	29
0	54	1	33	2	26	3	53
LBCmax: 376
RELDUE
-1	263	3	4
-1	316	1	5
-1	178	2	1
-1	184	1	7
-1	319	8	9
-1	314	1	5
-1	117	8	9
-1	320	1	6
-1	205	3	1
-1	292	1	4
-1	162	1	4
-1	151	1	8
-1	215	9	9
-1	129	1	1
-1	117	8	8
DDW
252	274
291	341
176	180
182	186
287	351
283	345
111	123
291	349
203	207
277	307
152	172
148	154
204	226
124	134
105	129
