HFSDDW
20	4	2
0	32	1	7
0	58	1	30
0	15	1	83
0	89	1	82
0	14	1	52
0	99	1	63
0	78	1	18
0	86	1	33
0	8	1	75
0	37	1	12
0	50	1	91
0	32	1	59
0	26	1	48
0	41	1	92
0	63	1	92
0	83	1	76
0	99	1	78
0	7	1	15
0	27	1	86
0	88	1	11
LBCmax: 559
RELDUE
-1	249	4	9
-1	608	2	2
-1	267	7	3
-1	521	6	1
-1	495	1	7
-1	583	1	2
-1	78	8	3
-1	155	7	5
-1	179	5	5
-1	527	8	3
-1	385	4	3
-1	284	7	8
-1	131	4	4
-1	198	6	7
-1	241	5	6
-1	285	4	3
-1	474	8	2
-1	612	7	4
-1	78	8	2
-1	430	2	5
DDW
232	266
602	614
262	272
469	573
416	574
536	630
69	87
127	183
161	197
437	617
316	454
267	301
126	136
168	228
229	253
274	296
446	502
557	667
64	92
404	456
