HFSDDW
20	6	3
0	26	1	77	2	7
0	44	1	68	2	82
0	45	1	99	2	2
0	10	1	13	2	49
0	8	1	6	2	1
0	40	1	43	2	62
0	9	1	29	2	11
0	95	1	21	2	27
0	29	1	27	2	35
0	89	1	17	2	5
0	16	1	6	2	75
0	85	1	82	2	56
0	44	1	43	2	9
0	26	1	5	2	17
0	19	1	35	2	8
0	66	1	93	2	48
0	24	1	12	2	5
0	99	1	46	2	12
0	35	1	31	2	56
0	80	1	16	2	42
LBCmax: 461
RELDUE
-1	270	4	8
-1	294	6	1
-1	368	1	2
-1	407	6	6
-1	400	5	5
-1	158	9	6
-1	343	3	7
-1	201	8	5
-1	201	4	2
-1	262	4	9
-1	405	9	7
-1	138	3	8
-1	285	2	1
-1	369	5	6
-1	203	8	4
-1	400	5	7
-1	351	6	5
-1	376	1	6
-1	191	9	8
-1	312	9	8
DDW
243	297
288	300
313	423
346	468
360	440
147	169
292	394
165	237
197	205
220	304
352	458
121	155
256	314
354	384
173	233
348	452
305	397
308	444
157	225
250	374
