HFSDDW
20	4	2
0	80	1	75
0	1	1	44
0	65	1	90
0	82	1	81
0	85	1	96
0	50	1	46
0	87	1	10
0	79	1	22
0	22	1	12
0	86	1	79
0	38	1	5
0	42	1	89
0	37	1	9
0	98	1	16
0	92	1	67
0	5	1	49
0	51	1	37
0	23	1	90
0	74	1	50
0	10	1	25
LBCmax: 561
RELDUE
-1	234	9	6
-1	191	8	2
-1	215	9	1
-1	242	9	5
-1	271	8	8
-1	168	5	7
-1	259	1	6
-1	272	2	2
-1	218	6	7
-1	254	9	4
-1	185	3	1
-1	241	7	2
-1	221	5	4
-1	228	1	9
-1	241	7	5
-1	252	6	6
-1	206	4	5
-1	180	3	9
-1	175	3	3
-1	231	7	9
DDW
232	236
178	204
211	219
213	271
255	287
153	183
225	293
223	321
203	233
229	279
179	191
212	270
214	228
196	260
227	255
207	297
165	247
153	207
150	200
206	256
