HFSDDW
15	8	4
0	20	1	47	2	24	3	96
0	52	1	19	2	4	3	93
0	55	1	49	2	80	3	24
0	50	1	71	2	78	3	46
0	2	1	72	2	54	3	57
0	93	1	24	2	10	3	88
0	21	1	76	2	87	3	26
0	62	1	96	2	58	3	81
0	67	1	27	2	89	3	15
0	86	1	86	2	69	3	25
0	12	1	18	2	78	3	59
0	89	1	57	2	11	3	28
0	2	1	33	2	35	3	98
0	99	1	58	2	87	3	96
0	37	1	36	2	76	3	75
LBCmax: 526
RELDUE
-1	152	7	5
-1	298	5	9
-1	151	6	6
-1	238	6	3
-1	342	3	6
-1	364	6	8
-1	231	1	4
-1	126	9	8
-1	312	5	1
-1	254	9	9
-1	240	4	8
-1	99	2	7
-1	61	9	1
-1	144	8	5
-1	195	4	7
DDW
149	155
268	328
139	163
233	243
335	349
342	386
210	252
121	131
306	318
249	259
221	259
93	105
60	62
130	158
187	203
