HFSDDW
20	4	2
0	64	1	36
0	52	1	53
0	74	1	74
0	11	1	96
0	59	1	76
0	6	1	33
0	8	1	36
0	7	1	95
0	47	1	90
0	74	1	26
0	5	1	60
0	83	1	29
0	94	1	51
0	5	1	25
0	7	1	82
0	39	1	55
0	14	1	47
0	49	1	76
0	60	1	41
0	39	1	74
LBCmax: 583
RELDUE
-1	257	7	8
-1	630	9	7
-1	738	4	5
-1	500	2	6
-1	226	8	3
-1	252	4	1
-1	442	5	9
-1	751	2	3
-1	462	6	3
-1	634	2	8
-1	720	1	1
-1	701	7	3
-1	289	9	5
-1	506	4	6
-1	606	7	5
-1	197	3	4
-1	485	8	2
-1	309	1	3
-1	520	8	2
-1	312	2	6
DDW
208	306
523	737
716	760
480	520
206	246
207	297
407	477
721	781
416	508
571	697
655	785
659	743
286	292
425	587
582	630
171	223
470	500
269	349
426	614
256	368
