HFSDDW
15	6	3
0	31	1	90	2	32
0	94	1	80	2	85
0	28	1	32	2	32
0	42	1	22	2	78
0	16	1	91	2	42
0	40	1	39	2	96
0	15	1	73	2	35
0	35	1	77	2	64
0	60	1	66	2	46
0	97	1	1	2	76
0	99	1	86	2	15
0	22	1	30	2	7
0	1	1	90	2	24
0	50	1	38	2	35
0	80	1	1	2	50
LBCmax: 430
RELDUE
-1	65	4	3
-1	289	3	5
-1	110	4	4
-1	393	6	9
-1	431	6	4
-1	232	4	5
-1	249	7	6
-1	270	4	9
-1	293	5	7
-1	427	2	5
-1	453	1	3
-1	99	2	1
-1	337	3	5
-1	190	4	6
-1	103	3	4
DDW
58	72
277	301
103	117
389	397
422	440
230	234
247	251
262	278
275	311
418	436
430	476
92	106
317	357
180	200
97	109
