HFSDDW
20	6	3
0	94	1	21	2	3
0	5	1	39	2	53
0	49	1	10	2	39
0	23	1	54	2	61
0	77	1	92	2	48
0	48	1	80	2	63
0	27	1	28	2	65
0	12	1	70	2	59
0	96	1	81	2	68
0	5	1	89	2	31
0	25	1	16	2	37
0	80	1	43	2	81
0	31	1	14	2	99
0	95	1	97	2	86
0	94	1	14	2	93
0	20	1	93	2	78
0	21	1	78	2	37
0	40	1	80	2	99
0	82	1	82	2	51
0	44	1	8	2	57
LBCmax: 647
RELDUE
-1	654	8	9
-1	497	8	1
-1	402	9	8
-1	358	4	4
-1	705	9	6
-1	472	3	8
-1	416	1	4
-1	702	1	5
-1	514	6	8
-1	583	2	5
-1	387	9	9
-1	583	3	5
-1	570	6	7
-1	442	7	5
-1	442	7	1
-1	630	6	9
-1	389	8	3
-1	541	7	9
-1	577	6	1
-1	626	2	2
DDW
647	661
408	586
398	406
294	422
649	761
444	500
362	470
667	737
493	535
490	676
375	399
542	624
519	621
429	455
367	517
510	750
338	440
503	579
519	635
595	657
