HFSDDW
20	8	4
0	58	1	75	2	19	3	64
0	77	1	93	2	78	3	36
0	67	1	23	2	66	3	93
0	41	1	31	2	52	3	36
0	88	1	26	2	83	3	96
0	21	1	10	2	65	3	80
0	36	1	41	2	33	3	92
0	93	1	25	2	49	3	74
0	1	1	32	2	92	3	72
0	95	1	41	2	68	3	7
0	27	1	72	2	49	3	3
0	5	1	16	2	2	3	59
0	41	1	64	2	71	3	1
0	27	1	92	2	39	3	49
0	10	1	38	2	28	3	36
0	61	1	85	2	43	3	42
0	74	1	92	2	92	3	10
0	39	1	80	2	40	3	48
0	57	1	76	2	69	3	49
0	60	1	62	2	75	3	21
LBCmax: 604
RELDUE
-1	179	3	9
-1	382	2	6
-1	252	3	3
-1	114	4	5
-1	266	3	9
-1	230	8	5
-1	224	6	1
-1	0	9	8
-1	501	4	2
-1	202	8	3
-1	316	5	8
-1	287	2	9
-1	15	2	8
-1	139	4	3
-1	214	3	3
-1	190	2	5
-1	117	4	6
-1	0	9	5
-1	114	5	9
-1	17	1	3
DDW
177	181
344	420
229	275
113	115
250	282
225	235
202	246
0	0
481	521
190	214
313	319
281	293
15	15
138	140
199	229
182	198
108	126
0	0
108	120
16	18
