HFSDDW
15	12	4
0	75	1	82	2	30	3	72
0	50	1	93	2	98	3	8
0	96	1	90	2	4	3	76
0	52	1	7	2	50	3	50
0	5	1	85	2	38	3	87
0	12	1	31	2	48	3	45
0	68	1	16	2	66	3	66
0	95	1	46	2	62	3	86
0	13	1	79	2	15	3	57
0	51	1	83	2	20	3	89
0	55	1	35	2	18	3	89
0	70	1	54	2	26	3	38
0	30	1	12	2	17	3	3
0	29	1	5	2	2	3	45
0	34	1	85	2	5	3	34
LBCmax: 369
RELDUE
-1	130	7	2
-1	134	6	7
-1	119	2	9
-1	147	3	4
-1	131	8	3
-1	123	6	6
-1	157	1	8
-1	164	7	3
-1	178	6	8
-1	179	8	6
-1	183	3	3
-1	126	7	6
-1	159	5	9
-1	146	5	5
-1	135	4	2
DDW
117	143
129	139
108	130
135	159
127	135
118	128
144	170
161	167
160	196
170	188
165	201
113	139
154	164
143	149
126	144
