HFSDDW
15	9	3
0	3	1	62	2	21
0	48	1	20	2	43
0	78	1	83	2	20
0	12	1	51	2	38
0	23	1	2	2	29
0	38	1	59	2	79
0	45	1	88	2	45
0	4	1	7	2	17
0	9	1	14	2	16
0	27	1	65	2	34
0	82	1	49	2	53
0	23	1	62	2	95
0	26	1	29	2	71
0	89	1	82	2	67
0	28	1	86	2	73
LBCmax: 291
RELDUE
-1	224	3	5
-1	205	2	8
-1	206	3	1
-1	103	8	1
-1	250	4	4
-1	144	2	3
-1	252	1	5
-1	162	1	8
-1	143	7	2
-1	122	4	3
-1	259	5	5
-1	185	2	7
-1	93	1	8
-1	155	1	2
-1	98	1	6
DDW
206	242
195	215
169	243
90	116
218	282
134	154
227	277
147	177
126	160
104	140
210	308
159	211
87	99
130	180
81	115
