HFSDDW
20	12	4
0	81	1	32	2	41	3	93
0	99	1	9	2	65	3	75
0	43	1	32	2	35	3	52
0	77	1	80	2	55	3	53
0	23	1	44	2	49	3	2
0	50	1	1	2	11	3	70
0	65	1	2	2	24	3	91
0	33	1	88	2	96	3	92
0	89	1	38	2	68	3	47
0	58	1	84	2	21	3	21
0	38	1	38	2	10	3	15
0	47	1	43	2	59	3	12
0	36	1	86	2	68	3	77
0	7	1	3	2	58	3	81
0	22	1	71	2	29	3	97
0	84	1	73	2	43	3	55
0	35	1	42	2	63	3	39
0	12	1	9	2	95	3	39
0	23	1	29	2	64	3	13
0	90	1	95	2	24	3	22
LBCmax: 434
RELDUE
-1	328	8	2
-1	248	1	3
-1	360	9	3
-1	338	5	7
-1	270	4	5
-1	265	9	3
-1	442	5	1
-1	442	5	7
-1	426	2	9
-1	444	4	2
-1	283	6	7
-1	443	6	3
-1	360	8	1
-1	279	8	9
-1	312	9	1
-1	384	2	4
-1	466	2	2
-1	359	4	3
-1	424	2	3
-1	227	6	9
DDW
305	351
246	250
342	378
324	352
243	297
238	292
424	460
420	464
396	456
413	475
269	297
399	487
349	371
259	299
296	328
380	388
433	499
330	388
403	445
207	247
