HFSDDW
20	6	3
0	52	1	17	2	68
0	65	1	19	2	13
0	77	1	97	2	69
0	41	1	10	2	54
0	27	1	23	2	65
0	22	1	53	2	25
0	50	1	46	2	42
0	25	1	57	2	73
0	18	1	5	2	20
0	45	1	38	2	74
0	92	1	66	2	69
0	44	1	7	2	43
0	90	1	65	2	73
0	3	1	92	2	81
0	84	1	76	2	12
0	74	1	92	2	3
0	8	1	15	2	62
0	69	1	36	2	96
0	12	1	27	2	59
0	95	1	48	2	15
LBCmax: 538
RELDUE
-1	261	2	2
-1	195	4	3
-1	225	2	3
-1	263	3	7
-1	214	3	8
-1	208	8	9
-1	254	2	6
-1	251	1	6
-1	178	2	9
-1	185	3	7
-1	195	8	1
-1	256	8	8
-1	217	8	7
-1	212	2	8
-1	219	4	5
-1	227	8	8
-1	205	4	1
-1	249	1	7
-1	228	9	4
-1	207	8	3
DDW
253	269
189	201
200	250
242	284
197	231
191	225
216	292
203	299
164	192
150	220
179	211
228	284
193	241
172	252
195	243
225	229
191	219
222	276
210	246
190	224
