HFSDDW
15	6	3
0	81	1	24	2	39
0	8	1	27	2	39
0	95	1	77	2	35
0	61	1	8	2	37
0	64	1	92	2	96
0	81	1	77	2	87
0	26	1	78	2	56
0	38	1	37	2	24
0	75	1	30	2	7
0	12	1	75	2	68
0	93	1	16	2	51
0	98	1	14	2	88
0	58	1	13	2	89
0	92	1	59	2	42
0	45	1	49	2	25
LBCmax: 505
RELDUE
-1	232	3	8
-1	151	1	6
-1	230	7	9
-1	217	8	6
-1	158	8	1
-1	248	3	6
-1	177	9	4
-1	235	2	2
-1	214	9	8
-1	167	9	9
-1	195	3	3
-1	240	5	7
-1	165	7	7
-1	184	4	8
-1	249	8	7
DDW
230	234
137	165
193	267
176	258
139	177
211	285
163	191
197	273
178	250
155	179
158	232
223	257
132	198
162	206
207	291
