HFSDDW
15	9	3
0	75	1	36	2	71
0	63	1	72	2	84
0	63	1	3	2	14
0	13	1	14	2	19
0	95	1	20	2	32
0	98	1	66	2	12
0	90	1	33	2	13
0	18	1	7	2	89
0	86	1	71	2	31
0	80	1	39	2	80
0	4	1	74	2	27
0	98	1	59	2	23
0	7	1	6	2	40
0	72	1	38	2	64
0	67	1	29	2	26
LBCmax: 345
RELDUE
-1	360	5	8
-1	201	6	4
-1	430	1	4
-1	434	9	9
-1	413	6	1
-1	136	9	6
-1	308	7	2
-1	205	9	5
-1	132	5	7
-1	263	6	2
-1	302	4	4
-1	205	8	5
-1	387	7	4
-1	367	5	2
-1	106	5	1
DDW
324	396
195	207
417	443
417	451
405	421
128	144
277	339
197	213
129	135
239	287
275	329
197	213
372	402
334	400
95	117
