HFSDDW
15	6	3
0	48	1	16	2	66
0	35	1	24	2	80
0	78	1	93	2	20
0	61	1	4	2	39
0	64	1	92	2	9
0	61	1	6	2	10
0	34	1	19	2	92
0	59	1	42	2	66
0	2	1	29	2	15
0	88	1	76	2	65
0	51	1	49	2	62
0	38	1	85	2	14
0	36	1	16	2	34
0	26	1	50	2	61
0	74	1	85	2	52
LBCmax: 410
RELDUE
-1	514	6	9
-1	241	2	5
-1	212	1	5
-1	266	7	3
-1	251	1	9
-1	416	3	9
-1	350	7	1
-1	407	7	3
-1	123	8	6
-1	391	2	1
-1	487	9	9
-1	426	5	5
-1	123	9	9
-1	256	8	6
-1	513	7	9
DDW
493	535
231	251
193	231
255	277
233	269
391	441
332	368
399	415
113	133
352	430
477	497
422	430
121	125
243	269
508	518
