HFSDDW
20	6	3
0	9	1	86	2	69
0	93	1	95	2	36
0	9	1	75	2	74
0	16	1	91	2	56
0	70	1	3	2	52
0	9	1	95	2	41
0	17	1	32	2	9
0	56	1	30	2	90
0	90	1	34	2	55
0	68	1	48	2	75
0	33	1	31	2	59
0	91	1	6	2	17
0	17	1	7	2	93
0	2	1	21	2	86
0	46	1	4	2	87
0	57	1	61	2	38
0	58	1	73	2	97
0	21	1	14	2	18
0	15	1	52	2	57
0	79	1	3	2	61
LBCmax: 609
RELDUE
-1	600	7	2
-1	452	1	7
-1	405	8	2
-1	668	2	4
-1	607	7	5
-1	527	6	4
-1	660	1	3
-1	591	2	8
-1	661	6	5
-1	435	2	3
-1	641	6	8
-1	631	4	3
-1	477	8	1
-1	362	7	9
-1	343	1	9
-1	387	4	3
-1	340	7	7
-1	397	9	6
-1	315	3	5
-1	429	2	7
DDW
546	654
398	506
401	409
608	728
510	704
469	585
541	779
567	615
529	793
409	461
558	724
549	713
472	482
304	420
292	394
317	457
286	394
326	468
255	375
369	489
