HFSDDW
20	12	4
0	52	1	16	2	12	3	98
0	88	1	14	2	57	3	94
0	19	1	25	2	36	3	61
0	50	1	23	2	57	3	7
0	45	1	10	2	86	3	66
0	65	1	46	2	89	3	64
0	48	1	53	2	90	3	34
0	97	1	74	2	45	3	14
0	90	1	20	2	63	3	32
0	89	1	55	2	99	3	38
0	77	1	38	2	56	3	88
0	89	1	74	2	9	3	8
0	49	1	39	2	57	3	75
0	13	1	14	2	29	3	6
0	26	1	48	2	51	3	35
0	24	1	24	2	97	3	45
0	79	1	23	2	70	3	31
0	59	1	25	2	17	3	90
0	10	1	48	2	89	3	28
0	90	1	2	2	74	3	74
LBCmax: 480
RELDUE
-1	362	1	7
-1	540	5	3
-1	555	3	7
-1	423	6	6
-1	222	3	1
-1	479	2	3
-1	145	7	7
-1	515	9	4
-1	581	4	4
-1	419	3	1
-1	175	2	9
-1	341	4	1
-1	163	2	7
-1	454	8	5
-1	214	4	4
-1	404	8	8
-1	337	9	1
-1	197	7	7
-1	186	4	6
-1	466	4	5
DDW
358	366
497	583
494	616
343	503
202	242
398	560
125	165
484	546
494	668
356	482
168	182
338	344
135	191
363	545
195	233
392	416
310	364
177	217
182	190
419	513
