HFSDDW
20	6	3
0	37	1	98	2	86
0	69	1	85	2	9
0	79	1	78	2	40
0	18	1	92	2	74
0	79	1	72	2	41
0	50	1	87	2	41
0	64	1	88	2	94
0	80	1	83	2	75
0	59	1	22	2	43
0	1	1	31	2	66
0	92	1	47	2	56
0	40	1	57	2	99
0	19	1	40	2	83
0	87	1	52	2	76
0	15	1	90	2	47
0	4	1	48	2	59
0	8	1	12	2	62
0	68	1	45	2	20
0	99	1	56	2	15
0	11	1	10	2	64
LBCmax: 612
RELDUE
-1	547	7	8
-1	597	9	2
-1	480	1	3
-1	578	1	4
-1	401	4	1
-1	475	8	1
-1	370	3	2
-1	453	2	7
-1	362	3	4
-1	457	6	1
-1	420	8	1
-1	480	4	7
-1	516	8	2
-1	588	2	7
-1	439	8	8
-1	372	9	2
-1	547	8	5
-1	647	9	8
-1	409	8	3
-1	510	7	1
DDW
520	574
543	651
432	528
566	590
377	425
461	489
363	377
435	471
340	384
425	489
382	458
466	494
501	531
570	606
408	470
346	398
525	569
628	666
393	425
464	556
