HFSDDW
20	12	4
0	67	1	53	2	58	3	26
0	12	1	3	2	65	3	76
0	23	1	19	2	96	3	25
0	81	1	40	2	70	3	98
0	31	1	37	2	73	3	94
0	39	1	25	2	80	3	92
0	2	1	27	2	15	3	96
0	52	1	93	2	22	3	11
0	14	1	98	2	44	3	54
0	95	1	8	2	3	3	73
0	47	1	98	2	82	3	47
0	93	1	55	2	87	3	52
0	29	1	71	2	56	3	55
0	59	1	94	2	33	3	43
0	73	1	65	2	24	3	84
0	87	1	69	2	24	3	29
0	96	1	86	2	12	3	83
0	95	1	16	2	3	3	24
0	34	1	1	2	48	3	40
0	43	1	33	2	99	3	46
LBCmax: 457
RELDUE
-1	153	4	1
-1	217	6	2
-1	230	7	3
-1	268	2	6
-1	149	5	9
-1	229	9	4
-1	189	6	8
-1	96	5	3
-1	224	1	4
-1	50	9	3
-1	269	4	9
-1	129	2	9
-1	276	4	7
-1	95	4	2
-1	279	2	7
-1	258	6	9
-1	250	8	9
-1	193	1	4
-1	185	1	5
-1	66	2	1
DDW
145	161
195	239
212	248
247	289
148	150
218	240
176	202
95	97
206	242
47	53
247	291
124	134
257	295
92	98
257	301
243	273
228	272
179	207
170	200
59	73
