HFSDDW
20	12	4
0	98	1	34	2	51	3	27
0	13	1	86	2	61	3	67
0	89	1	84	2	95	3	5
0	73	1	50	2	89	3	98
0	5	1	43	2	16	3	4
0	10	1	25	2	79	3	2
0	70	1	80	2	88	3	10
0	87	1	54	2	35	3	11
0	87	1	62	2	9	3	54
0	27	1	99	2	47	3	2
0	12	1	38	2	24	3	8
0	77	1	49	2	39	3	60
0	51	1	47	2	91	3	51
0	44	1	46	2	64	3	73
0	54	1	49	2	56	3	33
0	97	1	52	2	80	3	36
0	49	1	84	2	17	3	11
0	41	1	36	2	72	3	5
0	95	1	14	2	91	3	72
0	1	1	71	2	25	3	21
LBCmax: 462
RELDUE
-1	330	3	3
-1	270	2	2
-1	408	7	8
-1	322	5	3
-1	429	5	9
-1	527	7	8
-1	448	3	4
-1	333	9	7
-1	589	9	4
-1	302	7	6
-1	597	2	7
-1	497	2	1
-1	342	4	9
-1	204	6	8
-1	157	1	3
-1	413	2	2
-1	402	2	3
-1	547	8	2
-1	408	1	4
-1	566	6	7
DDW
320	340
259	281
371	445
319	325
399	459
516	538
421	475
330	336
571	607
290	314
555	639
487	507
335	349
184	224
144	170
388	438
394	410
536	558
375	441
521	611
