HFSDDW
15	12	4
0	54	1	76	2	41	3	4
0	32	1	76	2	93	3	24
0	48	1	93	2	2	3	23
0	70	1	9	2	96	3	7
0	44	1	16	2	22	3	38
0	3	1	44	2	12	3	55
0	74	1	28	2	34	3	55
0	4	1	76	2	7	3	55
0	53	1	21	2	8	3	33
0	91	1	12	2	78	3	84
0	24	1	8	2	5	3	82
0	65	1	34	2	83	3	91
0	51	1	74	2	6	3	53
0	45	1	3	2	38	3	11
0	64	1	86	2	30	3	4
LBCmax: 309
RELDUE
-1	109	9	4
-1	102	3	9
-1	67	4	4
-1	165	4	1
-1	191	3	7
-1	117	5	1
-1	159	5	8
-1	123	9	7
-1	33	1	8
-1	149	7	4
-1	59	8	8
-1	91	3	9
-1	99	2	6
-1	99	3	9
-1	57	8	6
DDW
100	118
100	104
66	68
150	180
181	201
108	126
153	165
111	135
30	36
140	158
53	65
87	95
90	108
98	100
55	59
