HFSDDW
20	12	4
0	86	1	2	2	13	3	82
0	79	1	95	2	34	3	91
0	56	1	52	2	56	3	95
0	32	1	45	2	27	3	56
0	22	1	11	2	36	3	66
0	40	1	85	2	50	3	46
0	32	1	5	2	83	3	22
0	85	1	4	2	70	3	77
0	84	1	42	2	86	3	28
0	11	1	53	2	12	3	28
0	32	1	1	2	83	3	30
0	64	1	89	2	50	3	60
0	24	1	71	2	62	3	49
0	27	1	62	2	33	3	2
0	51	1	66	2	50	3	74
0	13	1	12	2	7	3	52
0	82	1	78	2	12	3	90
0	59	1	98	2	46	3	69
0	98	1	9	2	34	3	40
0	3	1	21	2	82	3	43
LBCmax: 433
RELDUE
-1	186	8	6
-1	103	1	3
-1	298	3	9
-1	80	5	2
-1	152	3	9
-1	98	9	3
-1	174	8	1
-1	101	2	9
-1	66	2	9
-1	263	1	6
-1	243	3	9
-1	159	8	7
-1	50	2	1
-1	140	6	6
-1	81	9	2
-1	96	5	7
-1	288	7	9
-1	122	6	9
-1	166	3	7
-1	267	9	5
DDW
171	201
99	107
268	328
78	82
138	166
93	103
162	186
91	111
65	67
255	271
241	245
157	161
49	51
127	153
76	86
87	105
265	311
118	126
164	168
259	275
