HFSDDW
20	6	2
0	17	1	97
0	31	1	44
0	77	1	67
0	8	1	64
0	40	1	69
0	5	1	84
0	45	1	31
0	8	1	11
0	13	1	25
0	88	1	40
0	44	1	41
0	57	1	3
0	65	1	57
0	45	1	69
0	3	1	7
0	83	1	47
0	89	1	13
0	89	1	26
0	26	1	98
0	39	1	45
LBCmax: 319
RELDUE
-1	245	2	4
-1	262	6	3
-1	303	8	6
-1	198	9	3
-1	313	4	8
-1	282	8	2
-1	266	8	4
-1	208	9	9
-1	302	6	4
-1	228	3	1
-1	248	1	2
-1	252	9	6
-1	319	6	4
-1	228	6	5
-1	186	9	2
-1	306	8	9
-1	235	2	2
-1	213	3	1
-1	312	9	4
-1	197	4	2
DDW
211	279
249	275
251	355
160	236
279	347
262	302
231	301
191	225
275	329
217	239
241	255
249	255
313	325
192	264
179	193
303	309
214	256
170	256
265	359
175	219
