HFSDDW
20	9	3
0	57	1	69	2	84
0	97	1	19	2	69
0	5	1	97	2	65
0	3	1	70	2	93
0	34	1	77	2	86
0	35	1	93	2	12
0	1	1	22	2	68
0	75	1	73	2	16
0	51	1	92	2	92
0	57	1	42	2	42
0	37	1	26	2	31
0	40	1	89	2	27
0	72	1	79	2	50
0	44	1	19	2	77
0	74	1	57	2	66
0	30	1	82	2	44
0	52	1	43	2	41
0	77	1	9	2	3
0	15	1	82	2	96
0	68	1	47	2	27
LBCmax: 417
RELDUE
-1	234	1	5
-1	160	1	9
-1	179	1	6
-1	98	2	3
-1	206	3	1
-1	153	3	1
-1	199	3	3
-1	276	7	7
-1	263	3	5
-1	192	9	2
-1	200	7	8
-1	77	6	9
-1	195	8	3
-1	185	2	5
-1	48	9	3
-1	269	8	8
-1	44	2	3
-1	80	2	3
-1	167	4	6
-1	94	2	1
DDW
227	241
154	166
166	192
89	107
200	212
144	162
181	217
265	287
237	289
184	200
186	214
73	81
189	201
179	191
45	51
261	277
40	48
78	82
164	170
86	102
