HFSDDW
20	4	2
0	95	1	6
0	78	1	67
0	78	1	65
0	80	1	70
0	5	1	32
0	67	1	7
0	64	1	99
0	15	1	79
0	92	1	52
0	66	1	11
0	47	1	50
0	79	1	58
0	7	1	10
0	57	1	77
0	2	1	40
0	92	1	2
0	23	1	86
0	20	1	3
0	20	1	72
0	31	1	66
LBCmax: 512
RELDUE
-1	354	1	1
-1	324	7	6
-1	275	4	6
-1	317	8	8
-1	294	8	2
-1	270	6	2
-1	352	2	1
-1	318	2	8
-1	286	3	2
-1	354	2	9
-1	267	2	9
-1	347	5	1
-1	335	3	1
-1	320	3	6
-1	268	7	7
-1	303	7	1
-1	283	2	6
-1	276	6	9
-1	318	9	5
-1	326	2	7
DDW
343	365
318	330
250	300
311	323
282	306
243	297
327	377
293	343
272	300
340	368
262	272
344	350
302	368
298	342
252	284
297	309
266	300
257	295
305	331
313	339
