HFSDDW
15	6	3
0	10	1	65	2	11
0	33	1	56	2	20
0	43	1	5	2	67
0	82	1	3	2	26
0	57	1	57	2	23
0	12	1	74	2	38
0	1	1	41	2	2
0	23	1	21	2	88
0	79	1	98	2	3
0	40	1	25	2	56
0	89	1	1	2	40
0	52	1	11	2	91
0	8	1	17	2	45
0	49	1	11	2	20
0	37	1	22	2	27
LBCmax: 338
RELDUE
-1	12	2	1
-1	59	8	2
-1	21	9	1
-1	34	8	1
-1	7	5	3
-1	100	1	6
-1	263	9	5
-1	53	3	8
-1	194	8	9
-1	166	6	6
-1	260	7	8
-1	119	2	2
-1	42	2	1
-1	148	7	7
-1	162	9	3
DDW
11	13
54	64
20	22
31	37
7	7
99	101
252	274
51	55
188	200
161	171
252	268
115	123
39	45
135	161
160	164
