HFSDDW
20	8	4
0	39	1	72	2	37	3	69
0	63	1	42	2	24	3	10
0	52	1	93	2	43	3	26
0	92	1	2	2	56	3	12
0	33	1	32	2	22	3	57
0	77	1	67	2	79	3	63
0	72	1	76	2	56	3	35
0	28	1	79	2	67	3	39
0	97	1	61	2	39	3	80
0	55	1	82	2	40	3	14
0	90	1	67	2	40	3	46
0	12	1	16	2	97	3	90
0	2	1	54	2	42	3	22
0	14	1	86	2	30	3	71
0	92	1	74	2	97	3	87
0	86	1	88	2	82	3	73
0	27	1	4	2	28	3	31
0	62	1	76	2	57	3	50
0	92	1	9	2	67	3	11
0	28	1	33	2	51	3	56
LBCmax: 626
RELDUE
-1	287	8	7
-1	270	3	3
-1	230	9	9
-1	281	3	1
-1	234	2	2
-1	245	4	6
-1	219	3	4
-1	202	1	2
-1	227	5	1
-1	272	4	8
-1	298	8	2
-1	289	9	9
-1	295	8	7
-1	254	6	4
-1	222	8	6
-1	190	3	6
-1	294	2	4
-1	272	7	2
-1	213	4	1
-1	198	7	5
DDW
276	298
259	281
186	274
273	289
222	246
230	260
193	245
184	220
207	247
267	277
268	328
243	335
274	316
234	274
209	235
162	218
253	335
253	291
196	230
188	208
