HFSDDW
15	9	3
0	21	1	93	2	12
0	5	1	72	2	65
0	43	1	77	2	20
0	65	1	13	2	1
0	14	1	81	2	19
0	34	1	27	2	25
0	20	1	96	2	17
0	80	1	85	2	94
0	55	1	17	2	78
0	97	1	19	2	89
0	40	1	81	2	75
0	80	1	1	2	31
0	67	1	66	2	87
0	51	1	38	2	27
0	87	1	86	2	75
LBCmax: 322
RELDUE
-1	261	8	5
-1	264	6	3
-1	230	3	3
-1	257	3	3
-1	255	8	8
-1	254	7	6
-1	285	4	7
-1	283	6	9
-1	258	9	9
-1	264	2	9
-1	251	6	7
-1	229	5	7
-1	236	4	5
-1	257	9	3
-1	261	2	6
DDW
248	274
238	290
221	239
239	275
222	288
206	302
245	325
249	317
224	292
240	288
233	269
215	243
222	250
224	290
219	303
