HFSDDW
20	12	4
0	11	1	92	2	40	3	18
0	18	1	16	2	76	3	33
0	30	1	32	2	47	3	9
0	73	1	63	2	25	3	49
0	43	1	38	2	94	3	90
0	94	1	82	2	11	3	72
0	94	1	15	2	51	3	47
0	18	1	82	2	83	3	67
0	48	1	98	2	85	3	33
0	30	1	78	2	6	3	51
0	24	1	22	2	72	3	80
0	70	1	68	2	24	3	51
0	85	1	79	2	36	3	83
0	38	1	91	2	34	3	29
0	82	1	68	2	24	3	3
0	65	1	30	2	15	3	47
0	48	1	80	2	60	3	74
0	78	1	91	2	19	3	65
0	33	1	44	2	66	3	72
0	10	1	30	2	2	3	26
LBCmax: 455
RELDUE
-1	311	1	5
-1	318	7	9
-1	283	6	7
-1	262	5	9
-1	270	3	6
-1	318	2	5
-1	254	6	9
-1	279	2	6
-1	286	7	7
-1	279	1	5
-1	274	5	1
-1	283	1	2
-1	277	4	6
-1	229	1	3
-1	305	6	7
-1	313	6	8
-1	233	9	2
-1	249	2	4
-1	256	3	7
-1	310	8	7
DDW
295	327
305	331
272	294
259	265
259	281
286	350
229	279
262	296
257	315
271	287
266	282
272	294
269	285
208	250
290	320
310	316
224	242
234	264
241	271
307	313
