HFSDDW
20	9	3
0	81	1	89	2	49
0	51	1	43	2	86
0	33	1	73	2	94
0	95	1	19	2	94
0	73	1	10	2	87
0	71	1	63	2	52
0	32	1	90	2	45
0	54	1	33	2	7
0	68	1	96	2	35
0	80	1	97	2	63
0	68	1	2	2	74
0	62	1	10	2	5
0	22	1	35	2	11
0	89	1	94	2	15
0	35	1	43	2	31
0	78	1	13	2	85
0	75	1	86	2	55
0	36	1	81	2	51
0	95	1	27	2	56
0	42	1	82	2	47
LBCmax: 451
RELDUE
-1	182	8	5
-1	183	1	1
-1	204	1	3
-1	163	2	3
-1	159	7	8
-1	150	5	8
-1	153	5	6
-1	145	4	4
-1	135	4	1
-1	209	2	2
-1	180	6	1
-1	160	8	9
-1	172	4	3
-1	173	9	4
-1	221	6	6
-1	162	1	6
-1	152	6	9
-1	217	6	1
-1	204	5	6
-1	216	3	9
DDW
146	218
146	220
186	222
156	170
148	170
128	172
129	177
122	168
134	136
186	232
146	214
154	166
146	198
151	195
206	236
134	190
132	172
210	224
173	235
179	253
