HFSDDW
20	4	2
0	74	1	85
0	67	1	45
0	95	1	84
0	35	1	90
0	66	1	93
0	63	1	79
0	20	1	72
0	62	1	72
0	96	1	75
0	64	1	30
0	17	1	52
0	22	1	8
0	93	1	94
0	44	1	43
0	80	1	3
0	51	1	70
0	64	1	75
0	6	1	84
0	6	1	13
0	66	1	98
LBCmax: 641
RELDUE
-1	777	4	9
-1	641	1	6
-1	478	4	9
-1	405	2	4
-1	571	7	7
-1	612	7	8
-1	435	1	6
-1	401	4	5
-1	634	1	8
-1	360	5	3
-1	250	6	1
-1	430	7	5
-1	328	9	2
-1	546	5	1
-1	427	4	8
-1	334	2	5
-1	597	6	6
-1	571	6	9
-1	524	6	8
-1	197	9	6
DDW
738	816
577	705
445	511
364	446
537	605
594	630
422	448
377	425
621	647
328	392
245	255
396	464
321	335
530	562
406	448
324	344
585	609
537	605
487	561
191	203
