HFSDDW
20	4	2
0	22	1	56
0	92	1	87
0	6	1	7
0	24	1	6
0	58	1	40
0	16	1	49
0	6	1	55
0	98	1	59
0	2	1	38
0	33	1	93
0	25	1	38
0	17	1	39
0	23	1	18
0	33	1	44
0	31	1	59
0	59	1	51
0	88	1	78
0	25	1	35
0	38	1	80
0	20	1	35
LBCmax: 488
RELDUE
-1	367	7	8
-1	371	7	9
-1	360	8	6
-1	398	6	3
-1	362	3	6
-1	429	2	2
-1	414	2	9
-1	384	7	9
-1	436	2	6
-1	419	2	4
-1	387	4	9
-1	346	5	5
-1	421	2	5
-1	409	7	2
-1	403	2	4
-1	423	9	8
-1	381	2	3
-1	394	6	5
-1	405	5	2
-1	428	7	6
DDW
345	389
334	408
349	371
370	426
319	405
403	455
339	489
319	449
432	440
360	478
337	437
287	405
387	455
380	438
367	439
351	495
354	408
374	414
332	478
402	454
