HFSDDW
15	6	3
0	40	1	51	2	16
0	72	1	94	2	72
0	59	1	25	2	59
0	45	1	4	2	97
0	88	1	58	2	54
0	23	1	73	2	89
0	79	1	54	2	36
0	30	1	32	2	58
0	14	1	42	2	37
0	58	1	69	2	28
0	62	1	63	2	97
0	82	1	22	2	99
0	21	1	44	2	60
0	20	1	11	2	4
0	81	1	23	2	70
LBCmax: 490
RELDUE
-1	322	4	1
-1	316	5	3
-1	475	8	4
-1	529	1	1
-1	180	4	5
-1	535	1	3
-1	460	3	6
-1	288	4	3
-1	254	5	1
-1	142	8	6
-1	99	8	5
-1	146	6	4
-1	335	3	8
-1	337	2	5
-1	305	6	2
DDW
270	374
275	357
390	560
518	540
149	211
524	546
414	506
259	317
231	277
132	152
87	111
131	161
298	372
307	367
290	320
