HFSDDW
20	6	2
0	5	1	14
0	16	1	55
0	10	1	74
0	61	1	82
0	32	1	53
0	26	1	94
0	61	1	94
0	60	1	64
0	62	1	13
0	33	1	48
0	9	1	9
0	13	1	55
0	24	1	54
0	86	1	71
0	11	1	72
0	49	1	97
0	9	1	86
0	28	1	4
0	58	1	34
0	9	1	59
LBCmax: 385
RELDUE
-1	382	8	9
-1	330	7	6
-1	344	1	3
-1	61	8	7
-1	176	6	6
-1	116	1	3
-1	67	1	7
-1	57	6	3
-1	101	3	1
-1	253	2	1
-1	385	5	8
-1	310	5	5
-1	416	8	8
-1	187	9	7
-1	148	6	3
-1	405	1	9
-1	43	1	5
-1	274	7	9
-1	156	1	2
-1	249	1	1
DDW
355	409
307	353
316	372
53	69
158	194
101	131
58	76
54	60
84	118
202	304
331	439
248	372
379	453
176	198
145	151
397	413
40	46
263	285
131	181
234	264
