HFSDDW
20	9	3
0	61	1	58	2	16
0	73	1	87	2	74
0	93	1	12	2	25
0	50	1	49	2	63
0	3	1	42	2	54
0	42	1	3	2	85
0	77	1	68	2	6
0	53	1	21	2	1
0	33	1	98	2	34
0	78	1	60	2	49
0	58	1	67	2	64
0	63	1	89	2	84
0	49	1	39	2	58
0	43	1	20	2	7
0	6	1	64	2	38
0	22	1	49	2	4
0	90	1	87	2	26
0	45	1	16	2	52
0	86	1	8	2	37
0	16	1	40	2	89
LBCmax: 376
RELDUE
-1	143	5	3
-1	124	8	7
-1	152	3	2
-1	170	5	2
-1	183	7	8
-1	175	5	4
-1	188	9	7
-1	142	1	1
-1	152	5	3
-1	165	7	6
-1	183	3	1
-1	161	5	2
-1	134	9	6
-1	139	2	8
-1	150	1	8
-1	188	6	8
-1	148	5	3
-1	156	4	1
-1	160	3	8
-1	121	5	8
DDW
133	153
102	146
132	172
144	196
174	192
154	196
164	212
125	159
141	163
150	180
167	199
155	167
111	157
136	142
123	177
173	203
124	172
134	178
134	186
105	137
