HFSDDW
15	8	4
0	98	1	82	2	21	3	12
0	4	1	61	2	33	3	84
0	12	1	37	2	2	3	31
0	35	1	88	2	81	3	6
0	51	1	29	2	59	3	85
0	39	1	85	2	68	3	59
0	42	1	32	2	52	3	4
0	74	1	29	2	92	3	1
0	68	1	46	2	17	3	44
0	13	1	8	2	94	3	7
0	53	1	2	2	94	3	83
0	24	1	55	2	34	3	32
0	21	1	45	2	35	3	93
0	62	1	10	2	46	3	14
0	14	1	61	2	70	3	72
LBCmax: 443
RELDUE
-1	0	4	9
-1	85	8	4
-1	3	8	9
-1	322	2	8
-1	153	3	9
-1	0	9	4
-1	235	6	9
-1	351	1	3
-1	270	5	4
-1	121	3	9
-1	367	3	9
-1	147	2	4
-1	105	3	9
-1	192	5	6
-1	97	8	5
DDW
0	0
80	90
3	3
296	348
151	155
0	0
228	242
340	362
246	294
111	131
334	400
140	154
96	114
175	209
92	102
