HFSDDW
15	8	4
0	78	1	29	2	81	3	44
0	1	1	13	2	1	3	27
0	99	1	29	2	2	3	22
0	66	1	84	2	10	3	66
0	88	1	78	2	61	3	96
0	11	1	5	2	23	3	84
0	12	1	35	2	1	3	79
0	15	1	13	2	25	3	38
0	30	1	37	2	57	3	83
0	98	1	80	2	76	3	66
0	34	1	61	2	16	3	72
0	42	1	21	2	64	3	17
0	92	1	15	2	25	3	67
0	25	1	10	2	34	3	74
0	6	1	97	2	33	3	65
LBCmax: 481
RELDUE
-1	176	5	8
-1	203	5	4
-1	178	9	7
-1	396	8	8
-1	154	1	8
-1	328	6	2
-1	409	2	1
-1	226	8	7
-1	225	1	5
-1	221	1	5
-1	339	2	5
-1	166	3	7
-1	149	8	3
-1	418	4	9
-1	324	6	5
DDW
169	183
175	231
166	190
356	436
128	180
269	387
364	454
199	253
205	245
179	263
319	359
154	178
145	153
334	502
292	356
