HFSDDW
15	12	4
0	36	1	18	2	68	3	5
0	95	1	11	2	51	3	62
0	94	1	29	2	7	3	7
0	34	1	70	2	75	3	12
0	52	1	17	2	72	3	98
0	39	1	3	2	63	3	39
0	26	1	34	2	8	3	91
0	15	1	43	2	51	3	99
0	31	1	63	2	83	3	47
0	65	1	85	2	92	3	48
0	22	1	53	2	13	3	59
0	38	1	64	2	2	3	27
0	15	1	49	2	48	3	19
0	18	1	4	2	94	3	33
0	55	1	30	2	79	3	62
LBCmax: 327
RELDUE
-1	38	8	9
-1	149	1	1
-1	126	6	3
-1	135	8	7
-1	186	6	9
-1	47	3	8
-1	184	3	7
-1	172	5	9
-1	203	4	1
-1	89	3	5
-1	123	6	1
-1	163	6	8
-1	80	3	8
-1	79	3	4
-1	182	8	1
DDW
35	41
134	164
113	139
131	139
184	188
45	49
173	195
167	177
199	207
85	93
119	127
148	178
73	87
74	84
173	191
