HFSDDW
20	9	3
0	32	1	76	2	19
0	98	1	51	2	53
0	81	1	61	2	13
0	67	1	74	2	29
0	62	1	5	2	69
0	20	1	62	2	52
0	38	1	58	2	40
0	9	1	12	2	28
0	55	1	75	2	11
0	76	1	7	2	35
0	24	1	48	2	30
0	44	1	32	2	26
0	33	1	73	2	98
0	92	1	57	2	58
0	66	1	95	2	92
0	20	1	92	2	1
0	32	1	3	2	75
0	98	1	98	2	19
0	42	1	23	2	65
0	91	1	43	2	75
LBCmax: 415
RELDUE
-1	215	8	1
-1	63	4	1
-1	264	6	3
-1	363	5	2
-1	221	1	1
-1	152	6	4
-1	453	3	3
-1	118	5	5
-1	344	1	8
-1	224	5	6
-1	404	2	7
-1	408	3	8
-1	263	2	8
-1	227	5	5
-1	46	2	6
-1	380	8	5
-1	216	6	1
-1	108	9	3
-1	187	6	5
-1	188	2	2
DDW
181	249
52	74
253	275
316	410
183	259
137	167
399	507
111	125
279	409
202	246
339	469
363	453
229	297
195	259
44	48
372	388
179	253
95	121
153	221
160	216
