HFSDDW
15	8	4
0	76	1	87	2	62	3	99
0	9	1	86	2	84	3	31
0	86	1	57	2	1	3	55
0	93	1	92	2	25	3	95
0	40	1	81	2	21	3	13
0	52	1	24	2	65	3	44
0	72	1	94	2	59	3	16
0	29	1	59	2	94	3	58
0	78	1	3	2	46	3	84
0	85	1	24	2	62	3	34
0	22	1	74	2	77	3	89
0	86	1	72	2	18	3	46
0	60	1	6	2	71	3	15
0	45	1	35	2	75	3	53
0	22	1	18	2	27	3	14
LBCmax: 520
RELDUE
-1	392	7	5
-1	435	7	6
-1	366	1	7
-1	392	2	6
-1	429	3	8
-1	408	8	2
-1	444	4	3
-1	459	9	6
-1	412	7	9
-1	406	5	1
-1	374	5	7
-1	381	5	3
-1	384	5	9
-1	454	3	9
-1	459	2	9
DDW
368	416
392	478
344	388
372	412
386	472
404	412
422	466
431	487
400	424
390	422
367	381
373	389
353	415
436	472
418	500
