HFSDDW
20	6	2
0	9	1	11
0	39	1	23
0	32	1	17
0	97	1	30
0	97	1	50
0	98	1	52
0	55	1	10
0	99	1	74
0	3	1	86
0	93	1	57
0	76	1	27
0	63	1	3
0	61	1	83
0	55	1	28
0	27	1	64
0	85	1	10
0	56	1	66
0	62	1	41
0	4	1	23
0	9	1	91
LBCmax: 381
RELDUE
-1	267	6	7
-1	306	1	4
-1	286	6	9
-1	334	9	9
-1	274	5	6
-1	298	7	8
-1	281	8	1
-1	300	6	3
-1	281	1	7
-1	274	9	2
-1	293	6	1
-1	289	1	2
-1	310	3	6
-1	305	5	1
-1	300	3	8
-1	329	9	7
-1	303	6	6
-1	295	3	3
-1	314	5	9
-1	304	3	2
DDW
240	294
288	324
229	343
291	377
252	296
265	331
250	312
264	336
228	334
263	285
246	340
246	332
282	338
278	332
249	351
293	365
264	342
245	345
311	317
298	310
