HFSDDW
20	4	2
0	8	1	37
0	40	1	45
0	46	1	94
0	40	1	37
0	37	1	68
0	60	1	47
0	69	1	1
0	18	1	42
0	96	1	44
0	58	1	17
0	27	1	41
0	97	1	96
0	83	1	87
0	24	1	14
0	69	1	19
0	34	1	49
0	4	1	59
0	12	1	59
0	31	1	31
0	67	1	88
LBCmax: 494
RELDUE
-1	359	7	3
-1	378	7	2
-1	369	4	2
-1	412	4	1
-1	379	8	6
-1	369	2	6
-1	358	7	7
-1	390	1	9
-1	427	2	3
-1	346	6	6
-1	365	7	8
-1	367	3	7
-1	443	9	2
-1	415	5	4
-1	431	7	5
-1	411	2	8
-1	384	7	1
-1	389	2	8
-1	408	6	1
-1	404	3	3
DDW
298	420
374	382
325	413
391	433
311	447
328	410
326	390
367	413
367	487
280	412
328	402
360	374
368	518
411	419
358	504
333	489
311	457
311	467
392	424
384	424
