HFSDDW
20	8	4
0	5	1	44	2	83	3	16
0	76	1	57	2	13	3	61
0	5	1	13	2	8	3	67
0	77	1	16	2	82	3	52
0	6	1	82	2	64	3	22
0	21	1	32	2	77	3	7
0	55	1	33	2	46	3	83
0	81	1	66	2	71	3	54
0	87	1	15	2	55	3	27
0	14	1	40	2	21	3	14
0	14	1	59	2	82	3	91
0	48	1	34	2	6	3	14
0	31	1	40	2	15	3	32
0	92	1	51	2	60	3	73
0	67	1	77	2	60	3	43
0	11	1	29	2	79	3	39
0	41	1	54	2	79	3	62
0	60	1	56	2	39	3	65
0	62	1	51	2	9	3	62
0	49	1	85	2	58	3	21
LBCmax: 557
RELDUE
-1	208	5	4
-1	238	5	7
-1	352	1	5
-1	286	7	4
-1	340	4	9
-1	278	3	8
-1	394	2	4
-1	262	2	8
-1	363	7	4
-1	511	8	1
-1	386	9	4
-1	258	1	8
-1	499	9	1
-1	485	8	8
-1	69	5	3
-1	530	8	1
-1	500	4	6
-1	295	6	8
-1	338	8	8
-1	577	4	1
DDW
177	239
228	248
285	419
252	320
299	381
234	322
378	410
241	283
316	410
485	537
378	394
235	281
444	554
436	534
55	83
514	546
460	540
251	339
284	392
462	692
