HFSDDW
20	8	4
0	98	1	80	2	6	3	56
0	75	1	23	2	23	3	27
0	39	1	22	2	77	3	71
0	84	1	95	2	64	3	65
0	91	1	91	2	68	3	2
0	43	1	91	2	84	3	68
0	13	1	12	2	18	3	12
0	73	1	66	2	76	3	24
0	17	1	91	2	10	3	74
0	7	1	54	2	27	3	25
0	65	1	23	2	9	3	13
0	11	1	10	2	68	3	74
0	20	1	54	2	13	3	47
0	5	1	97	2	57	3	8
0	95	1	37	2	44	3	63
0	6	1	12	2	53	3	72
0	46	1	53	2	55	3	92
0	85	1	89	2	58	3	37
0	65	1	43	2	36	3	20
0	82	1	72	2	58	3	4
LBCmax: 600
RELDUE
-1	473	5	7
-1	472	9	3
-1	531	9	7
-1	443	8	6
-1	485	6	4
-1	454	3	3
-1	442	8	4
-1	442	2	6
-1	462	2	4
-1	423	2	2
-1	515	4	4
-1	504	6	8
-1	432	1	8
-1	496	3	1
-1	443	3	8
-1	484	5	5
-1	503	1	1
-1	464	5	7
-1	500	5	6
-1	488	3	8
DDW
449	497
444	500
499	563
399	487
446	524
427	481
398	486
411	473
439	485
398	448
494	536
484	524
423	441
471	521
430	456
474	494
493	513
459	469
490	510
483	493
