HFSDDW
15	8	4
0	74	1	73	2	24	3	60
0	14	1	36	2	25	3	16
0	52	1	18	2	45	3	14
0	60	1	39	2	6	3	54
0	28	1	81	2	19	3	21
0	41	1	67	2	99	3	49
0	50	1	45	2	56	3	66
0	91	1	65	2	49	3	79
0	18	1	74	2	55	3	10
0	27	1	5	2	4	3	32
0	72	1	88	2	41	3	78
0	20	1	85	2	97	3	4
0	65	1	39	2	17	3	53
0	98	1	71	2	19	3	8
0	74	1	74	2	11	3	69
LBCmax: 481
RELDUE
-1	528	5	3
-1	427	2	3
-1	258	6	5
-1	563	5	1
-1	473	5	5
-1	462	9	8
-1	605	5	6
-1	556	5	4
-1	547	5	9
-1	607	4	5
-1	276	2	6
-1	252	5	1
-1	517	5	9
-1	565	2	2
-1	376	7	2
DDW
428	628
359	495
250	266
535	591
407	539
383	541
538	672
506	606
492	602
577	637
259	293
222	282
439	595
520	610
320	432
