HFSDDW
15	12	4
0	1	1	66	2	8	3	52
0	33	1	21	2	8	3	33
0	59	1	23	2	32	3	86
0	97	1	1	2	69	3	39
0	49	1	64	2	90	3	39
0	2	1	33	2	56	3	7
0	84	1	86	2	52	3	68
0	47	1	85	2	77	3	89
0	4	1	98	2	11	3	55
0	84	1	38	2	11	3	35
0	83	1	76	2	78	3	75
0	23	1	71	2	30	3	93
0	11	1	75	2	79	3	40
0	66	1	13	2	94	3	68
0	10	1	1	2	68	3	46
LBCmax: 358
RELDUE
-1	281	3	5
-1	177	8	8
-1	343	2	6
-1	300	6	6
-1	196	7	1
-1	186	4	3
-1	331	9	1
-1	390	4	5
-1	355	8	7
-1	84	6	6
-1	231	5	9
-1	77	1	3
-1	228	8	9
-1	236	3	1
-1	232	9	2
DDW
261	301
161	193
336	350
282	318
182	210
182	190
321	341
382	398
334	376
76	92
229	233
70	84
223	233
219	253
230	234
