HFSDDW
20	6	2
0	51	1	63
0	9	1	51
0	93	1	67
0	85	1	56
0	8	1	50
0	95	1	2
0	14	1	67
0	52	1	1
0	7	1	67
0	13	1	64
0	83	1	71
0	97	1	35
0	69	1	15
0	88	1	59
0	96	1	33
0	54	1	58
0	52	1	45
0	76	1	94
0	10	1	60
0	45	1	73
LBCmax: 372
RELDUE
-1	49	8	3
-1	94	6	7
-1	24	9	4
-1	173	5	7
-1	0	9	6
-1	314	9	5
-1	318	3	4
-1	227	4	5
-1	8	5	4
-1	180	3	7
-1	238	2	2
-1	0	5	4
-1	153	6	5
-1	237	1	8
-1	47	2	9
-1	260	3	4
-1	208	8	6
-1	238	9	9
-1	269	7	4
-1	258	6	7
DDW
45	53
88	100
20	28
154	192
0	0
295	333
264	372
220	234
7	9
153	207
226	250
0	0
138	168
232	242
41	53
226	294
175	241
226	250
258	280
232	284
