HFSDDW
15	9	3
0	67	1	19	2	16
0	28	1	24	2	64
0	51	1	93	2	37
0	43	1	83	2	83
0	7	1	61	2	51
0	7	1	50	2	77
0	34	1	10	2	32
0	50	1	29	2	87
0	44	1	77	2	23
0	62	1	72	2	82
0	69	1	62	2	51
0	60	1	58	2	33
0	76	1	37	2	59
0	50	1	71	2	38
0	17	1	36	2	45
LBCmax: 311
RELDUE
-1	194	4	9
-1	59	2	5
-1	324	7	2
-1	94	3	5
-1	133	1	2
-1	277	3	2
-1	92	2	8
-1	208	4	9
-1	234	3	9
-1	123	4	9
-1	83	7	3
-1	310	4	4
-1	120	1	5
-1	292	1	8
-1	177	3	4
DDW
177	211
53	65
288	360
91	97
130	136
230	324
88	96
181	235
204	264
116	130
79	87
270	350
97	143
289	295
175	179
