HFSDDW
20	6	2
0	69	1	88
0	70	1	60
0	81	1	30
0	37	1	33
0	49	1	84
0	1	1	35
0	76	1	74
0	6	1	39
0	76	1	54
0	81	1	9
0	84	1	76
0	34	1	42
0	82	1	41
0	26	1	29
0	53	1	23
0	29	1	70
0	73	1	33
0	10	1	50
0	84	1	63
0	84	1	37
LBCmax: 389
RELDUE
-1	250	1	1
-1	50	8	3
-1	89	5	3
-1	56	6	4
-1	114	6	6
-1	92	5	2
-1	134	7	5
-1	105	2	8
-1	103	5	3
-1	253	1	6
-1	116	9	9
-1	80	1	6
-1	263	9	2
-1	94	7	5
-1	73	2	2
-1	255	9	6
-1	168	8	4
-1	105	3	8
-1	222	3	9
-1	135	5	1
DDW
232	268
45	55
83	95
52	60
109	119
89	95
127	141
99	111
102	104
243	263
111	121
78	82
258	268
92	96
69	77
252	258
166	170
103	107
213	231
128	142
