HFSDDW
20	4	2
0	42	1	1
0	23	1	89
0	7	1	45
0	96	1	25
0	7	1	50
0	41	1	78
0	94	1	28
0	4	1	34
0	41	1	79
0	33	1	23
0	57	1	39
0	78	1	72
0	67	1	27
0	21	1	32
0	84	1	74
0	21	1	76
0	31	1	6
0	76	1	75
0	15	1	78
0	6	1	61
LBCmax: 501
RELDUE
-1	274	3	6
-1	468	4	3
-1	636	3	6
-1	572	5	8
-1	162	5	3
-1	281	2	6
-1	187	7	7
-1	564	9	9
-1	307	4	9
-1	182	7	4
-1	337	2	4
-1	233	1	7
-1	407	4	1
-1	218	3	2
-1	435	5	7
-1	163	5	6
-1	263	6	3
-1	404	4	6
-1	262	3	6
-1	547	5	4
DDW
252	296
459	477
611	661
566	578
147	177
259	303
178	196
519	609
301	313
169	195
313	361
226	240
370	444
198	238
409	461
148	178
245	281
376	432
236	288
531	563
