HFSDDW
20	8	4
0	27	1	89	2	23	3	54
0	93	1	83	2	47	3	80
0	72	1	96	2	84	3	45
0	32	1	90	2	65	3	59
0	24	1	86	2	72	3	61
0	20	1	21	2	95	3	76
0	18	1	49	2	30	3	73
0	14	1	97	2	44	3	5
0	73	1	55	2	19	3	26
0	96	1	39	2	20	3	40
0	80	1	76	2	72	3	48
0	22	1	2	2	45	3	41
0	74	1	70	2	48	3	81
0	60	1	74	2	2	3	6
0	94	1	47	2	36	3	44
0	53	1	73	2	67	3	74
0	52	1	79	2	72	3	76
0	71	1	39	2	62	3	84
0	67	1	33	2	81	3	44
0	49	1	48	2	54	3	17
LBCmax: 666
RELDUE
-1	205	3	7
-1	319	7	4
-1	332	1	6
-1	258	2	3
-1	265	9	6
-1	284	6	5
-1	260	9	2
-1	332	4	6
-1	272	7	3
-1	217	3	9
-1	242	4	7
-1	266	2	6
-1	204	1	2
-1	301	8	9
-1	316	5	7
-1	208	4	5
-1	211	5	2
-1	330	8	4
-1	328	2	6
-1	257	4	8
DDW
184	226
306	332
325	339
206	310
233	297
233	335
229	291
276	388
250	294
206	228
225	259
218	314
173	235
295	307
310	322
183	233
190	232
320	340
308	348
206	308
