HFSDDW
15	9	3
0	63	1	78	2	38
0	14	1	95	2	37
0	67	1	9	2	20
0	8	1	69	2	69
0	63	1	43	2	87
0	31	1	49	2	72
0	44	1	49	2	66
0	46	1	9	2	55
0	28	1	18	2	6
0	35	1	22	2	43
0	52	1	54	2	15
0	92	1	35	2	66
0	23	1	2	2	48
0	94	1	92	2	62
0	3	1	76	2	96
LBCmax: 309
RELDUE
-1	153	3	3
-1	154	8	7
-1	98	6	2
-1	107	5	7
-1	107	1	2
-1	134	1	5
-1	93	3	5
-1	110	6	1
-1	108	4	3
-1	125	6	3
-1	104	2	9
-1	135	2	9
-1	144	7	5
-1	146	3	9
-1	141	4	2
DDW
122	184
142	166
94	102
92	122
93	121
117	151
79	107
103	117
103	113
104	146
95	113
127	143
143	145
145	147
135	147
