HFSDDW
20	9	3
0	67	1	78	2	98
0	6	1	67	2	32
0	55	1	96	2	54
0	1	1	86	2	79
0	47	1	26	2	23
0	17	1	42	2	18
0	47	1	69	2	30
0	69	1	72	2	47
0	89	1	15	2	26
0	33	1	60	2	97
0	67	1	33	2	61
0	17	1	9	2	24
0	49	1	28	2	59
0	94	1	17	2	38
0	57	1	45	2	27
0	64	1	17	2	43
0	91	1	26	2	42
0	40	1	21	2	49
0	42	1	97	2	7
0	52	1	17	2	53
LBCmax: 381
RELDUE
-1	63	9	8
-1	122	4	4
-1	178	5	3
-1	253	2	2
-1	164	7	2
-1	241	2	9
-1	107	2	1
-1	153	8	9
-1	103	1	1
-1	414	2	7
-1	294	5	8
-1	90	3	9
-1	264	6	3
-1	238	8	7
-1	240	9	5
-1	386	8	8
-1	83	3	9
-1	141	5	3
-1	113	8	1
-1	134	1	1
DDW
57	69
120	124
158	198
248	258
136	192
207	275
106	108
136	170
90	116
364	464
241	347
87	93
253	275
214	262
202	278
374	398
73	93
127	155
95	131
126	142
