HFSDDW
20	9	3
0	78	1	6	2	43
0	64	1	67	2	9
0	51	1	50	2	33
0	87	1	51	2	58
0	53	1	85	2	49
0	2	1	46	2	84
0	34	1	68	2	98
0	43	1	1	2	52
0	12	1	4	2	9
0	60	1	40	2	35
0	93	1	67	2	3
0	47	1	76	2	27
0	35	1	19	2	16
0	63	1	93	2	50
0	76	1	67	2	61
0	67	1	67	2	5
0	4	1	44	2	57
0	10	1	49	2	17
0	12	1	35	2	6
0	90	1	53	2	63
LBCmax: 367
RELDUE
-1	329	4	1
-1	311	6	9
-1	133	7	8
-1	326	2	8
-1	316	4	4
-1	295	2	4
-1	233	6	5
-1	125	6	1
-1	130	4	8
-1	157	7	7
-1	257	2	6
-1	170	9	8
-1	261	8	3
-1	267	4	7
-1	275	4	6
-1	218	7	7
-1	258	9	1
-1	184	3	9
-1	312	4	2
-1	207	2	1
DDW
283	375
264	358
113	153
280	372
253	379
280	310
203	263
120	130
127	133
133	181
252	262
139	201
227	295
259	275
256	294
183	253
253	263
156	212
300	324
186	228
