HFSDDW
20	4	2
0	90	1	16
0	40	1	13
0	85	1	37
0	56	1	61
0	53	1	1
0	41	1	63
0	9	1	70
0	85	1	85
0	55	1	85
0	17	1	81
0	99	1	33
0	55	1	5
0	31	1	30
0	2	1	86
0	53	1	89
0	98	1	20
0	78	1	70
0	54	1	4
0	3	1	31
0	56	1	46
LBCmax: 533
RELDUE
-1	234	4	7
-1	437	1	6
-1	470	1	2
-1	393	8	4
-1	241	2	8
-1	282	8	3
-1	264	3	7
-1	163	6	2
-1	223	4	8
-1	182	8	9
-1	353	9	1
-1	306	7	5
-1	390	3	5
-1	288	5	4
-1	318	2	9
-1	346	4	7
-1	355	5	1
-1	274	1	5
-1	422	8	3
-1	337	7	1
DDW
220	248
393	481
428	512
377	409
234	248
271	293
259	269
161	165
203	243
175	189
342	364
282	330
367	413
262	314
299	337
332	360
351	359
255	293
405	439
320	354
