HFSDDW
20	4	2
0	59	1	10
0	36	1	43
0	38	1	25
0	97	1	67
0	54	1	16
0	31	1	12
0	98	1	40
0	78	1	73
0	23	1	10
0	80	1	45
0	68	1	26
0	67	1	82
0	97	1	13
0	7	1	65
0	26	1	25
0	93	1	64
0	86	1	13
0	63	1	71
0	66	1	14
0	84	1	64
LBCmax: 636
RELDUE
-1	517	2	3
-1	544	4	3
-1	538	2	7
-1	509	3	8
-1	521	7	1
-1	491	1	1
-1	456	3	2
-1	496	8	9
-1	476	5	2
-1	457	3	6
-1	533	1	6
-1	552	4	2
-1	470	5	1
-1	539	4	2
-1	511	6	3
-1	488	3	2
-1	498	7	6
-1	513	5	3
-1	502	4	4
-1	477	3	9
DDW
501	533
517	571
468	608
489	529
516	526
432	550
401	511
491	501
390	562
398	516
442	624
519	585
437	503
447	631
485	537
434	542
403	593
482	544
427	577
463	491
