HFSDDW
15	8	4
0	85	1	50	2	30	3	36
0	60	1	75	2	28	3	43
0	36	1	35	2	87	3	73
0	11	1	76	2	75	3	37
0	32	1	32	2	41	3	55
0	21	1	70	2	24	3	89
0	67	1	82	2	8	3	48
0	14	1	25	2	56	3	93
0	16	1	38	2	68	3	40
0	81	1	84	2	9	3	37
0	66	1	33	2	75	3	88
0	79	1	8	2	43	3	68
0	71	1	84	2	95	3	26
0	31	1	83	2	52	3	15
0	26	1	40	2	69	3	77
LBCmax: 513
RELDUE
-1	499	8	9
-1	564	4	1
-1	302	6	4
-1	211	4	7
-1	558	3	3
-1	637	3	6
-1	450	3	8
-1	528	5	2
-1	192	4	2
-1	333	3	7
-1	436	8	1
-1	401	6	1
-1	274	8	5
-1	174	7	6
-1	610	4	3
DDW
449	549
558	570
284	320
171	251
485	631
612	662
364	536
496	560
188	196
306	360
410	462
397	405
219	329
144	204
549	671
