HFSDDW
20	9	3
0	53	1	45	2	14
0	44	1	4	2	39
0	90	1	59	2	4
0	84	1	18	2	24
0	68	1	2	2	37
0	40	1	98	2	4
0	10	1	8	2	42
0	73	1	86	2	98
0	54	1	23	2	45
0	32	1	37	2	58
0	67	1	21	2	31
0	19	1	6	2	42
0	16	1	8	2	23
0	22	1	65	2	70
0	2	1	42	2	78
0	84	1	19	2	76
0	9	1	68	2	34
0	95	1	20	2	94
0	46	1	79	2	59
0	16	1	90	2	80
LBCmax: 350
RELDUE
-1	233	1	7
-1	158	3	7
-1	82	3	7
-1	132	1	4
-1	72	7	3
-1	238	8	1
-1	230	2	4
-1	138	3	1
-1	236	5	6
-1	236	3	8
-1	85	9	7
-1	228	8	2
-1	205	5	4
-1	219	2	3
-1	124	5	7
-1	186	1	2
-1	185	9	2
-1	130	7	3
-1	77	4	5
-1	181	2	5
DDW
210	256
149	167
75	89
123	141
71	73
231	245
212	248
132	144
222	250
227	245
82	88
223	233
199	211
210	228
114	134
179	193
168	202
129	131
75	79
165	197
