HFSDDW
15	8	4
0	44	1	68	2	23	3	37
0	1	1	85	2	92	3	30
0	59	1	61	2	41	3	62
0	41	1	81	2	20	3	21
0	65	1	28	2	50	3	86
0	31	1	82	2	5	3	37
0	95	1	90	2	52	3	37
0	6	1	92	2	22	3	97
0	90	1	82	2	69	3	13
0	38	1	14	2	61	3	68
0	91	1	25	2	42	3	91
0	28	1	65	2	74	3	79
0	50	1	84	2	32	3	35
0	53	1	45	2	53	3	62
0	64	1	85	2	42	3	11
LBCmax: 539
RELDUE
-1	375	1	4
-1	448	2	1
-1	347	3	2
-1	485	7	8
-1	398	2	6
-1	408	8	5
-1	504	5	3
-1	459	1	5
-1	310	5	7
-1	293	5	4
-1	535	4	1
-1	437	7	5
-1	485	8	9
-1	532	2	6
-1	580	4	1
DDW
311	439
385	511
295	399
436	534
358	438
388	428
449	559
386	532
301	319
237	349
471	599
376	498
480	490
521	543
516	644
