HFSDDW
20	6	2
0	55	1	13
0	24	1	48
0	61	1	97
0	28	1	26
0	13	1	36
0	55	1	60
0	74	1	8
0	98	1	2
0	34	1	30
0	24	1	69
0	62	1	24
0	44	1	83
0	79	1	66
0	38	1	66
0	2	1	25
0	75	1	6
0	58	1	8
0	47	1	48
0	74	1	16
0	11	1	40
LBCmax: 324
RELDUE
-1	213	6	6
-1	77	3	8
-1	107	6	5
-1	167	1	6
-1	189	6	5
-1	184	3	2
-1	138	2	8
-1	54	7	4
-1	73	8	7
-1	110	1	1
-1	176	2	3
-1	183	5	6
-1	217	5	9
-1	164	2	9
-1	192	3	2
-1	93	8	3
-1	166	5	2
-1	112	8	3
-1	165	9	5
-1	218	1	3
DDW
196	230
70	84
101	113
154	180
185	193
173	195
130	146
53	55
66	80
104	116
167	185
165	201
208	226
153	175
175	209
89	97
163	169
104	120
158	172
203	233
