HFSDDW
20	6	2
0	74	1	52
0	94	1	18
0	8	1	87
0	36	1	53
0	16	1	9
0	7	1	51
0	39	1	75
0	70	1	51
0	36	1	58
0	87	1	93
0	98	1	47
0	34	1	89
0	18	1	94
0	10	1	17
0	94	1	44
0	50	1	77
0	71	1	54
0	29	1	37
0	13	1	73
0	73	1	95
LBCmax: 400
RELDUE
-1	175	8	2
-1	86	6	7
-1	193	6	3
-1	105	8	8
-1	108	5	3
-1	255	4	6
-1	86	8	9
-1	48	4	8
-1	151	8	1
-1	216	6	3
-1	129	7	1
-1	257	7	2
-1	77	1	6
-1	233	6	9
-1	188	9	1
-1	105	2	1
-1	82	7	6
-1	52	2	4
-1	280	6	9
-1	71	7	9
DDW
172	178
80	92
170	216
102	108
100	116
217	293
84	88
46	50
137	165
179	253
117	141
249	265
70	84
198	268
173	203
89	121
74	90
48	56
241	319
70	72
