HFSDDW
15	9	3
0	41	1	93	2	9
0	94	1	72	2	52
0	99	1	20	2	91
0	85	1	47	2	88
0	53	1	16	2	20
0	86	1	73	2	46
0	39	1	7	2	45
0	39	1	87	2	65
0	28	1	94	2	38
0	21	1	6	2	27
0	42	1	16	2	62
0	60	1	78	2	34
0	20	1	33	2	46
0	51	1	4	2	98
0	38	1	20	2	54
LBCmax: 320
RELDUE
-1	285	2	8
-1	137	2	6
-1	137	4	3
-1	137	3	9
-1	104	4	8
-1	362	6	4
-1	338	9	8
-1	385	1	5
-1	212	1	7
-1	360	1	7
-1	102	8	3
-1	115	1	1
-1	235	4	6
-1	310	3	3
-1	347	8	7
DDW
268	302
115	159
118	156
118	156
96	112
344	380
281	395
327	443
178	246
342	378
95	109
109	121
197	273
291	329
319	375
