HFSDDW
20	6	2
0	90	1	80
0	87	1	44
0	3	1	73
0	32	1	38
0	70	1	19
0	39	1	73
0	67	1	82
0	1	1	99
0	45	1	20
0	83	1	8
0	72	1	24
0	57	1	25
0	95	1	70
0	24	1	2
0	41	1	3
0	77	1	8
0	89	1	12
0	88	1	61
0	76	1	12
0	79	1	84
LBCmax: 410
RELDUE
-1	73	5	3
-1	379	9	7
-1	215	4	3
-1	160	8	5
-1	218	9	4
-1	216	3	4
-1	71	4	9
-1	291	9	9
-1	161	8	3
-1	342	8	5
-1	447	6	6
-1	232	7	7
-1	104	1	3
-1	329	9	2
-1	349	4	2
-1	315	4	2
-1	136	6	5
-1	296	4	7
-1	240	8	7
-1	177	8	2
DDW
69	77
356	402
200	230
144	176
205	231
201	231
70	72
285	297
148	174
311	373
407	487
209	255
95	113
296	362
321	377
287	343
128	144
287	305
223	257
173	181
