HFSDDW
20	12	4
0	62	1	31	2	38	3	50
0	47	1	14	2	34	3	78
0	56	1	58	2	74	3	9
0	88	1	7	2	96	3	16
0	89	1	22	2	68	3	82
0	74	1	93	2	70	3	79
0	70	1	11	2	30	3	25
0	25	1	92	2	45	3	70
0	60	1	5	2	66	3	24
0	55	1	4	2	91	3	6
0	41	1	73	2	18	3	68
0	94	1	49	2	69	3	70
0	11	1	41	2	70	3	93
0	32	1	39	2	11	3	68
0	60	1	58	2	80	3	37
0	84	1	9	2	53	3	63
0	13	1	5	2	49	3	84
0	41	1	72	2	60	3	86
0	30	1	63	2	42	3	2
0	75	1	3	2	85	3	21
LBCmax: 457
RELDUE
-1	358	1	8
-1	375	3	4
-1	332	8	8
-1	396	6	7
-1	340	9	1
-1	367	9	6
-1	355	7	6
-1	339	9	3
-1	406	9	7
-1	409	4	6
-1	378	6	3
-1	409	9	4
-1	341	1	6
-1	370	6	7
-1	339	4	1
-1	349	8	2
-1	338	5	9
-1	370	2	6
-1	370	3	7
-1	402	1	4
DDW
294	422
322	428
315	349
329	463
337	343
360	374
337	373
295	383
353	459
327	491
348	408
364	454
331	351
300	440
322	356
297	401
274	402
303	437
348	392
386	418
