HFSDDW
15	8	4
0	68	1	33	2	82	3	59
0	11	1	28	2	46	3	75
0	23	1	17	2	18	3	57
0	22	1	92	2	93	3	39
0	81	1	13	2	91	3	59
0	82	1	82	2	43	3	76
0	46	1	42	2	96	3	79
0	59	1	53	2	55	3	83
0	69	1	55	2	46	3	89
0	69	1	40	2	27	3	31
0	57	1	57	2	34	3	11
0	72	1	68	2	37	3	57
0	37	1	62	2	34	3	43
0	84	1	92	2	34	3	86
0	90	1	7	2	14	3	68
LBCmax: 537
RELDUE
-1	156	3	5
-1	269	3	1
-1	105	8	1
-1	278	4	4
-1	252	9	2
-1	164	2	9
-1	338	7	2
-1	268	6	9
-1	202	6	3
-1	65	6	9
-1	279	9	4
-1	188	6	5
-1	329	4	8
-1	250	7	2
-1	61	4	9
DDW
140	172
253	285
102	108
250	306
249	255
157	171
318	358
265	271
194	210
60	70
251	307
182	194
322	336
235	265
58	64
