HFSDDW
20	6	2
0	62	1	22
0	57	1	83
0	96	1	93
0	49	1	18
0	23	1	19
0	9	1	54
0	83	1	67
0	64	1	13
0	50	1	48
0	38	1	79
0	65	1	25
0	76	1	68
0	71	1	72
0	31	1	87
0	48	1	56
0	71	1	88
0	28	1	36
0	64	1	98
0	57	1	89
0	12	1	24
LBCmax: 396
RELDUE
-1	95	6	6
-1	237	7	6
-1	69	5	2
-1	426	3	5
-1	287	1	6
-1	50	5	6
-1	312	4	2
-1	309	6	2
-1	205	2	8
-1	346	1	7
-1	225	1	6
-1	56	5	7
-1	57	1	7
-1	96	8	2
-1	200	9	3
-1	188	5	7
-1	219	7	8
-1	392	6	5
-1	88	8	4
-1	138	5	4
DDW
80	110
225	249
60	78
358	494
273	301
41	59
268	356
250	368
184	226
329	363
216	234
48	64
47	67
87	105
190	210
186	190
210	228
314	470
77	99
116	160
