HFSDDW
20	6	3
0	12	1	68	2	70
0	38	1	51	2	89
0	62	1	76	2	19
0	96	1	11	2	69
0	73	1	22	2	85
0	67	1	4	2	51
0	58	1	40	2	84
0	9	1	2	2	13
0	72	1	38	2	68
0	73	1	14	2	82
0	22	1	82	2	49
0	41	1	10	2	74
0	84	1	57	2	57
0	84	1	94	2	10
0	14	1	87	2	1
0	10	1	16	2	47
0	61	1	4	2	58
0	9	1	88	2	94
0	75	1	4	2	66
0	57	1	66	2	13
LBCmax: 587
RELDUE
-1	201	2	2
-1	280	2	1
-1	249	3	2
-1	219	9	5
-1	263	6	1
-1	209	1	3
-1	199	9	4
-1	213	6	1
-1	190	5	7
-1	189	2	7
-1	273	9	8
-1	231	4	5
-1	287	2	2
-1	263	2	2
-1	229	5	1
-1	264	1	5
-1	288	5	1
-1	193	9	9
-1	189	7	5
-1	249	2	6
DDW
193	209
260	300
232	266
217	221
260	266
196	222
187	211
200	226
186	194
181	197
265	281
226	236
284	290
252	274
211	247
253	275
262	314
179	207
172	206
244	254
