HFSDDW
20	6	3
0	20	1	94	2	4
0	93	1	39	2	9
0	90	1	59	2	12
0	44	1	8	2	84
0	27	1	99	2	20
0	29	1	38	2	66
0	70	1	29	2	42
0	8	1	58	2	51
0	31	1	66	2	35
0	50	1	26	2	36
0	38	1	90	2	49
0	98	1	24	2	66
0	93	1	5	2	50
0	29	1	82	2	69
0	54	1	41	2	36
0	2	1	67	2	63
0	26	1	56	2	59
0	19	1	24	2	69
0	42	1	12	2	37
0	53	1	63	2	72
LBCmax: 513
RELDUE
-1	429	9	7
-1	259	3	7
-1	219	7	2
-1	441	6	8
-1	84	6	2
-1	137	3	4
-1	229	4	8
-1	195	5	4
-1	439	4	8
-1	328	4	2
-1	233	7	4
-1	218	8	7
-1	132	2	3
-1	264	1	8
-1	292	3	7
-1	425	6	2
-1	326	4	4
-1	137	7	1
-1	127	2	6
-1	198	9	8
DDW
403	455
243	275
201	237
410	472
81	87
123	151
206	252
187	203
399	479
325	331
224	242
201	235
120	144
238	290
272	312
400	450
297	355
129	145
119	135
186	210
