HFSDDW
20	9	3
0	20	1	76	2	33
0	42	1	39	2	74
0	71	1	38	2	62
0	17	1	89	2	75
0	57	1	76	2	24
0	41	1	48	2	2
0	82	1	48	2	95
0	86	1	94	2	26
0	13	1	60	2	13
0	60	1	59	2	37
0	57	1	46	2	53
0	78	1	15	2	19
0	15	1	25	2	42
0	32	1	81	2	76
0	98	1	71	2	80
0	23	1	16	2	35
0	40	1	63	2	3
0	89	1	15	2	88
0	38	1	34	2	81
0	8	1	29	2	78
LBCmax: 376
RELDUE
-1	344	5	7
-1	154	2	9
-1	410	4	7
-1	206	3	6
-1	338	4	8
-1	279	4	1
-1	198	9	6
-1	410	7	7
-1	348	9	7
-1	132	2	4
-1	210	9	4
-1	201	7	4
-1	336	4	8
-1	303	3	6
-1	364	2	2
-1	184	5	6
-1	443	6	4
-1	200	4	8
-1	282	9	8
-1	453	9	9
DDW
334	354
136	172
377	443
171	241
291	385
268	290
186	210
328	492
289	407
106	158
200	220
195	207
326	346
297	309
295	433
180	188
434	452
164	236
248	316
399	507
