HFSDDW
15	9	3
0	18	1	84	2	4
0	71	1	32	2	72
0	14	1	97	2	68
0	23	1	45	2	37
0	63	1	4	2	27
0	16	1	80	2	63
0	1	1	41	2	29
0	10	1	75	2	34
0	62	1	92	2	94
0	70	1	98	2	11
0	9	1	78	2	80
0	54	1	80	2	96
0	83	1	4	2	9
0	44	1	30	2	16
0	78	1	15	2	38
LBCmax: 302
RELDUE
-1	110	8	4
-1	217	9	6
-1	220	2	6
-1	117	6	1
-1	104	3	3
-1	235	3	7
-1	56	5	6
-1	113	2	2
-1	128	3	6
-1	220	9	4
-1	55	3	3
-1	57	4	7
-1	242	4	1
-1	58	5	5
-1	148	9	7
DDW
100	120
213	221
198	242
109	125
97	111
214	256
55	57
110	116
127	129
202	238
51	59
54	60
232	252
52	64
133	163
