HFSDDW
20	8	4
0	7	1	41	2	94	3	37
0	84	1	3	2	87	3	22
0	13	1	45	2	42	3	6
0	2	1	64	2	99	3	39
0	7	1	81	2	77	3	55
0	68	1	72	2	72	3	14
0	86	1	30	2	68	3	83
0	26	1	93	2	55	3	93
0	90	1	80	2	68	3	83
0	59	1	5	2	69	3	1
0	58	1	18	2	67	3	18
0	16	1	71	2	17	3	38
0	82	1	71	2	39	3	10
0	76	1	17	2	11	3	35
0	68	1	81	2	51	3	55
0	34	1	4	2	95	3	19
0	90	1	49	2	16	3	21
0	95	1	17	2	80	3	2
0	12	1	77	2	96	3	50
0	6	1	55	2	98	3	15
LBCmax: 695
RELDUE
-1	504	6	9
-1	528	4	6
-1	488	9	4
-1	561	9	9
-1	562	2	6
-1	548	3	2
-1	509	8	4
-1	588	4	1
-1	582	1	4
-1	532	6	5
-1	506	3	4
-1	594	5	6
-1	561	1	1
-1	507	5	9
-1	579	1	4
-1	562	3	6
-1	517	3	3
-1	552	6	2
-1	523	8	4
-1	578	6	2
DDW
454	554
507	549
434	542
550	572
556	568
543	553
412	606
564	612
495	669
463	601
450	562
493	695
466	656
421	593
538	620
545	579
470	564
464	640
455	591
474	682
