HFSDDW
20	4	2
0	39	1	76
0	99	1	61
0	74	1	50
0	66	1	89
0	5	1	58
0	39	1	76
0	8	1	66
0	37	1	91
0	96	1	67
0	22	1	68
0	4	1	11
0	94	1	60
0	89	1	79
0	41	1	56
0	82	1	28
0	15	1	77
0	28	1	21
0	18	1	33
0	41	1	77
0	90	1	48
LBCmax: 601
RELDUE
-1	383	1	1
-1	302	1	7
-1	415	4	6
-1	85	5	8
-1	156	5	1
-1	343	5	2
-1	90	7	7
-1	280	8	4
-1	251	2	8
-1	230	3	2
-1	314	7	8
-1	256	1	4
-1	321	6	6
-1	119	1	2
-1	172	9	9
-1	164	5	1
-1	358	1	9
-1	205	4	8
-1	318	6	2
-1	402	6	6
DDW
360	406
287	317
403	427
76	94
125	187
305	381
76	104
224	336
231	271
186	274
301	327
205	307
315	327
104	134
163	181
154	174
351	365
174	236
305	331
334	470
