HFSDDW
15	9	3
0	54	1	83	2	42
0	22	1	20	2	85
0	50	1	73	2	31
0	83	1	62	2	9
0	16	1	30	2	24
0	18	1	25	2	89
0	38	1	16	2	75
0	91	1	62	2	94
0	64	1	40	2	24
0	55	1	59	2	15
0	47	1	66	2	96
0	97	1	56	2	10
0	64	1	82	2	32
0	24	1	28	2	33
0	58	1	83	2	23
LBCmax: 321
RELDUE
-1	319	6	9
-1	161	2	2
-1	311	4	9
-1	185	2	2
-1	52	7	2
-1	35	5	4
-1	188	6	2
-1	260	8	4
-1	325	4	8
-1	277	7	7
-1	232	1	4
-1	100	1	5
-1	182	2	9
-1	218	9	1
-1	287	2	9
DDW
290	348
158	164
302	320
174	196
48	56
34	36
184	192
247	273
309	341
269	285
213	251
97	103
178	186
209	227
270	304
