HFSDDW
20	6	3
0	48	1	82	2	36
0	45	1	8	2	91
0	98	1	41	2	83
0	75	1	15	2	97
0	85	1	38	2	2
0	38	1	60	2	53
0	96	1	1	2	80
0	80	1	28	2	65
0	36	1	79	2	14
0	66	1	7	2	81
0	28	1	40	2	93
0	12	1	64	2	24
0	29	1	77	2	81
0	65	1	7	2	1
0	41	1	61	2	8
0	94	1	3	2	13
0	94	1	87	2	10
0	87	1	97	2	40
0	24	1	67	2	54
0	70	1	10	2	28
LBCmax: 618
RELDUE
-1	474	7	1
-1	306	7	2
-1	314	7	4
-1	193	4	5
-1	363	8	9
-1	464	7	6
-1	199	7	5
-1	459	8	7
-1	458	6	4
-1	473	2	3
-1	218	9	3
-1	494	4	2
-1	454	8	3
-1	303	2	6
-1	533	5	4
-1	484	3	8
-1	333	2	7
-1	432	5	7
-1	397	6	2
-1	339	3	1
DDW
441	507
272	340
257	371
162	224
356	370
413	515
191	207
441	477
417	499
449	497
209	227
489	499
404	504
288	318
474	592
436	532
290	376
380	484
361	433
305	373
