HFSDDW
20	12	4
0	75	1	55	2	63	3	1
0	56	1	70	2	94	3	35
0	81	1	60	2	47	3	76
0	31	1	48	2	23	3	96
0	30	1	19	2	17	3	35
0	5	1	36	2	41	3	73
0	13	1	83	2	73	3	91
0	90	1	3	2	35	3	35
0	55	1	12	2	1	3	55
0	75	1	15	2	69	3	50
0	86	1	76	2	93	3	20
0	72	1	42	2	70	3	36
0	96	1	55	2	7	3	37
0	6	1	15	2	35	3	40
0	15	1	90	2	87	3	73
0	96	1	4	2	45	3	79
0	25	1	13	2	22	3	19
0	48	1	68	2	22	3	15
0	50	1	67	2	49	3	29
0	43	1	21	2	1	3	71
LBCmax: 418
RELDUE
-1	13	2	5
-1	113	8	3
-1	353	4	9
-1	104	8	4
-1	359	6	1
-1	365	9	9
-1	80	9	2
-1	127	6	6
-1	283	1	1
-1	212	8	3
-1	126	8	8
-1	313	4	8
-1	74	3	4
-1	359	8	5
-1	182	2	6
-1	305	9	3
-1	88	3	4
-1	18	5	6
-1	353	5	6
-1	211	1	1
DDW
13	13
92	134
300	406
88	120
312	406
328	402
64	96
123	131
260	306
172	252
107	145
297	329
69	79
309	409
153	211
281	329
85	91
18	18
349	357
169	253
