HFSDDW
15	9	3
0	69	1	4	2	51
0	78	1	35	2	82
0	39	1	77	2	45
0	62	1	67	2	41
0	33	1	92	2	5
0	72	1	61	2	23
0	22	1	76	2	36
0	2	1	45	2	91
0	3	1	45	2	53
0	10	1	57	2	45
0	45	1	12	2	82
0	51	1	11	2	49
0	93	1	34	2	52
0	20	1	94	2	43
0	34	1	94	2	82
LBCmax: 311
RELDUE
-1	8	3	3
-1	272	2	1
-1	49	2	6
-1	51	6	8
-1	183	8	5
-1	155	8	3
-1	0	7	1
-1	12	8	9
-1	223	7	5
-1	187	1	9
-1	180	5	3
-1	150	8	8
-1	154	8	4
-1	205	9	1
-1	248	8	4
DDW
7	9
261	283
46	52
47	55
165	201
144	166
0	0
12	12
205	241
181	193
169	191
147	153
146	162
189	221
223	273
