HFSDDW
20	4	2
0	6	1	87
0	17	1	84
0	96	1	43
0	83	1	47
0	87	1	44
0	80	1	48
0	42	1	76
0	30	1	4
0	12	1	68
0	16	1	20
0	79	1	77
0	37	1	5
0	32	1	69
0	48	1	86
0	44	1	61
0	16	1	63
0	20	1	54
0	81	1	84
0	9	1	13
0	68	1	89
LBCmax: 569
RELDUE
-1	375	9	9
-1	208	1	3
-1	447	3	2
-1	142	3	8
-1	267	9	5
-1	413	9	9
-1	103	9	3
-1	184	4	3
-1	3	9	1
-1	338	5	5
-1	475	4	1
-1	161	7	7
-1	61	7	7
-1	500	4	2
-1	131	2	5
-1	102	4	9
-1	226	6	4
-1	8	9	8
-1	244	4	6
-1	94	1	4
DDW
352	398
198	218
425	469
132	152
246	288
372	454
99	107
166	202
3	3
335	341
456	494
153	169
57	65
495	505
119	143
93	111
221	231
8	8
229	259
88	100
