HFSDDW
15	8	4
0	21	1	63	2	90	3	77
0	55	1	40	2	9	3	61
0	55	1	48	2	59	3	79
0	44	1	96	2	31	3	66
0	76	1	34	2	51	3	81
0	47	1	9	2	43	3	35
0	7	1	70	2	27	3	56
0	55	1	53	2	78	3	32
0	54	1	16	2	36	3	26
0	68	1	77	2	94	3	3
0	36	1	7	2	25	3	36
0	41	1	6	2	89	3	12
0	67	1	51	2	82	3	93
0	49	1	97	2	10	3	13
0	21	1	55	2	70	3	85
LBCmax: 464
RELDUE
-1	268	4	8
-1	377	1	9
-1	248	1	8
-1	238	2	9
-1	426	1	7
-1	308	8	8
-1	301	6	1
-1	310	3	1
-1	401	2	1
-1	246	1	9
-1	504	8	1
-1	508	2	6
-1	340	2	8
-1	366	6	5
-1	357	6	5
DDW
222	314
336	418
246	250
212	264
366	486
290	326
292	310
270	350
345	457
244	248
403	605
442	574
337	343
340	392
296	418
