HFSDDW
20	4	2
0	34	1	1
0	57	1	94
0	59	1	6
0	50	1	59
0	99	1	93
0	5	1	7
0	24	1	49
0	9	1	51
0	70	1	79
0	53	1	99
0	31	1	12
0	41	1	74
0	58	1	5
0	97	1	23
0	85	1	88
0	75	1	74
0	59	1	13
0	95	1	37
0	74	1	88
0	30	1	41
LBCmax: 556
RELDUE
-1	380	1	3
-1	169	7	2
-1	199	2	3
-1	233	5	2
-1	71	5	7
-1	380	7	8
-1	62	5	2
-1	308	1	9
-1	168	7	8
-1	265	7	6
-1	164	1	2
-1	119	9	3
-1	249	6	6
-1	319	2	8
-1	290	4	7
-1	128	8	9
-1	253	5	7
-1	332	3	7
-1	177	6	3
-1	237	4	7
DDW
342	418
137	201
189	209
203	263
58	84
338	422
53	71
277	339
141	195
225	305
146	182
101	137
242	256
268	370
258	322
105	151
233	273
295	369
156	198
206	268
