HFSDDW
20	9	3
0	56	1	9	2	49
0	81	1	63	2	15
0	39	1	26	2	52
0	87	1	38	2	25
0	98	1	81	2	61
0	66	1	53	2	46
0	90	1	12	2	87
0	15	1	38	2	26
0	68	1	62	2	70
0	48	1	43	2	44
0	6	1	19	2	88
0	52	1	21	2	29
0	43	1	11	2	88
0	15	1	26	2	84
0	82	1	35	2	22
0	20	1	24	2	90
0	3	1	44	2	50
0	72	1	70	2	97
0	75	1	42	2	71
0	24	1	13	2	1
LBCmax: 402
RELDUE
-1	228	4	8
-1	340	5	9
-1	321	9	4
-1	141	5	9
-1	317	7	8
-1	166	6	2
-1	208	9	8
-1	231	7	4
-1	266	1	7
-1	199	5	1
-1	176	8	8
-1	225	3	7
-1	259	2	1
-1	304	2	9
-1	327	2	7
-1	128	1	7
-1	199	2	6
-1	129	6	6
-1	131	5	8
-1	239	2	5
DDW
194	262
309	371
276	366
117	165
269	365
164	168
187	229
199	263
261	271
177	221
174	178
198	252
231	287
301	307
281	373
111	145
177	221
110	148
110	152
196	282
