HFSDDW
20	9	3
0	10	1	73	2	87
0	4	1	43	2	10
0	71	1	71	2	6
0	22	1	22	2	65
0	18	1	43	2	99
0	30	1	39	2	89
0	45	1	53	2	51
0	23	1	61	2	65
0	2	1	20	2	71
0	87	1	26	2	63
0	76	1	56	2	7
0	94	1	17	2	81
0	32	1	41	2	20
0	50	1	88	2	15
0	36	1	75	2	22
0	10	1	41	2	1
0	64	1	47	2	21
0	7	1	45	2	51
0	96	1	86	2	12
0	23	1	2	2	24
LBCmax: 327
RELDUE
-1	189	8	7
-1	218	3	8
-1	192	4	7
-1	191	1	5
-1	193	9	3
-1	206	7	1
-1	202	4	9
-1	178	1	1
-1	180	7	9
-1	175	3	6
-1	228	5	2
-1	228	7	5
-1	209	5	3
-1	226	4	5
-1	206	8	6
-1	187	9	3
-1	221	8	1
-1	220	5	7
-1	191	6	6
-1	225	9	7
DDW
166	212
216	220
182	202
153	229
174	212
169	243
178	226
151	205
149	211
154	196
196	260
185	271
184	234
185	267
187	225
163	211
177	265
185	255
180	202
216	234
