HFSDDW
20	12	4
0	62	1	13	2	9	3	46
0	79	1	57	2	90	3	38
0	24	1	41	2	61	3	19
0	64	1	48	2	32	3	33
0	51	1	8	2	70	3	69
0	2	1	82	2	63	3	54
0	6	1	99	2	83	3	13
0	24	1	43	2	23	3	68
0	86	1	85	2	94	3	34
0	35	1	82	2	36	3	20
0	65	1	97	2	78	3	46
0	71	1	13	2	37	3	24
0	49	1	94	2	34	3	16
0	96	1	58	2	96	3	80
0	50	1	54	2	40	3	80
0	74	1	77	2	14	3	80
0	19	1	92	2	32	3	78
0	54	1	98	2	97	3	68
0	71	1	50	2	4	3	4
0	5	1	17	2	82	3	93
LBCmax: 446
RELDUE
-1	326	8	6
-1	309	7	5
-1	328	9	6
-1	176	4	5
-1	88	5	9
-1	75	7	3
-1	367	7	5
-1	172	2	2
-1	441	2	8
-1	110	7	2
-1	420	2	1
-1	406	9	4
-1	234	2	2
-1	295	3	2
-1	249	1	2
-1	437	2	1
-1	420	9	1
-1	482	2	1
-1	167	8	2
-1	397	3	5
DDW
303	349
300	318
302	354
158	194
84	92
70	80
363	371
155	189
423	459
106	114
386	454
365	447
227	241
289	301
234	264
402	472
391	449
463	501
160	174
365	429
