HFSDDW
20	4	2
0	75	1	7
0	67	1	42
0	11	1	97
0	39	1	58
0	33	1	64
0	89	1	27
0	95	1	9
0	95	1	2
0	58	1	11
0	99	1	73
0	39	1	48
0	67	1	20
0	14	1	87
0	34	1	56
0	56	1	4
0	60	1	14
0	5	1	56
0	64	1	47
0	74	1	6
0	55	1	77
LBCmax: 568
RELDUE
-1	259	6	8
-1	398	1	3
-1	291	1	7
-1	453	3	4
-1	7	4	5
-1	12	3	5
-1	238	6	3
-1	256	2	6
-1	0	8	7
-1	420	1	1
-1	125	4	8
-1	0	5	7
-1	113	7	5
-1	426	8	2
-1	6	5	4
-1	96	1	3
-1	168	7	3
-1	207	2	7
-1	102	8	3
-1	76	8	4
DDW
236	282
390	406
285	297
421	485
7	7
11	13
224	252
253	259
0	0
395	445
120	130
0	0
108	118
413	439
5	7
87	105
161	175
201	213
96	108
71	81
