HFSDDW
20	8	4
0	5	1	18	2	53	3	97
0	22	1	51	2	88	3	59
0	87	1	22	2	59	3	22
0	49	1	88	2	34	3	57
0	78	1	42	2	80	3	94
0	98	1	4	2	19	3	92
0	51	1	80	2	29	3	70
0	27	1	46	2	5	3	3
0	69	1	37	2	56	3	45
0	11	1	83	2	66	3	10
0	12	1	25	2	19	3	34
0	67	1	8	2	47	3	12
0	1	1	24	2	15	3	21
0	52	1	34	2	21	3	2
0	98	1	60	2	47	3	41
0	23	1	18	2	32	3	41
0	17	1	56	2	52	3	12
0	33	1	88	2	47	3	95
0	75	1	71	2	82	3	73
0	84	1	85	2	26	3	44
LBCmax: 535
RELDUE
-1	268	6	4
-1	215	8	2
-1	385	7	2
-1	171	5	8
-1	261	5	5
-1	433	2	2
-1	323	4	1
-1	273	1	1
-1	213	5	3
-1	335	1	3
-1	309	1	2
-1	321	9	8
-1	278	4	9
-1	240	6	5
-1	439	8	8
-1	463	8	1
-1	459	7	2
-1	411	8	9
-1	216	4	6
-1	195	3	2
DDW
247	289
183	247
320	450
147	195
240	282
403	463
310	336
254	292
204	222
278	392
278	340
279	363
239	317
197	283
430	448
426	500
418	500
329	493
184	248
164	226
