HFSDDW
20	9	3
0	36	1	14	2	25
0	50	1	39	2	77
0	3	1	49	2	84
0	81	1	20	2	84
0	56	1	29	2	12
0	22	1	99	2	10
0	52	1	75	2	69
0	40	1	28	2	8
0	52	1	64	2	13
0	45	1	98	2	74
0	8	1	76	2	98
0	49	1	25	2	88
0	30	1	34	2	44
0	51	1	37	2	99
0	34	1	66	2	70
0	10	1	72	2	8
0	73	1	97	2	3
0	15	1	30	2	66
0	43	1	96	2	85
0	17	1	98	2	75
LBCmax: 414
RELDUE
-1	392	9	1
-1	361	7	1
-1	330	7	9
-1	165	5	3
-1	431	1	3
-1	306	1	2
-1	482	4	7
-1	154	8	8
-1	139	5	3
-1	219	9	3
-1	508	3	6
-1	393	1	5
-1	398	1	4
-1	128	5	3
-1	283	3	7
-1	415	9	3
-1	149	8	6
-1	376	8	6
-1	277	8	5
-1	300	4	8
DDW
353	431
339	383
327	333
152	178
418	444
278	334
468	496
139	169
136	142
206	232
493	523
358	428
370	426
125	131
277	289
403	427
148	150
365	387
249	305
288	312
