HFSDDW
20	6	2
0	80	1	34
0	53	1	35
0	83	1	11
0	4	1	70
0	51	1	64
0	19	1	13
0	82	1	89
0	43	1	53
0	44	1	91
0	12	1	12
0	43	1	66
0	74	1	36
0	97	1	84
0	39	1	93
0	57	1	42
0	68	1	64
0	90	1	15
0	71	1	83
0	95	1	57
0	94	1	36
LBCmax: 413
RELDUE
-1	365	7	1
-1	0	2	1
-1	14	9	5
-1	158	3	7
-1	46	2	6
-1	175	6	8
-1	0	9	7
-1	351	2	4
-1	10	5	3
-1	267	2	5
-1	71	8	4
-1	89	8	8
-1	191	2	4
-1	54	1	7
-1	330	3	6
-1	20	3	8
-1	205	2	9
-1	26	6	8
-1	116	9	1
-1	369	5	7
DDW
343	387
0	0
12	16
141	175
44	48
159	191
0	0
291	411
10	10
235	299
62	80
83	95
189	193
44	64
317	343
19	21
193	217
24	28
93	139
321	417
