HFSDDW
20	6	3
0	4	1	13	2	94
0	73	1	24	2	49
0	46	1	1	2	51
0	81	1	50	2	57
0	17	1	56	2	53
0	80	1	83	2	24
0	63	1	10	2	50
0	72	1	17	2	85
0	97	1	36	2	85
0	99	1	64	2	44
0	93	1	42	2	63
0	52	1	68	2	26
0	42	1	83	2	11
0	74	1	42	2	68
0	95	1	70	2	96
0	38	1	25	2	87
0	48	1	24	2	63
0	32	1	3	2	41
0	14	1	32	2	95
0	10	1	76	2	87
LBCmax: 641
RELDUE
-1	308	1	9
-1	244	5	4
-1	203	8	6
-1	94	4	3
-1	403	4	4
-1	97	3	3
-1	426	1	3
-1	313	1	9
-1	401	3	8
-1	168	8	8
-1	212	4	6
-1	64	9	2
-1	113	8	6
-1	410	2	2
-1	325	7	3
-1	377	5	5
-1	357	2	2
-1	244	7	6
-1	408	9	9
-1	293	3	3
DDW
265	351
207	281
191	215
84	104
322	484
95	99
345	507
257	369
337	465
143	193
191	233
52	76
98	128
406	414
312	338
336	418
286	428
229	259
359	457
281	305
