HFSDDW
20	12	4
0	35	1	81	2	45	3	19
0	54	1	73	2	9	3	8
0	6	1	83	2	45	3	93
0	6	1	55	2	65	3	34
0	86	1	71	2	24	3	49
0	51	1	18	2	78	3	22
0	5	1	49	2	35	3	99
0	67	1	13	2	55	3	72
0	34	1	33	2	97	3	52
0	74	1	73	2	60	3	2
0	70	1	52	2	88	3	94
0	77	1	97	2	11	3	71
0	94	1	34	2	78	3	57
0	70	1	36	2	49	3	17
0	3	1	24	2	14	3	6
0	39	1	10	2	41	3	92
0	29	1	73	2	60	3	73
0	57	1	14	2	59	3	14
0	11	1	23	2	78	3	99
0	30	1	84	2	44	3	8
LBCmax: 422
RELDUE
-1	243	4	4
-1	264	2	8
-1	215	7	6
-1	238	5	5
-1	240	6	5
-1	294	8	2
-1	211	8	1
-1	294	7	7
-1	281	1	1
-1	279	6	3
-1	252	7	6
-1	254	9	7
-1	261	6	1
-1	257	5	6
-1	264	6	2
-1	262	8	4
-1	220	2	4
-1	292	7	1
-1	266	5	3
-1	214	6	7
DDW
228	258
248	280
204	226
228	248
216	264
285	303
194	228
276	312
256	306
254	304
237	267
251	257
251	271
247	267
253	275
241	283
209	231
280	304
261	271
199	229
