HFSDDW
20	12	4
0	76	1	83	2	26	3	14
0	62	1	70	2	42	3	76
0	37	1	96	2	90	3	76
0	93	1	58	2	96	3	47
0	99	1	51	2	31	3	57
0	71	1	79	2	92	3	60
0	23	1	87	2	79	3	30
0	54	1	56	2	72	3	10
0	48	1	78	2	26	3	65
0	55	1	63	2	46	3	69
0	93	1	92	2	15	3	40
0	22	1	95	2	84	3	99
0	7	1	66	2	16	3	4
0	1	1	71	2	52	3	97
0	90	1	66	2	91	3	74
0	90	1	12	2	23	3	81
0	24	1	80	2	28	3	15
0	33	1	32	2	92	3	36
0	5	1	61	2	64	3	79
0	64	1	52	2	38	3	27
LBCmax: 493
RELDUE
-1	150	7	7
-1	227	7	7
-1	171	7	8
-1	235	9	4
-1	188	1	7
-1	216	3	4
-1	157	3	6
-1	224	7	1
-1	174	8	4
-1	176	4	5
-1	221	7	5
-1	235	8	1
-1	219	6	1
-1	218	6	3
-1	226	8	8
-1	228	1	3
-1	217	4	9
-1	181	6	4
-1	163	2	5
-1	189	2	6
DDW
128	172
193	261
147	195
209	261
150	226
199	233
138	176
220	228
139	209
151	201
179	263
216	254
177	261
190	246
192	260
219	237
180	254
157	205
156	170
163	215
