HFSDDW
20	9	3
0	44	1	65	2	30
0	3	1	26	2	50
0	85	1	7	2	7
0	38	1	30	2	66
0	31	1	86	2	93
0	33	1	21	2	74
0	62	1	21	2	45
0	77	1	61	2	68
0	55	1	32	2	57
0	89	1	72	2	95
0	37	1	27	2	38
0	47	1	62	2	62
0	5	1	65	2	55
0	79	1	74	2	75
0	32	1	52	2	2
0	3	1	18	2	37
0	35	1	21	2	1
0	18	1	52	2	97
0	29	1	66	2	4
0	61	1	47	2	93
LBCmax: 387
RELDUE
-1	255	2	2
-1	261	5	5
-1	118	9	2
-1	63	7	4
-1	41	2	9
-1	45	6	4
-1	105	2	6
-1	234	8	8
-1	96	4	2
-1	112	5	9
-1	105	7	4
-1	169	2	1
-1	84	9	4
-1	231	9	7
-1	146	5	6
-1	200	2	9
-1	145	9	9
-1	60	8	7
-1	194	4	8
-1	161	2	8
DDW
247	263
238	284
110	126
61	65
38	44
41	49
101	109
220	248
86	106
104	120
102	108
164	174
79	89
215	247
134	158
182	218
144	146
56	64
180	208
151	171
