HFSDDW
15	8	4
0	54	1	80	2	79	3	19
0	85	1	20	2	42	3	13
0	82	1	97	2	26	3	6
0	74	1	21	2	85	3	77
0	47	1	44	2	51	3	78
0	16	1	14	2	19	3	35
0	95	1	24	2	42	3	64
0	72	1	13	2	83	3	35
0	92	1	38	2	11	3	3
0	11	1	57	2	24	3	96
0	21	1	23	2	12	3	75
0	45	1	42	2	45	3	28
0	11	1	18	2	78	3	27
0	14	1	37	2	79	3	41
0	62	1	45	2	23	3	62
LBCmax: 451
RELDUE
-1	256	9	1
-1	257	4	9
-1	155	5	8
-1	235	2	5
-1	82	5	4
-1	291	6	2
-1	80	6	6
-1	144	7	4
-1	74	6	4
-1	270	6	2
-1	225	4	8
-1	290	4	6
-1	98	5	3
-1	191	1	2
-1	200	3	5
DDW
210	302
252	262
136	174
197	273
67	97
268	314
77	83
128	160
64	84
224	316
196	254
273	307
80	116
176	206
176	224
