HFSDDW
15	6	3
0	33	1	48	2	55
0	80	1	63	2	81
0	9	1	8	2	3
0	44	1	3	2	52
0	18	1	16	2	12
0	57	1	38	2	91
0	98	1	53	2	56
0	60	1	69	2	78
0	52	1	48	2	99
0	28	1	32	2	79
0	77	1	65	2	64
0	24	1	94	2	79
0	1	1	99	2	38
0	19	1	36	2	39
0	82	1	20	2	93
LBCmax: 508
RELDUE
-1	288	8	8
-1	260	7	3
-1	293	6	4
-1	315	8	9
-1	322	2	3
-1	313	6	4
-1	298	5	8
-1	305	2	2
-1	286	7	5
-1	320	8	2
-1	329	4	6
-1	334	7	6
-1	333	2	4
-1	283	2	3
-1	269	6	2
DDW
285	291
252	268
270	316
306	324
309	335
294	332
277	319
287	323
269	303
301	339
313	345
327	341
326	340
275	291
266	272
