HFSDDW
20	4	2
0	16	1	61
0	88	1	42
0	8	1	97
0	24	1	35
0	94	1	83
0	38	1	44
0	10	1	62
0	86	1	20
0	94	1	57
0	84	1	2
0	10	1	16
0	13	1	25
0	6	1	97
0	35	1	4
0	96	1	42
0	18	1	27
0	33	1	30
0	42	1	33
0	96	1	70
0	11	1	47
LBCmax: 454
RELDUE
-1	425	6	2
-1	154	4	5
-1	249	6	2
-1	417	1	8
-1	181	2	5
-1	574	3	3
-1	212	5	4
-1	322	4	1
-1	553	9	5
-1	584	2	1
-1	448	8	9
-1	379	2	9
-1	490	7	6
-1	524	5	5
-1	493	5	4
-1	138	8	3
-1	359	4	1
-1	424	8	4
-1	301	6	7
-1	184	9	9
DDW
348	502
142	166
237	261
384	450
152	210
522	626
208	216
293	351
498	608
496	672
435	461
303	455
441	539
493	555
458	528
119	157
352	366
386	462
253	349
182	186
