HFSDDW
20	12	4
0	35	1	83	2	20	3	68
0	23	1	43	2	93	3	25
0	94	1	12	2	76	3	34
0	77	1	80	2	66	3	21
0	38	1	23	2	14	3	39
0	35	1	91	2	14	3	50
0	67	1	57	2	66	3	63
0	59	1	57	2	77	3	53
0	42	1	54	2	71	3	71
0	5	1	53	2	95	3	22
0	51	1	66	2	66	3	70
0	2	1	33	2	54	3	20
0	12	1	1	2	84	3	60
0	46	1	79	2	68	3	44
0	70	1	69	2	1	3	66
0	76	1	31	2	66	3	37
0	35	1	23	2	91	3	24
0	10	1	95	2	17	3	85
0	27	1	92	2	87	3	69
0	25	1	44	2	49	3	34
LBCmax: 451
RELDUE
-1	58	4	3
-1	252	1	2
-1	278	8	9
-1	308	4	5
-1	373	9	9
-1	119	2	3
-1	78	2	7
-1	330	6	3
-1	433	8	1
-1	167	6	2
-1	49	2	3
-1	204	4	8
-1	279	9	8
-1	177	3	9
-1	248	5	6
-1	140	7	9
-1	495	1	7
-1	175	9	7
-1	203	4	4
-1	397	7	7
DDW
48	68
224	280
236	320
253	363
366	380
100	138
75	81
271	389
372	494
162	172
45	53
165	243
243	315
170	184
216	280
136	144
401	589
164	186
193	213
393	401
