HFSDDW
20	9	3
0	22	1	6	2	87
0	58	1	74	2	63
0	50	1	24	2	82
0	15	1	38	2	60
0	8	1	70	2	71
0	85	1	68	2	83
0	30	1	7	2	7
0	40	1	74	2	85
0	33	1	96	2	37
0	26	1	16	2	99
0	65	1	89	2	22
0	63	1	60	2	23
0	2	1	8	2	55
0	11	1	35	2	15
0	76	1	81	2	29
0	68	1	17	2	87
0	97	1	93	2	12
0	25	1	22	2	53
0	45	1	82	2	31
0	3	1	26	2	78
LBCmax: 382
RELDUE
-1	97	8	5
-1	92	3	3
-1	55	8	4
-1	228	7	7
-1	151	2	7
-1	149	9	9
-1	125	8	7
-1	139	8	2
-1	61	1	9
-1	148	3	8
-1	231	3	7
-1	176	7	5
-1	102	1	5
-1	82	9	1
-1	203	8	5
-1	249	2	4
-1	183	5	6
-1	250	9	7
-1	167	9	8
-1	186	9	1
DDW
81	113
79	105
52	58
212	244
133	169
122	176
105	145
124	154
57	65
129	167
192	270
151	201
89	115
69	95
187	219
244	254
156	210
210	290
162	172
171	201
