HFSDDW
20	6	2
0	94	1	16
0	31	1	45
0	70	1	79
0	64	1	51
0	57	1	1
0	57	1	17
0	52	1	53
0	31	1	58
0	46	1	34
0	92	1	74
0	15	1	19
0	22	1	4
0	1	1	24
0	72	1	61
0	51	1	29
0	77	1	44
0	31	1	55
0	8	1	81
0	20	1	35
0	58	1	72
LBCmax: 324
RELDUE
-1	220	1	1
-1	217	9	3
-1	217	3	2
-1	198	8	9
-1	169	5	5
-1	211	4	2
-1	222	7	2
-1	191	8	3
-1	220	4	6
-1	198	9	3
-1	215	3	3
-1	201	7	9
-1	167	5	2
-1	190	4	8
-1	212	8	3
-1	212	8	9
-1	223	9	1
-1	179	6	8
-1	191	8	5
-1	193	3	9
DDW
180	260
176	258
174	260
182	214
162	176
179	243
184	260
157	225
194	246
178	218
196	234
189	213
154	180
182	198
204	220
176	248
207	239
177	181
159	223
189	197
