HFSDDW
15	6	3
0	91	1	17	2	51
0	16	1	1	2	20
0	71	1	37	2	10
0	16	1	1	2	60
0	12	1	32	2	29
0	8	1	24	2	86
0	89	1	41	2	13
0	65	1	39	2	66
0	7	1	19	2	93
0	6	1	10	2	85
0	52	1	46	2	98
0	46	1	56	2	6
0	5	1	93	2	29
0	26	1	81	2	34
0	6	1	12	2	75
LBCmax: 394
RELDUE
-1	185	3	6
-1	187	3	3
-1	182	6	5
-1	149	6	6
-1	118	7	3
-1	165	1	3
-1	129	6	6
-1	163	6	8
-1	192	6	3
-1	121	9	2
-1	139	3	2
-1	179	7	1
-1	185	3	4
-1	125	9	1
-1	183	4	3
DDW
179	191
181	193
166	198
142	156
106	130
162	168
128	130
148	178
182	202
117	125
135	143
174	184
183	187
122	128
165	201
