HFSDDW
15	6	3
0	41	1	35	2	60
0	70	1	94	2	74
0	16	1	1	2	98
0	58	1	96	2	53
0	84	1	68	2	81
0	27	1	79	2	24
0	86	1	11	2	20
0	61	1	52	2	41
0	58	1	78	2	55
0	23	1	15	2	76
0	38	1	36	2	11
0	57	1	69	2	75
0	85	1	21	2	23
0	13	1	30	2	9
0	72	1	34	2	68
LBCmax: 430
RELDUE
-1	146	2	9
-1	274	8	3
-1	178	2	6
-1	453	4	3
-1	59	9	1
-1	126	4	6
-1	432	1	7
-1	309	8	2
-1	315	9	2
-1	177	7	4
-1	383	3	3
-1	400	3	1
-1	125	6	5
-1	97	7	5
-1	111	3	9
DDW
131	161
255	293
176	180
448	458
53	65
121	131
419	445
294	324
309	321
175	179
349	417
388	412
120	130
88	106
103	119
