HFSDDW
15	12	4
0	78	1	35	2	9	3	47
0	32	1	95	2	97	3	75
0	97	1	32	2	67	3	81
0	70	1	70	2	15	3	41
0	98	1	71	2	43	3	9
0	89	1	32	2	28	3	16
0	42	1	76	2	31	3	29
0	44	1	5	2	56	3	98
0	74	1	94	2	54	3	35
0	95	1	99	2	62	3	40
0	65	1	15	2	37	3	9
0	2	1	71	2	89	3	54
0	76	1	19	2	26	3	1
0	64	1	50	2	83	3	47
0	8	1	93	2	5	3	55
LBCmax: 373
RELDUE
-1	353	7	9
-1	371	2	2
-1	228	7	8
-1	460	7	5
-1	394	3	8
-1	370	5	4
-1	141	3	2
-1	395	1	3
-1	170	1	9
-1	409	1	7
-1	282	9	8
-1	480	4	4
-1	144	3	6
-1	125	2	4
-1	274	9	7
DDW
342	364
334	408
212	244
455	465
390	398
348	392
128	154
363	427
163	177
380	438
257	307
470	490
143	145
122	128
269	279
