HFSDDW
15	8	4
0	35	1	12	2	45	3	86
0	5	1	8	2	15	3	27
0	62	1	12	2	83	3	84
0	83	1	65	2	97	3	36
0	28	1	9	2	5	3	28
0	55	1	75	2	85	3	12
0	22	1	42	2	60	3	91
0	95	1	7	2	66	3	22
0	14	1	99	2	4	3	69
0	25	1	25	2	30	3	85
0	77	1	31	2	62	3	78
0	26	1	54	2	74	3	38
0	38	1	28	2	65	3	15
0	15	1	23	2	94	3	60
0	26	1	34	2	64	3	62
LBCmax: 474
RELDUE
-1	182	3	2
-1	114	1	8
-1	137	7	7
-1	205	3	5
-1	178	7	4
-1	223	5	1
-1	249	9	1
-1	287	4	4
-1	224	9	6
-1	128	7	4
-1	77	5	9
-1	53	1	3
-1	274	6	8
-1	104	9	7
-1	191	1	2
DDW
169	195
109	119
123	151
189	221
164	192
212	234
244	254
273	301
202	246
115	141
75	79
49	57
255	293
102	106
172	210
