HFSDDW
20	9	3
0	78	1	56	2	79
0	9	1	35	2	21
0	41	1	18	2	53
0	59	1	37	2	73
0	21	1	37	2	98
0	30	1	33	2	77
0	96	1	76	2	83
0	86	1	27	2	11
0	19	1	94	2	81
0	57	1	77	2	45
0	44	1	6	2	50
0	20	1	83	2	66
0	35	1	14	2	25
0	19	1	41	2	55
0	12	1	64	2	25
0	97	1	87	2	57
0	87	1	13	2	62
0	59	1	38	2	51
0	58	1	91	2	30
0	68	1	90	2	41
LBCmax: 410
RELDUE
-1	122	1	3
-1	303	7	6
-1	125	8	8
-1	0	7	9
-1	20	6	9
-1	85	4	6
-1	55	3	8
-1	0	8	6
-1	178	2	1
-1	89	5	9
-1	352	7	8
-1	38	1	5
-1	176	2	4
-1	280	1	6
-1	101	2	3
-1	76	2	7
-1	266	8	7
-1	212	4	2
-1	314	2	7
-1	43	3	3
DDW
113	131
294	312
119	131
0	0
18	22
82	88
50	60
0	0
160	196
82	96
345	359
35	41
172	180
252	308
96	106
74	78
258	274
208	216
298	330
41	45
