HFSDDW
20	8	4
0	85	1	58	2	3	3	67
0	43	1	80	2	29	3	76
0	70	1	91	2	36	3	43
0	32	1	6	2	34	3	31
0	49	1	32	2	57	3	16
0	49	1	19	2	23	3	20
0	10	1	59	2	99	3	50
0	46	1	2	2	59	3	65
0	83	1	8	2	24	3	83
0	89	1	67	2	36	3	18
0	38	1	72	2	36	3	61
0	38	1	58	2	83	3	83
0	90	1	85	2	61	3	56
0	2	1	33	2	86	3	66
0	36	1	82	2	57	3	83
0	80	1	79	2	30	3	68
0	32	1	71	2	59	3	24
0	81	1	50	2	42	3	82
0	96	1	40	2	78	3	77
0	82	1	61	2	81	3	52
LBCmax: 662
RELDUE
-1	564	9	6
-1	485	1	4
-1	541	4	8
-1	544	6	6
-1	518	5	1
-1	467	8	7
-1	547	1	1
-1	531	1	6
-1	490	2	7
-1	539	3	3
-1	527	1	1
-1	471	1	3
-1	475	1	4
-1	532	7	5
-1	512	1	2
-1	542	4	2
-1	519	3	2
-1	553	5	2
-1	503	2	2
-1	551	2	6
DDW
513	615
480	490
433	649
528	560
440	596
397	537
536	558
526	536
446	534
458	620
485	569
400	542
432	518
527	537
451	573
439	645
457	581
465	641
463	543
540	562
