HFSDDW
20	8	4
0	73	1	79	2	46	3	30
0	54	1	62	2	42	3	38
0	85	1	98	2	62	3	48
0	94	1	43	2	41	3	64
0	97	1	61	2	86	3	97
0	74	1	62	2	70	3	16
0	68	1	44	2	99	3	33
0	71	1	68	2	14	3	51
0	38	1	1	2	88	3	11
0	86	1	27	2	4	3	39
0	4	1	45	2	4	3	60
0	56	1	67	2	78	3	15
0	50	1	54	2	63	3	94
0	93	1	19	2	50	3	12
0	9	1	30	2	62	3	11
0	62	1	9	2	67	3	17
0	84	1	11	2	11	3	93
0	54	1	31	2	77	3	71
0	57	1	47	2	93	3	30
0	58	1	11	2	60	3	2
LBCmax: 705
RELDUE
-1	627	6	8
-1	714	6	2
-1	706	7	9
-1	421	4	5
-1	376	3	2
-1	432	5	9
-1	597	7	6
-1	432	5	7
-1	566	3	5
-1	679	1	6
-1	361	5	9
-1	592	4	7
-1	628	3	2
-1	747	1	6
-1	680	7	9
-1	755	5	7
-1	684	4	2
-1	722	5	8
-1	673	3	6
-1	541	4	2
DDW
571	683
700	728
635	777
408	434
365	387
428	436
543	651
428	436
538	594
672	686
336	386
574	610
578	678
740	754
612	748
702	808
650	718
657	787
606	740
509	573
