HFSDDW
15	12	4
0	71	1	93	2	59	3	18
0	39	1	32	2	64	3	40
0	81	1	34	2	74	3	16
0	28	1	16	2	1	3	23
0	41	1	17	2	91	3	11
0	29	1	16	2	99	3	64
0	81	1	42	2	8	3	68
0	59	1	59	2	19	3	18
0	41	1	40	2	77	3	94
0	56	1	48	2	64	3	18
0	43	1	24	2	26	3	52
0	27	1	10	2	98	3	88
0	72	1	17	2	84	3	9
0	43	1	80	2	9	3	56
0	94	1	94	2	36	3	97
LBCmax: 362
RELDUE
-1	87	1	9
-1	245	5	4
-1	211	7	4
-1	82	2	9
-1	68	4	7
-1	159	1	7
-1	198	6	3
-1	227	2	1
-1	120	6	2
-1	49	7	9
-1	181	5	4
-1	236	1	4
-1	149	7	4
-1	197	1	5
-1	181	6	5
DDW
70	104
216	274
181	241
80	84
67	69
137	181
178	218
200	254
104	136
44	54
179	183
189	283
137	161
177	217
177	185
