HFSDDW
15	6	3
0	34	1	84	2	73
0	76	1	52	2	39
0	6	1	52	2	14
0	73	1	43	2	75
0	53	1	77	2	3
0	80	1	54	2	6
0	4	1	37	2	32
0	21	1	61	2	44
0	2	1	80	2	18
0	38	1	64	2	56
0	99	1	6	2	51
0	70	1	27	2	4
0	23	1	10	2	98
0	59	1	61	2	53
0	57	1	96	2	32
LBCmax: 409
RELDUE
-1	356	2	7
-1	181	8	6
-1	316	7	4
-1	320	3	8
-1	164	5	9
-1	157	6	5
-1	359	1	5
-1	297	7	8
-1	220	6	6
-1	155	2	1
-1	157	6	4
-1	179	6	5
-1	195	4	1
-1	305	4	2
-1	299	6	2
DDW
295	417
147	215
291	341
301	339
151	177
127	187
309	409
238	356
209	231
126	184
133	181
163	195
183	207
253	357
263	335
