HFSDDW
20	4	2
0	96	1	69
0	86	1	6
0	91	1	87
0	68	1	44
0	14	1	8
0	24	1	58
0	14	1	83
0	7	1	68
0	92	1	49
0	16	1	57
0	13	1	82
0	34	1	88
0	85	1	13
0	38	1	97
0	6	1	62
0	93	1	41
0	49	1	1
0	43	1	37
0	22	1	28
0	96	1	74
LBCmax: 533
RELDUE
-1	404	5	7
-1	135	4	5
-1	162	2	8
-1	315	1	2
-1	283	4	7
-1	384	5	6
-1	0	5	4
-1	460	7	7
-1	431	4	6
-1	220	3	1
-1	435	1	4
-1	147	1	5
-1	426	7	6
-1	15	5	4
-1	0	9	3
-1	20	1	3
-1	132	1	2
-1	470	3	2
-1	53	9	9
-1	365	5	8
DDW
343	465
108	162
143	181
299	331
277	289
361	407
0	0
414	506
392	470
207	233
370	500
126	168
362	490
14	16
0	0
20	20
115	149
390	550
44	62
321	409
