HFSDDW
20	9	3
0	22	1	68	2	83
0	49	1	35	2	44
0	66	1	68	2	53
0	98	1	21	2	27
0	25	1	25	2	78
0	25	1	39	2	17
0	20	1	29	2	94
0	93	1	34	2	14
0	74	1	18	2	72
0	97	1	66	2	41
0	13	1	72	2	36
0	38	1	77	2	77
0	28	1	67	2	32
0	87	1	1	2	29
0	99	1	76	2	48
0	24	1	90	2	85
0	16	1	63	2	83
0	85	1	30	2	80
0	99	1	28	2	35
0	70	1	75	2	17
LBCmax: 418
RELDUE
-1	224	3	8
-1	214	8	1
-1	47	6	3
-1	73	4	6
-1	259	4	5
-1	163	4	6
-1	272	9	2
-1	260	2	3
-1	161	3	8
-1	43	9	1
-1	286	3	1
-1	222	4	2
-1	254	6	2
-1	123	1	9
-1	113	5	4
-1	205	4	7
-1	279	1	3
-1	186	9	8
-1	205	8	9
-1	168	5	6
DDW
220	228
197	231
42	52
58	88
228	290
150	176
228	316
224	296
155	167
34	52
263	309
218	226
218	290
107	139
108	118
195	215
251	307
160	212
189	221
153	183
