HFSDDW
20	4	2
0	48	1	9
0	52	1	84
0	8	1	98
0	62	1	51
0	60	1	51
0	39	1	8
0	78	1	32
0	19	1	45
0	22	1	59
0	81	1	47
0	95	1	2
0	9	1	19
0	49	1	14
0	3	1	15
0	67	1	15
0	79	1	74
0	86	1	61
0	1	1	2
0	13	1	38
0	94	1	97
LBCmax: 487
RELDUE
-1	284	9	5
-1	306	8	5
-1	312	7	6
-1	241	2	2
-1	91	3	2
-1	57	3	8
-1	240	6	8
-1	332	7	1
-1	322	2	4
-1	331	1	5
-1	257	5	1
-1	98	2	7
-1	164	4	6
-1	261	4	2
-1	254	9	5
-1	186	1	8
-1	50	1	1
-1	146	1	3
-1	151	1	4
-1	323	9	5
DDW
258	310
291	321
290	334
222	260
85	97
52	62
226	254
312	352
319	325
308	354
247	267
92	104
159	169
238	284
241	267
167	205
48	52
143	149
149	153
320	326
