HFSDDW
20	6	2
0	13	1	7
0	11	1	49
0	6	1	70
0	87	1	7
0	26	1	18
0	20	1	73
0	63	1	9
0	26	1	53
0	43	1	49
0	34	1	58
0	34	1	53
0	48	1	51
0	36	1	12
0	8	1	98
0	67	1	40
0	63	1	90
0	92	1	97
0	56	1	25
0	26	1	23
0	88	1	58
LBCmax: 322
RELDUE
-1	98	6	8
-1	157	4	8
-1	113	5	3
-1	151	8	6
-1	120	5	1
-1	147	3	2
-1	106	6	7
-1	122	5	4
-1	111	3	6
-1	134	2	6
-1	118	9	7
-1	115	7	1
-1	126	1	4
-1	157	5	1
-1	111	7	9
-1	135	6	6
-1	134	1	9
-1	135	9	2
-1	105	5	4
-1	157	3	1
DDW
78	118
141	173
93	133
143	159
112	128
143	151
91	121
105	139
102	120
111	157
110	126
93	137
115	137
140	174
89	133
108	162
130	138
127	143
88	122
151	163
