HFSDDW
20	8	4
0	36	1	3	2	65	3	66
0	85	1	38	2	52	3	6
0	39	1	14	2	18	3	67
0	61	1	53	2	92	3	62
0	5	1	52	2	9	3	18
0	47	1	57	2	44	3	32
0	59	1	36	2	55	3	22
0	36	1	18	2	74	3	84
0	6	1	33	2	65	3	21
0	30	1	16	2	92	3	52
0	5	1	45	2	1	3	92
0	69	1	7	2	14	3	10
0	41	1	31	2	72	3	95
0	96	1	53	2	16	3	78
0	59	1	33	2	7	3	49
0	83	1	31	2	70	3	21
0	40	1	34	2	61	3	29
0	87	1	71	2	32	3	88
0	59	1	56	2	14	3	3
0	56	1	51	2	62	3	53
LBCmax: 552
RELDUE
-1	411	5	8
-1	436	2	7
-1	475	9	8
-1	390	4	4
-1	437	4	2
-1	473	2	1
-1	484	7	5
-1	444	3	4
-1	404	5	6
-1	482	7	6
-1	455	5	1
-1	494	2	1
-1	396	1	4
-1	434	8	2
-1	463	8	4
-1	468	3	7
-1	469	9	3
-1	475	1	4
-1	445	3	1
-1	425	1	6
DDW
390	432
414	458
466	484
386	394
406	468
445	501
469	499
417	471
396	412
463	501
441	469
489	499
392	400
391	477
421	505
449	487
431	507
461	489
414	476
395	455
