HFSDDW
20	12	4
0	66	1	36	2	7	3	25
0	29	1	23	2	17	3	49
0	73	1	90	2	95	3	43
0	33	1	91	2	36	3	62
0	57	1	50	2	73	3	19
0	66	1	48	2	32	3	33
0	24	1	78	2	32	3	92
0	9	1	80	2	79	3	7
0	13	1	73	2	7	3	47
0	47	1	47	2	58	3	86
0	58	1	67	2	12	3	75
0	19	1	99	2	59	3	73
0	81	1	1	2	56	3	43
0	55	1	4	2	36	3	19
0	5	1	74	2	1	3	51
0	90	1	25	2	40	3	93
0	12	1	89	2	31	3	60
0	84	1	88	2	15	3	10
0	92	1	87	2	60	3	99
0	37	1	56	2	14	3	25
LBCmax: 444
RELDUE
-1	129	7	9
-1	306	8	9
-1	93	8	5
-1	83	5	7
-1	151	4	4
-1	207	8	5
-1	271	6	7
-1	85	3	3
-1	210	2	3
-1	435	7	7
-1	235	4	2
-1	369	3	9
-1	248	5	4
-1	74	6	8
-1	468	9	3
-1	196	7	2
-1	164	9	8
-1	123	6	2
-1	330	7	2
-1	176	3	8
DDW
106	152
254	358
80	106
82	84
148	154
168	246
263	279
73	97
178	242
378	492
223	247
295	443
223	273
60	88
379	557
176	216
138	190
100	146
297	363
160	192
