HFSDDW
15	6	3
0	19	1	30	2	56
0	47	1	77	2	54
0	27	1	69	2	34
0	27	1	76	2	24
0	78	1	32	2	74
0	4	1	70	2	26
0	76	1	33	2	36
0	25	1	5	2	3
0	9	1	79	2	24
0	52	1	99	2	57
0	47	1	47	2	1
0	39	1	62	2	79
0	77	1	43	2	2
0	59	1	15	2	54
0	50	1	23	2	54
LBCmax: 388
RELDUE
-1	108	3	7
-1	211	7	7
-1	334	8	3
-1	0	3	4
-1	298	7	9
-1	105	3	3
-1	310	3	2
-1	70	2	8
-1	161	7	8
-1	110	5	7
-1	328	2	3
-1	59	5	2
-1	169	2	6
-1	109	2	5
-1	339	1	7
DDW
102	114
205	217
331	337
0	0
289	307
101	109
282	338
64	76
153	169
107	113
321	335
57	61
164	174
108	110
315	363
