HFSDDW
20	6	2
0	38	1	65
0	18	1	72
0	2	1	9
0	70	1	93
0	64	1	22
0	5	1	6
0	40	1	69
0	94	1	10
0	95	1	82
0	18	1	39
0	24	1	76
0	48	1	52
0	36	1	42
0	34	1	67
0	75	1	48
0	20	1	56
0	13	1	77
0	75	1	94
0	35	1	95
0	89	1	42
LBCmax: 384
RELDUE
-1	404	7	1
-1	90	2	2
-1	239	1	5
-1	224	9	6
-1	350	9	9
-1	344	7	1
-1	252	9	7
-1	81	4	1
-1	44	3	9
-1	274	7	6
-1	390	8	3
-1	331	6	2
-1	84	6	4
-1	132	4	8
-1	369	9	2
-1	275	7	7
-1	101	6	3
-1	291	7	9
-1	176	9	4
-1	265	5	3
DDW
368	440
81	99
234	244
222	226
318	382
310	378
229	275
78	84
40	48
252	296
374	406
324	338
76	92
121	143
339	399
258	292
97	105
288	294
164	188
249	281
