HFSDDW
20	6	2
0	90	1	57
0	66	1	70
0	47	1	29
0	9	1	48
0	76	1	34
0	32	1	82
0	9	1	66
0	12	1	77
0	30	1	20
0	89	1	19
0	57	1	30
0	72	1	71
0	92	1	48
0	60	1	75
0	71	1	77
0	66	1	15
0	7	1	62
0	41	1	55
0	69	1	84
0	98	1	31
LBCmax: 383
RELDUE
-1	158	7	3
-1	145	7	9
-1	165	7	2
-1	166	7	5
-1	157	3	6
-1	145	1	5
-1	147	2	6
-1	141	6	2
-1	156	6	1
-1	171	2	5
-1	133	1	3
-1	166	2	9
-1	137	5	1
-1	175	8	3
-1	143	3	8
-1	161	7	7
-1	180	1	9
-1	188	6	3
-1	174	6	7
-1	191	9	4
DDW
137	179
116	174
162	168
133	199
135	179
122	168
134	160
120	162
150	162
164	178
106	160
139	193
114	160
166	184
116	170
147	175
175	185
158	218
157	191
164	218
