HFSDDW
20	4	2
0	1	1	35
0	29	1	82
0	62	1	39
0	11	1	38
0	74	1	37
0	70	1	76
0	40	1	92
0	42	1	64
0	22	1	90
0	89	1	93
0	43	1	48
0	81	1	12
0	58	1	67
0	81	1	5
0	4	1	13
0	92	1	61
0	92	1	78
0	2	1	45
0	66	1	48
0	86	1	26
LBCmax: 531
RELDUE
-1	314	6	1
-1	301	4	6
-1	289	5	1
-1	269	8	6
-1	268	9	9
-1	268	9	7
-1	359	1	6
-1	346	5	1
-1	355	3	7
-1	312	1	5
-1	355	8	1
-1	303	2	6
-1	271	3	6
-1	321	5	4
-1	289	5	5
-1	321	9	5
-1	323	3	9
-1	283	7	4
-1	291	9	6
-1	368	6	9
DDW
301	327
283	319
240	338
221	317
241	295
263	273
334	384
315	377
351	359
303	321
334	376
255	351
266	276
273	369
277	301
286	356
265	381
238	328
271	311
302	434
