HFSDDW
15	8	4
0	34	1	18	2	66	3	30
0	40	1	40	2	58	3	55
0	67	1	80	2	5	3	71
0	72	1	3	2	44	3	85
0	56	1	80	2	2	3	17
0	15	1	62	2	66	3	70
0	65	1	55	2	88	3	57
0	81	1	97	2	49	3	50
0	37	1	44	2	91	3	74
0	66	1	29	2	44	3	85
0	5	1	64	2	73	3	91
0	12	1	88	2	39	3	66
0	7	1	4	2	43	3	7
0	34	1	51	2	81	3	71
0	51	1	95	2	65	3	85
LBCmax: 582
RELDUE
-1	241	5	9
-1	0	7	6
-1	375	7	2
-1	348	2	5
-1	125	7	5
-1	256	4	2
-1	141	8	6
-1	105	2	3
-1	9	7	6
-1	349	6	4
-1	57	1	9
-1	104	1	6
-1	152	6	5
-1	37	1	5
-1	12	4	8
DDW
236	246
0	0
368	382
334	362
120	130
233	279
130	152
101	109
8	10
325	373
55	59
98	110
137	167
36	38
11	13
