HFSDDW
20	6	2
0	85	1	42
0	47	1	45
0	59	1	7
0	75	1	65
0	52	1	47
0	1	1	63
0	20	1	83
0	18	1	56
0	55	1	61
0	7	1	27
0	1	1	32
0	46	1	50
0	34	1	37
0	39	1	95
0	58	1	67
0	58	1	92
0	47	1	84
0	2	1	17
0	48	1	22
0	54	1	25
LBCmax: 341
RELDUE
-1	238	7	8
-1	224	1	8
-1	236	8	1
-1	273	2	4
-1	285	8	1
-1	198	1	3
-1	189	1	8
-1	176	9	7
-1	361	9	9
-1	176	9	2
-1	216	3	4
-1	375	1	5
-1	181	5	6
-1	370	8	5
-1	246	5	5
-1	281	2	5
-1	366	1	3
-1	369	6	5
-1	194	2	5
-1	215	6	5
DDW
214	262
206	242
229	243
246	300
256	314
180	216
170	208
171	181
357	365
164	188
203	229
338	412
179	183
333	407
221	271
270	292
337	395
347	391
186	202
206	224
