HFSDDW
15	8	4
0	21	1	77	2	40	3	96
0	46	1	62	2	80	3	48
0	7	1	70	2	45	3	98
0	42	1	73	2	14	3	57
0	60	1	50	2	64	3	21
0	93	1	21	2	86	3	40
0	80	1	24	2	38	3	66
0	2	1	76	2	65	3	88
0	36	1	29	2	74	3	21
0	62	1	38	2	46	3	16
0	85	1	36	2	67	3	90
0	32	1	37	2	88	3	72
0	58	1	43	2	68	3	77
0	44	1	39	2	97	3	99
0	91	1	1	2	16	3	23
LBCmax: 575
RELDUE
-1	195	6	5
-1	139	9	1
-1	323	4	4
-1	235	6	1
-1	91	6	1
-1	385	8	5
-1	414	9	3
-1	134	7	3
-1	628	6	2
-1	591	3	9
-1	605	7	9
-1	186	4	8
-1	82	7	7
-1	338	7	7
-1	259	6	5
DDW
185	205
128	150
291	355
233	237
86	96
366	404
373	455
121	147
578	678
538	644
569	641
184	188
75	89
328	348
254	264
