HFSDDW
15	12	4
0	1	1	5	2	71	3	19
0	74	1	81	2	4	3	99
0	86	1	14	2	32	3	42
0	90	1	16	2	60	3	52
0	33	1	34	2	71	3	54
0	23	1	93	2	1	3	73
0	29	1	5	2	36	3	58
0	13	1	73	2	86	3	14
0	85	1	79	2	5	3	95
0	48	1	22	2	59	3	97
0	37	1	31	2	7	3	96
0	15	1	49	2	67	3	81
0	1	1	94	2	58	3	12
0	6	1	1	2	67	3	7
0	4	1	97	2	90	3	70
LBCmax: 374
RELDUE
-1	290	9	8
-1	289	1	6
-1	382	8	4
-1	217	5	6
-1	248	2	2
-1	227	7	1
-1	313	8	2
-1	210	9	9
-1	210	5	3
-1	331	9	5
-1	197	9	4
-1	213	9	7
-1	355	9	9
-1	354	6	7
-1	225	4	9
DDW
276	304
277	301
367	397
197	237
228	268
222	232
282	344
202	218
206	214
318	344
177	217
194	232
330	380
319	389
212	238
