HFSDDW
20	9	3
0	94	1	30	2	47
0	31	1	96	2	86
0	94	1	9	2	70
0	43	1	44	2	99
0	49	1	66	2	75
0	52	1	85	2	21
0	11	1	92	2	81
0	41	1	5	2	47
0	69	1	65	2	53
0	57	1	35	2	28
0	11	1	88	2	95
0	97	1	35	2	91
0	22	1	90	2	71
0	93	1	78	2	28
0	60	1	73	2	18
0	5	1	43	2	98
0	20	1	86	2	25
0	86	1	96	2	64
0	67	1	54	2	26
0	1	1	62	2	32
LBCmax: 440
RELDUE
-1	308	2	5
-1	320	4	5
-1	415	1	3
-1	332	9	3
-1	305	3	8
-1	368	6	2
-1	229	3	4
-1	358	6	4
-1	302	5	2
-1	443	4	6
-1	299	1	9
-1	471	7	4
-1	349	6	3
-1	265	4	8
-1	257	5	2
-1	363	7	9
-1	433	7	9
-1	301	1	8
-1	297	1	3
-1	391	4	1
DDW
268	348
272	368
394	436
295	369
293	317
361	375
197	261
351	365
266	338
377	509
296	302
410	532
286	412
228	302
224	290
338	388
355	511
298	304
241	353
332	450
