HFSDDW
15	8	4
0	93	1	53	2	1	3	74
0	40	1	77	2	8	3	39
0	28	1	99	2	71	3	90
0	8	1	8	2	68	3	87
0	10	1	82	2	87	3	17
0	85	1	78	2	96	3	95
0	87	1	4	2	32	3	46
0	74	1	90	2	46	3	2
0	12	1	51	2	40	3	8
0	24	1	41	2	64	3	1
0	99	1	22	2	9	3	47
0	96	1	85	2	21	3	98
0	25	1	62	2	19	3	52
0	7	1	29	2	60	3	15
0	57	1	5	2	87	3	36
LBCmax: 458
RELDUE
-1	354	6	7
-1	397	5	9
-1	407	1	8
-1	330	3	2
-1	378	2	7
-1	421	9	9
-1	447	8	9
-1	383	3	5
-1	417	2	5
-1	395	3	5
-1	403	4	6
-1	420	7	9
-1	280	3	1
-1	467	6	3
-1	277	6	9
DDW
319	389
369	425
387	427
320	340
302	454
379	463
438	456
375	391
342	492
352	438
391	415
386	454
249	311
406	528
241	313
