HFSDDW
20	6	2
0	16	1	85
0	6	1	76
0	18	1	33
0	18	1	98
0	30	1	97
0	16	1	17
0	99	1	40
0	21	1	43
0	39	1	24
0	23	1	78
0	22	1	16
0	61	1	49
0	97	1	93
0	24	1	26
0	73	1	61
0	76	1	99
0	3	1	55
0	40	1	82
0	85	1	41
0	8	1	42
LBCmax: 391
RELDUE
-1	258	1	9
-1	211	3	7
-1	214	2	2
-1	163	2	5
-1	264	1	4
-1	164	6	9
-1	274	2	8
-1	94	8	5
-1	51	4	1
-1	98	5	5
-1	99	9	9
-1	167	2	5
-1	161	4	2
-1	220	5	3
-1	228	7	4
-1	274	6	3
-1	97	6	8
-1	172	3	1
-1	223	5	1
-1	96	3	8
DDW
248	268
198	224
208	220
152	174
246	282
159	169
263	285
86	102
46	56
94	102
93	105
164	170
159	163
211	229
219	237
271	277
89	105
158	186
214	232
86	106
