HFSDDW
15	12	4
0	38	1	15	2	95	3	40
0	15	1	90	2	17	3	43
0	67	1	1	2	90	3	35
0	20	1	63	2	23	3	95
0	8	1	92	2	94	3	57
0	24	1	48	2	80	3	6
0	10	1	19	2	51	3	96
0	53	1	81	2	89	3	88
0	66	1	98	2	52	3	83
0	14	1	61	2	70	3	98
0	23	1	34	2	36	3	7
0	1	1	57	2	27	3	17
0	81	1	54	2	51	3	21
0	52	1	79	2	66	3	90
0	34	1	90	2	30	3	96
LBCmax: 391
RELDUE
-1	209	9	2
-1	163	7	1
-1	329	5	9
-1	320	4	2
-1	144	9	3
-1	120	7	4
-1	279	8	3
-1	166	6	5
-1	143	3	3
-1	210	7	6
-1	310	1	4
-1	226	5	9
-1	167	9	8
-1	343	1	1
-1	198	4	7
DDW
207	211
147	179
309	349
304	336
132	156
110	130
262	296
151	181
132	154
208	212
307	313
224	228
150	184
322	364
188	208
