HFSDDW
15	12	4
0	84	1	60	2	11	3	69
0	3	1	67	2	26	3	5
0	58	1	54	2	33	3	46
0	24	1	57	2	90	3	39
0	13	1	91	2	2	3	99
0	44	1	40	2	24	3	71
0	32	1	3	2	92	3	22
0	21	1	97	2	39	3	27
0	98	1	4	2	78	3	62
0	94	1	75	2	63	3	5
0	42	1	1	2	67	3	65
0	76	1	68	2	52	3	83
0	2	1	4	2	40	3	86
0	26	1	59	2	26	3	44
0	37	1	40	2	37	3	1
LBCmax: 332
RELDUE
-1	216	4	7
-1	168	6	9
-1	222	6	5
-1	206	1	2
-1	175	2	6
-1	169	5	1
-1	197	4	8
-1	179	4	3
-1	219	5	4
-1	185	6	3
-1	196	4	2
-1	191	1	5
-1	185	7	2
-1	231	3	1
-1	204	7	6
DDW
214	218
158	178
215	229
204	208
159	191
155	183
181	213
170	188
201	237
176	194
182	210
174	208
172	198
229	233
190	218
