HFSDDW
20	4	2
0	92	1	4
0	94	1	7
0	41	1	99
0	75	1	25
0	9	1	45
0	81	1	55
0	92	1	73
0	13	1	23
0	68	1	87
0	16	1	92
0	97	1	75
0	52	1	93
0	97	1	46
0	89	1	51
0	43	1	29
0	38	1	49
0	75	1	31
0	43	1	86
0	19	1	5
0	20	1	57
LBCmax: 582
RELDUE
-1	0	1	3
-1	105	8	8
-1	518	1	3
-1	73	8	6
-1	355	3	3
-1	439	1	6
-1	346	7	6
-1	314	8	7
-1	23	7	3
-1	325	2	2
-1	43	7	3
-1	216	4	7
-1	18	1	9
-1	318	4	1
-1	270	7	3
-1	40	4	2
-1	241	9	3
-1	0	5	8
-1	0	5	2
-1	496	2	4
DDW
0	0
104	106
497	539
66	80
330	380
413	465
318	374
295	333
21	25
296	354
41	45
210	222
17	19
286	350
265	275
36	44
219	263
0	0
0	0
486	506
