HFSDDW
20	6	3
0	47	1	47	2	86
0	54	1	75	2	71
0	4	1	7	2	25
0	83	1	49	2	80
0	63	1	50	2	73
0	80	1	65	2	69
0	69	1	4	2	93
0	18	1	8	2	96
0	32	1	13	2	38
0	99	1	43	2	88
0	7	1	20	2	38
0	64	1	20	2	32
0	13	1	46	2	49
0	83	1	80	2	89
0	42	1	8	2	78
0	24	1	98	2	33
0	18	1	42	2	80
0	66	1	92	2	30
0	82	1	29	2	39
0	90	1	22	2	62
LBCmax: 643
RELDUE
-1	449	2	1
-1	336	8	1
-1	570	1	4
-1	461	3	1
-1	621	8	9
-1	432	9	2
-1	485	3	8
-1	707	5	7
-1	437	3	1
-1	482	3	5
-1	584	8	9
-1	396	1	7
-1	399	7	6
-1	655	5	1
-1	411	1	7
-1	339	5	4
-1	615	7	2
-1	322	5	3
-1	389	2	6
-1	349	3	4
DDW
445	453
312	360
547	593
424	498
559	683
389	475
388	582
658	756
402	472
434	530
485	683
337	455
339	459
563	747
386	436
325	353
609	621
316	328
366	412
314	384
