HFSDDW
20	6	3
0	46	1	5	2	96
0	90	1	35	2	59
0	99	1	91	2	67
0	98	1	75	2	69
0	45	1	6	2	57
0	26	1	88	2	66
0	37	1	3	2	85
0	55	1	27	2	1
0	66	1	37	2	57
0	64	1	33	2	6
0	6	1	91	2	15
0	18	1	50	2	13
0	82	1	68	2	38
0	63	1	43	2	57
0	9	1	56	2	49
0	74	1	19	2	18
0	64	1	50	2	60
0	73	1	6	2	52
0	63	1	91	2	77
0	96	1	25	2	97
LBCmax: 620
RELDUE
-1	196	2	4
-1	401	9	8
-1	546	5	3
-1	568	8	6
-1	764	5	6
-1	706	4	8
-1	524	4	4
-1	355	6	1
-1	536	9	5
-1	463	6	6
-1	461	2	9
-1	313	6	2
-1	356	1	4
-1	649	5	3
-1	556	9	4
-1	365	4	1
-1	477	5	4
-1	628	8	6
-1	500	4	7
-1	753	2	6
DDW
176	216
361	441
502	590
511	625
756	772
664	748
482	566
323	387
525	547
435	491
443	479
310	316
352	360
591	707
512	600
354	376
439	515
571	685
460	540
745	761
