HFSDDW
20	6	2
0	87	1	32
0	20	1	19
0	3	1	55
0	53	1	18
0	84	1	8
0	49	1	81
0	36	1	28
0	84	1	8
0	57	1	51
0	6	1	70
0	81	1	86
0	69	1	98
0	86	1	34
0	24	1	18
0	60	1	59
0	22	1	20
0	79	1	18
0	34	1	1
0	57	1	12
0	40	1	98
LBCmax: 350
RELDUE
-1	219	3	4
-1	178	6	3
-1	260	8	3
-1	271	1	2
-1	293	9	8
-1	412	5	5
-1	212	1	1
-1	386	4	6
-1	196	4	2
-1	169	5	9
-1	285	1	4
-1	138	9	4
-1	115	1	2
-1	360	2	1
-1	195	9	3
-1	110	4	4
-1	324	8	7
-1	178	6	9
-1	218	6	2
-1	347	6	3
DDW
199	239
174	182
237	283
257	285
272	314
408	416
191	233
347	425
188	204
157	181
268	302
131	145
106	124
346	374
181	209
100	120
308	340
174	182
214	222
319	375
