HFSDDW
15	9	3
0	46	1	42	2	57
0	64	1	36	2	55
0	74	1	37	2	82
0	39	1	70	2	16
0	40	1	36	2	85
0	74	1	75	2	44
0	53	1	79	2	26
0	73	1	69	2	3
0	57	1	28	2	30
0	69	1	36	2	15
0	56	1	98	2	11
0	66	1	46	2	93
0	88	1	37	2	44
0	3	1	77	2	97
0	97	1	78	2	28
LBCmax: 360
RELDUE
-1	322	3	1
-1	355	1	7
-1	306	8	7
-1	368	1	7
-1	382	9	9
-1	273	8	4
-1	340	9	5
-1	188	1	3
-1	353	7	9
-1	326	7	9
-1	337	5	7
-1	337	8	4
-1	298	7	8
-1	193	9	3
-1	198	9	7
DDW
306	338
330	380
285	327
339	397
321	443
232	314
272	408
177	199
282	424
287	365
293	381
330	344
256	340
154	232
194	202
