HFSDDW
15	9	3
0	69	1	47	2	79
0	8	1	47	2	41
0	58	1	75	2	37
0	24	1	68	2	13
0	28	1	34	2	34
0	77	1	38	2	79
0	8	1	8	2	81
0	15	1	4	2	94
0	71	1	68	2	16
0	6	1	19	2	53
0	76	1	82	2	90
0	28	1	88	2	72
0	30	1	98	2	42
0	66	1	43	2	11
0	34	1	79	2	36
LBCmax: 291
RELDUE
-1	160	3	5
-1	161	6	8
-1	174	5	8
-1	165	3	9
-1	179	5	6
-1	196	5	4
-1	196	4	4
-1	148	6	7
-1	191	8	3
-1	187	6	5
-1	177	4	7
-1	171	7	6
-1	195	7	9
-1	166	7	2
-1	192	6	4
DDW
155	165
153	169
162	186
153	177
170	188
176	216
184	208
139	157
183	199
176	198
175	179
166	176
193	197
153	179
188	196
