HFSDDW
15	12	4
0	11	1	30	2	26	3	64
0	81	1	75	2	27	3	98
0	97	1	48	2	21	3	60
0	60	1	85	2	98	3	51
0	63	1	15	2	96	3	39
0	89	1	15	2	8	3	15
0	44	1	70	2	59	3	92
0	37	1	78	2	71	3	34
0	36	1	33	2	17	3	31
0	73	1	26	2	2	3	65
0	79	1	49	2	18	3	90
0	15	1	85	2	55	3	42
0	79	1	1	2	61	3	98
0	47	1	53	2	70	3	95
0	22	1	12	2	21	3	12
LBCmax: 395
RELDUE
-1	155	4	9
-1	200	2	9
-1	264	6	2
-1	163	2	2
-1	300	4	2
-1	323	7	8
-1	176	8	6
-1	182	2	1
-1	281	6	1
-1	278	9	5
-1	304	5	8
-1	207	9	2
-1	148	3	6
-1	192	3	7
-1	259	2	3
DDW
150	160
182	218
259	269
147	179
288	312
291	355
174	178
178	186
261	301
250	306
274	334
201	213
144	152
190	194
256	262
