HFSDDW
15	6	3
0	17	1	38	2	88
0	52	1	75	2	28
0	48	1	51	2	36
0	28	1	30	2	15
0	82	1	50	2	54
0	22	1	95	2	12
0	12	1	26	2	45
0	78	1	20	2	60
0	47	1	63	2	28
0	50	1	68	2	87
0	82	1	96	2	61
0	18	1	70	2	8
0	84	1	75	2	47
0	10	1	26	2	58
0	71	1	66	2	27
LBCmax: 447
RELDUE
-1	450	9	9
-1	558	8	5
-1	452	5	4
-1	535	5	6
-1	451	8	5
-1	148	4	2
-1	241	6	1
-1	578	9	8
-1	291	1	5
-1	252	4	7
-1	305	7	6
-1	214	6	9
-1	260	8	6
-1	158	9	3
-1	189	9	3
DDW
369	531
491	625
384	520
498	572
442	460
139	157
202	280
549	607
276	306
204	300
293	317
201	227
211	309
144	172
176	202
