HFSDDW
20	8	4
0	25	1	55	2	74	3	78
0	18	1	38	2	65	3	14
0	19	1	11	2	11	3	98
0	21	1	78	2	8	3	78
0	30	1	66	2	7	3	31
0	89	1	36	2	45	3	62
0	88	1	83	2	39	3	1
0	99	1	33	2	19	3	75
0	30	1	15	2	34	3	72
0	96	1	61	2	75	3	93
0	81	1	46	2	3	3	41
0	84	1	31	2	84	3	47
0	80	1	43	2	99	3	43
0	97	1	49	2	40	3	88
0	11	1	13	2	89	3	35
0	98	1	64	2	14	3	86
0	91	1	35	2	68	3	6
0	44	1	36	2	82	3	68
0	90	1	14	2	50	3	43
0	34	1	4	2	78	3	57
LBCmax: 711
RELDUE
-1	640	6	8
-1	629	1	4
-1	527	6	3
-1	578	5	8
-1	544	9	9
-1	606	5	1
-1	610	4	3
-1	614	4	1
-1	605	4	6
-1	563	5	2
-1	586	6	8
-1	618	3	9
-1	600	7	9
-1	556	9	5
-1	632	2	3
-1	522	1	2
-1	544	5	3
-1	520	9	2
-1	568	9	7
-1	568	9	1
DDW
621	659
566	692
480	574
532	624
490	598
570	642
573	647
589	639
599	611
512	614
539	633
569	667
558	642
534	578
569	695
480	564
517	571
515	525
523	613
528	608
