HFSDDW
20	12	4
0	62	1	40	2	21	3	91
0	35	1	46	2	81	3	84
0	94	1	85	2	65	3	83
0	47	1	71	2	41	3	33
0	35	1	75	2	92	3	62
0	67	1	18	2	3	3	75
0	47	1	57	2	1	3	82
0	17	1	86	2	96	3	51
0	93	1	28	2	35	3	77
0	70	1	97	2	51	3	76
0	62	1	17	2	85	3	49
0	19	1	55	2	65	3	51
0	17	1	97	2	83	3	86
0	12	1	82	2	31	3	45
0	38	1	45	2	44	3	78
0	46	1	98	2	67	3	8
0	88	1	15	2	90	3	20
0	37	1	64	2	62	3	38
0	24	1	17	2	99	3	50
0	32	1	54	2	56	3	92
LBCmax: 517
RELDUE
-1	525	6	5
-1	306	2	5
-1	393	4	5
-1	151	6	9
-1	67	8	8
-1	103	2	8
-1	251	9	5
-1	107	8	9
-1	551	3	5
-1	517	1	8
-1	256	7	8
-1	182	3	5
-1	328	3	4
-1	433	8	5
-1	207	8	4
-1	380	1	5
-1	307	9	5
-1	451	3	5
-1	363	4	2
-1	73	8	6
DDW
499	551
291	321
381	405
148	154
62	72
97	109
241	261
106	108
501	601
496	538
246	266
180	184
302	354
394	472
201	213
346	414
298	316
419	483
352	374
66	80
