HFSDDW
15	9	3
0	82	1	56	2	32
0	51	1	94	2	47
0	48	1	10	2	54
0	48	1	60	2	16
0	81	1	7	2	84
0	52	1	70	2	36
0	23	1	91	2	38
0	47	1	90	2	28
0	53	1	90	2	51
0	90	1	8	2	14
0	57	1	66	2	52
0	49	1	21	2	89
0	71	1	37	2	14
0	94	1	28	2	88
0	78	1	39	2	69
LBCmax: 354
RELDUE
-1	163	9	6
-1	64	1	4
-1	52	9	9
-1	207	6	3
-1	75	8	9
-1	234	8	4
-1	79	3	3
-1	93	6	5
-1	136	7	5
-1	325	6	2
-1	158	8	5
-1	267	4	9
-1	51	6	4
-1	385	5	3
-1	49	7	8
DDW
158	168
60	68
50	54
205	209
68	82
215	253
72	86
89	97
129	143
299	351
145	171
246	288
50	52
362	408
47	51
