HFSDDW
20	8	4
0	96	1	64	2	9	3	61
0	14	1	12	2	60	3	91
0	58	1	78	2	30	3	56
0	64	1	86	2	30	3	23
0	88	1	50	2	9	3	56
0	48	1	66	2	21	3	65
0	46	1	71	2	20	3	73
0	78	1	27	2	6	3	54
0	33	1	85	2	61	3	42
0	67	1	11	2	33	3	28
0	26	1	15	2	64	3	83
0	82	1	7	2	52	3	9
0	80	1	16	2	25	3	30
0	48	1	57	2	87	3	31
0	43	1	43	2	16	3	43
0	91	1	87	2	14	3	31
0	73	1	75	2	24	3	78
0	26	1	88	2	56	3	77
0	17	1	80	2	30	3	33
0	2	1	37	2	83	3	40
LBCmax: 610
RELDUE
-1	328	8	7
-1	318	8	9
-1	419	6	5
-1	382	2	7
-1	308	3	5
-1	398	3	1
-1	312	6	7
-1	397	3	8
-1	425	9	5
-1	341	3	9
-1	425	7	5
-1	334	8	9
-1	422	9	3
-1	415	8	3
-1	349	4	9
-1	352	3	7
-1	306	3	7
-1	345	6	5
-1	317	3	1
-1	313	1	5
DDW
305	351
305	331
398	440
363	401
305	311
358	438
290	334
389	405
395	455
321	361
404	446
314	354
418	426
407	423
335	363
338	366
275	337
314	376
314	320
304	322
