HFSDDW
20	6	2
0	16	1	81
0	61	1	56
0	79	1	85
0	17	1	77
0	13	1	89
0	61	1	24
0	16	1	22
0	89	1	94
0	48	1	35
0	64	1	82
0	81	1	34
0	62	1	79
0	7	1	89
0	47	1	39
0	16	1	31
0	14	1	98
0	64	1	90
0	97	1	75
0	18	1	79
0	61	1	52
LBCmax: 449
RELDUE
-1	0	4	8
-1	309	6	8
-1	93	7	6
-1	23	6	3
-1	352	3	2
-1	74	7	7
-1	324	7	2
-1	103	8	1
-1	0	1	5
-1	90	9	8
-1	1	1	2
-1	23	3	8
-1	4	2	9
-1	289	8	9
-1	237	3	2
-1	324	5	4
-1	42	3	7
-1	325	2	3
-1	176	2	5
-1	363	4	3
DDW
0	0
290	328
92	94
21	25
331	373
70	78
308	340
93	113
0	0
85	95
1	1
21	25
4	4
269	309
216	258
314	334
40	44
299	351
164	188
334	392
