HFSDDW
20	4	2
0	60	1	8
0	57	1	15
0	31	1	27
0	46	1	61
0	74	1	27
0	35	1	70
0	19	1	41
0	23	1	9
0	88	1	37
0	13	1	95
0	38	1	67
0	82	1	13
0	15	1	72
0	38	1	66
0	58	1	71
0	55	1	72
0	53	1	68
0	88	1	24
0	9	1	40
0	22	1	29
LBCmax: 467
RELDUE
-1	364	9	8
-1	270	1	1
-1	412	7	6
-1	303	2	5
-1	385	5	9
-1	189	1	5
-1	267	2	8
-1	405	2	9
-1	368	7	3
-1	240	3	9
-1	156	3	4
-1	256	8	2
-1	197	6	2
-1	205	5	3
-1	145	6	9
-1	401	9	6
-1	210	4	6
-1	265	4	9
-1	420	4	9
-1	304	8	3
DDW
360	368
216	324
375	449
251	355
354	416
166	212
251	283
373	437
361	375
233	247
148	164
253	259
189	205
203	207
135	155
361	441
168	252
220	310
386	454
268	340
