HFSDDW
15	9	3
0	50	1	54	2	66
0	87	1	73	2	41
0	45	1	73	2	72
0	31	1	41	2	81
0	81	1	39	2	43
0	72	1	64	2	72
0	46	1	37	2	88
0	21	1	93	2	12
0	93	1	34	2	28
0	86	1	52	2	12
0	51	1	49	2	44
0	15	1	45	2	72
0	77	1	23	2	92
0	34	1	15	2	20
0	60	1	64	2	5
LBCmax: 339
RELDUE
-1	309	2	6
-1	199	2	6
-1	342	8	9
-1	348	4	6
-1	217	9	7
-1	385	9	4
-1	370	8	2
-1	211	2	7
-1	297	6	3
-1	193	1	3
-1	200	1	6
-1	308	2	2
-1	285	3	7
-1	420	2	8
-1	236	8	2
DDW
303	315
193	205
332	352
327	369
210	224
362	408
333	407
190	232
270	324
189	197
194	206
286	330
262	308
416	424
227	245
