HFSDDW
15	9	3
0	1	1	8	2	84
0	60	1	82	2	79
0	24	1	78	2	83
0	36	1	85	2	38
0	44	1	92	2	15
0	23	1	70	2	95
0	30	1	13	2	39
0	73	1	91	2	98
0	72	1	28	2	95
0	10	1	90	2	70
0	19	1	75	2	85
0	86	1	82	2	91
0	55	1	26	2	8
0	80	1	8	2	33
0	6	1	21	2	33
LBCmax: 355
RELDUE
-1	128	8	2
-1	115	8	2
-1	161	2	1
-1	143	5	6
-1	170	1	3
-1	142	7	4
-1	132	8	5
-1	158	1	1
-1	125	7	7
-1	159	6	4
-1	125	2	2
-1	117	6	1
-1	167	2	8
-1	169	1	6
-1	145	2	6
DDW
118	138
107	123
155	167
134	152
153	187
128	156
125	139
142	174
124	126
154	164
115	135
110	124
155	179
164	174
141	149
