HFSDDW
15	9	3
0	52	1	52	2	47
0	74	1	16	2	48
0	5	1	13	2	10
0	16	1	27	2	54
0	94	1	20	2	37
0	2	1	21	2	41
0	37	1	12	2	53
0	99	1	42	2	14
0	5	1	31	2	21
0	36	1	77	2	58
0	56	1	2	2	6
0	51	1	89	2	83
0	63	1	98	2	22
0	44	1	4	2	35
0	98	1	91	2	26
LBCmax: 277
RELDUE
-1	77	3	7
-1	34	4	5
-1	169	6	3
-1	105	5	4
-1	91	3	5
-1	182	4	3
-1	62	2	9
-1	123	1	2
-1	28	1	5
-1	117	8	7
-1	116	3	4
-1	45	9	4
-1	83	6	4
-1	144	4	1
-1	170	9	4
DDW
65	89
32	36
159	179
97	113
87	95
169	195
61	63
111	135
26	30
116	118
96	136
39	51
74	92
117	171
168	172
