HFSDDW
20	6	2
0	1	1	77
0	81	1	6
0	89	1	12
0	61	1	20
0	7	1	43
0	71	1	53
0	31	1	58
0	52	1	14
0	55	1	44
0	11	1	92
0	20	1	21
0	31	1	31
0	89	1	58
0	34	1	44
0	90	1	44
0	39	1	56
0	86	1	29
0	41	1	52
0	54	1	2
0	48	1	55
LBCmax: 337
RELDUE
-1	287	8	2
-1	299	3	6
-1	197	1	2
-1	368	6	1
-1	291	2	9
-1	192	6	5
-1	216	9	5
-1	280	4	5
-1	307	1	3
-1	232	7	7
-1	354	4	8
-1	294	7	6
-1	213	5	7
-1	186	4	7
-1	226	1	6
-1	330	1	1
-1	261	8	2
-1	270	7	4
-1	200	4	5
-1	232	9	5
DDW
273	301
290	308
189	205
342	394
268	314
184	200
201	231
260	300
282	332
213	251
326	382
288	300
196	230
179	193
203	249
297	363
248	274
248	292
196	204
225	239
