HFSDDW
20	6	3
0	6	1	42	2	30
0	81	1	92	2	7
0	62	1	13	2	57
0	35	1	65	2	84
0	8	1	2	2	54
0	75	1	58	2	49
0	48	1	48	2	5
0	24	1	51	2	49
0	11	1	36	2	24
0	40	1	51	2	98
0	45	1	43	2	97
0	45	1	21	2	71
0	83	1	69	2	45
0	32	1	74	2	58
0	37	1	3	2	28
0	55	1	43	2	53
0	40	1	79	2	45
0	81	1	4	2	91
0	33	1	82	2	90
0	81	1	71	2	57
LBCmax: 574
RELDUE
-1	340	9	7
-1	134	1	7
-1	269	5	6
-1	259	4	1
-1	369	2	4
-1	135	8	1
-1	358	9	8
-1	274	5	5
-1	336	9	8
-1	343	2	1
-1	374	7	8
-1	365	7	6
-1	72	8	5
-1	111	7	8
-1	310	2	8
-1	219	9	4
-1	359	6	2
-1	226	6	1
-1	128	3	9
-1	248	1	3
DDW
309	371
122	146
253	285
246	272
365	373
123	147
322	394
269	279
312	360
333	353
352	396
361	369
69	75
109	113
282	338
215	223
323	395
215	237
116	140
223	273
