HFSDDW
15	12	4
0	19	1	6	2	33	3	86
0	28	1	75	2	10	3	42
0	86	1	87	2	68	3	93
0	53	1	60	2	14	3	66
0	94	1	24	2	23	3	11
0	21	1	7	2	85	3	4
0	77	1	58	2	72	3	28
0	69	1	33	2	92	3	54
0	29	1	97	2	30	3	88
0	27	1	94	2	32	3	74
0	67	1	77	2	59	3	70
0	87	1	95	2	79	3	12
0	99	1	36	2	44	3	30
0	70	1	99	2	75	3	12
0	20	1	30	2	10	3	70
LBCmax: 381
RELDUE
-1	116	4	5
-1	176	2	2
-1	169	8	8
-1	154	6	3
-1	186	4	9
-1	124	6	8
-1	163	3	2
-1	157	2	7
-1	137	9	8
-1	133	6	7
-1	144	8	1
-1	114	1	7
-1	184	7	3
-1	151	3	8
-1	147	7	9
DDW
106	126
162	190
161	177
136	172
173	199
108	140
161	165
152	162
129	145
108	158
131	157
101	127
169	199
131	171
137	157
