HFSDDW
20	6	3
0	7	1	92	2	27
0	49	1	41	2	48
0	40	1	8	2	53
0	16	1	27	2	20
0	53	1	50	2	58
0	68	1	86	2	19
0	80	1	12	2	98
0	44	1	87	2	4
0	29	1	76	2	85
0	54	1	60	2	19
0	78	1	30	2	25
0	45	1	62	2	13
0	10	1	89	2	9
0	29	1	77	2	80
0	42	1	80	2	77
0	20	1	45	2	45
0	53	1	60	2	66
0	85	1	93	2	28
0	35	1	62	2	6
0	23	1	20	2	64
LBCmax: 592
RELDUE
-1	431	3	4
-1	566	1	9
-1	343	5	9
-1	262	4	9
-1	278	1	9
-1	633	1	8
-1	616	7	4
-1	109	6	9
-1	585	3	1
-1	326	4	8
-1	407	3	4
-1	632	6	1
-1	121	1	7
-1	361	7	4
-1	263	9	2
-1	166	6	9
-1	71	9	1
-1	99	3	3
-1	216	8	5
-1	116	8	4
DDW
401	461
509	623
309	377
238	286
267	289
582	684
598	634
101	117
532	638
310	342
370	444
569	695
113	129
343	379
239	287
149	183
65	77
89	109
194	238
106	126
