HFSDDW
20	4	2
0	74	1	47
0	18	1	20
0	39	1	17
0	75	1	28
0	60	1	5
0	35	1	3
0	13	1	75
0	39	1	4
0	15	1	29
0	22	1	92
0	36	1	47
0	56	1	84
0	74	1	65
0	11	1	60
0	44	1	76
0	50	1	16
0	98	1	21
0	29	1	8
0	76	1	66
0	99	1	8
LBCmax: 485
RELDUE
-1	325	1	2
-1	407	8	8
-1	264	5	2
-1	370	1	9
-1	148	5	3
-1	202	3	5
-1	339	3	2
-1	381	3	5
-1	294	1	8
-1	304	8	5
-1	203	9	3
-1	363	1	9
-1	264	6	7
-1	266	7	6
-1	185	1	1
-1	225	2	4
-1	409	2	3
-1	241	1	5
-1	278	1	6
-1	360	3	8
DDW
312	338
346	468
246	282
355	385
139	157
172	232
305	373
358	404
285	303
261	347
193	213
352	374
238	290
215	317
155	215
189	261
401	417
195	287
261	295
302	418
