HFSDDW
15	8	4
0	28	1	53	2	73	3	78
0	65	1	87	2	27	3	61
0	5	1	27	2	23	3	51
0	76	1	34	2	46	3	25
0	27	1	81	2	86	3	64
0	60	1	60	2	15	3	30
0	17	1	65	2	4	3	80
0	21	1	41	2	51	3	98
0	65	1	32	2	74	3	62
0	30	1	41	2	50	3	48
0	55	1	43	2	62	3	44
0	66	1	56	2	77	3	85
0	15	1	62	2	26	3	99
0	42	1	9	2	80	3	68
0	39	1	44	2	61	3	1
LBCmax: 525
RELDUE
-1	245	2	9
-1	205	7	6
-1	200	6	8
-1	223	2	6
-1	236	6	2
-1	182	5	6
-1	248	6	5
-1	204	1	3
-1	220	8	8
-1	245	5	6
-1	258	1	1
-1	248	9	7
-1	190	4	7
-1	197	3	3
-1	166	3	6
DDW
225	265
176	234
198	202
178	268
205	267
157	207
213	283
169	239
218	222
238	252
222	294
206	290
158	222
177	217
158	174
