HFSDDW
15	12	4
0	43	1	9	2	61	3	86
0	85	1	14	2	58	3	51
0	58	1	12	2	72	3	3
0	86	1	24	2	14	3	93
0	80	1	78	2	35	3	47
0	53	1	56	2	85	3	66
0	40	1	69	2	15	3	85
0	73	1	92	2	56	3	77
0	60	1	95	2	33	3	42
0	87	1	86	2	20	3	62
0	98	1	38	2	2	3	9
0	29	1	14	2	85	3	37
0	40	1	14	2	72	3	65
0	70	1	82	2	51	3	87
0	24	1	94	2	46	3	17
LBCmax: 397
RELDUE
-1	433	2	5
-1	329	7	4
-1	349	3	8
-1	300	8	5
-1	259	6	2
-1	416	9	1
-1	208	7	4
-1	399	5	2
-1	402	9	4
-1	326	1	6
-1	66	3	6
-1	411	4	5
-1	272	4	7
-1	328	9	5
-1	232	7	1
DDW
398	468
326	332
314	384
288	312
249	269
399	433
198	218
375	423
394	410
313	339
64	68
399	423
267	277
312	344
216	248
