HFSDDW
15	12	4
0	33	1	59	2	83	3	32
0	83	1	45	2	50	3	30
0	44	1	61	2	92	3	67
0	81	1	82	2	82	3	82
0	64	1	14	2	80	3	34
0	19	1	59	2	22	3	55
0	63	1	82	2	59	3	91
0	89	1	31	2	28	3	27
0	66	1	10	2	23	3	31
0	2	1	7	2	41	3	49
0	54	1	91	2	77	3	45
0	49	1	24	2	29	3	38
0	67	1	5	2	71	3	92
0	85	1	59	2	88	3	74
0	38	1	29	2	69	3	2
LBCmax: 380
RELDUE
-1	256	3	8
-1	235	7	1
-1	221	4	5
-1	200	2	3
-1	215	8	6
-1	240	4	4
-1	191	1	2
-1	245	5	9
-1	235	7	4
-1	229	4	6
-1	252	9	5
-1	234	6	2
-1	246	8	2
-1	214	6	8
-1	251	2	3
DDW
248	264
226	244
197	245
168	232
187	243
194	286
166	216
233	257
221	249
206	252
219	285
218	250
216	276
190	238
201	301
