HFSDDW
20	8	4
0	65	1	85	2	24	3	37
0	24	1	61	2	79	3	83
0	20	1	78	2	52	3	92
0	46	1	73	2	34	3	31
0	99	1	36	2	95	3	98
0	67	1	63	2	61	3	87
0	46	1	80	2	64	3	14
0	39	1	22	2	51	3	42
0	1	1	77	2	90	3	77
0	15	1	12	2	21	3	39
0	14	1	81	2	99	3	88
0	4	1	52	2	5	3	31
0	80	1	7	2	35	3	58
0	90	1	3	2	60	3	3
0	25	1	36	2	90	3	44
0	97	1	66	2	44	3	98
0	27	1	10	2	91	3	69
0	83	1	56	2	16	3	88
0	16	1	57	2	85	3	85
0	63	1	72	2	84	3	94
LBCmax: 715
RELDUE
-1	465	6	4
-1	404	5	3
-1	404	9	5
-1	403	4	4
-1	480	2	7
-1	490	4	5
-1	430	5	9
-1	498	7	6
-1	381	3	2
-1	482	2	4
-1	432	6	9
-1	469	5	9
-1	387	1	4
-1	467	7	4
-1	416	2	4
-1	425	5	6
-1	410	1	9
-1	358	3	4
-1	445	8	1
-1	492	4	4
DDW
414	516
388	420
335	473
367	439
432	528
392	588
404	456
473	523
373	389
405	559
419	445
441	497
317	457
439	495
383	449
366	484
340	480
319	397
423	467
438	546
