HFSDDW
15	9	3
0	4	1	41	2	25
0	16	1	76	2	95
0	83	1	46	2	10
0	57	1	51	2	33
0	11	1	22	2	10
0	92	1	20	2	15
0	52	1	76	2	58
0	99	1	56	2	8
0	10	1	23	2	36
0	75	1	98	2	19
0	74	1	1	2	6
0	84	1	28	2	43
0	81	1	29	2	45
0	7	1	35	2	85
0	7	1	19	2	93
LBCmax: 280
RELDUE
-1	71	6	1
-1	194	5	9
-1	193	8	5
-1	58	3	3
-1	58	9	6
-1	132	2	9
-1	129	7	5
-1	68	4	7
-1	75	9	4
-1	37	2	8
-1	35	3	4
-1	170	6	8
-1	57	6	2
-1	38	7	7
-1	118	8	3
DDW
67	75
180	208
187	199
52	64
55	61
128	136
124	134
67	69
72	78
35	39
32	38
156	184
56	58
36	40
117	119
