HFSDDW
20	12	4
0	15	1	46	2	51	3	1
0	83	1	64	2	97	3	62
0	78	1	13	2	63	3	72
0	42	1	49	2	49	3	59
0	31	1	69	2	18	3	60
0	50	1	82	2	40	3	64
0	25	1	46	2	7	3	35
0	99	1	44	2	33	3	86
0	92	1	60	2	59	3	8
0	67	1	94	2	23	3	55
0	65	1	53	2	5	3	8
0	70	1	51	2	4	3	50
0	16	1	37	2	90	3	82
0	51	1	40	2	26	3	32
0	6	1	86	2	76	3	37
0	58	1	62	2	63	3	34
0	80	1	76	2	79	3	81
0	90	1	42	2	91	3	37
0	47	1	62	2	94	3	96
0	78	1	32	2	94	3	73
LBCmax: 472
RELDUE
-1	264	7	2
-1	304	6	7
-1	196	5	5
-1	320	4	9
-1	295	5	3
-1	285	5	7
-1	241	9	1
-1	291	9	1
-1	239	4	9
-1	217	8	3
-1	147	4	3
-1	370	5	6
-1	192	4	2
-1	385	2	6
-1	419	6	9
-1	151	1	1
-1	398	1	1
-1	341	1	2
-1	220	9	5
-1	408	2	1
DDW
259	269
289	319
194	198
317	323
271	319
276	294
219	263
285	297
215	263
195	239
137	157
333	407
173	211
346	424
394	444
143	159
366	430
307	375
211	229
392	424
