HFSDDW
20	12	4
0	15	1	89	2	81	3	16
0	6	1	29	2	97	3	8
0	64	1	5	2	7	3	26
0	46	1	33	2	71	3	55
0	82	1	30	2	93	3	57
0	34	1	72	2	8	3	81
0	97	1	79	2	53	3	77
0	91	1	18	2	5	3	99
0	42	1	36	2	61	3	51
0	71	1	2	2	87	3	60
0	83	1	70	2	6	3	71
0	74	1	32	2	52	3	30
0	10	1	33	2	92	3	61
0	19	1	14	2	39	3	43
0	82	1	99	2	19	3	27
0	75	1	20	2	16	3	47
0	1	1	7	2	83	3	11
0	72	1	20	2	84	3	81
0	42	1	34	2	73	3	64
0	66	1	36	2	8	3	65
LBCmax: 446
RELDUE
-1	206	5	4
-1	197	6	9
-1	314	5	1
-1	291	2	8
-1	202	4	7
-1	250	7	5
-1	350	9	5
-1	210	9	5
-1	394	5	6
-1	183	2	6
-1	318	3	5
-1	325	2	5
-1	356	5	2
-1	297	9	8
-1	360	5	1
-1	304	1	1
-1	278	6	4
-1	290	2	8
-1	323	6	7
-1	314	1	2
DDW
196	216
158	236
257	371
276	306
184	220
238	262
294	406
197	223
343	445
170	196
308	328
260	390
328	384
288	306
328	392
246	362
261	295
287	293
297	349
289	339
