HFSDDW
15	12	4
0	31	1	91	2	50	3	30
0	56	1	58	2	6	3	60
0	77	1	62	2	60	3	84
0	14	1	10	2	68	3	46
0	31	1	17	2	83	3	94
0	57	1	37	2	41	3	12
0	68	1	54	2	13	3	51
0	83	1	18	2	90	3	33
0	3	1	1	2	43	3	83
0	29	1	9	2	55	3	95
0	63	1	23	2	35	3	48
0	67	1	23	2	71	3	86
0	12	1	60	2	87	3	99
0	67	1	61	2	64	3	94
0	50	1	39	2	62	3	2
LBCmax: 383
RELDUE
-1	143	4	1
-1	164	9	5
-1	214	5	8
-1	174	3	4
-1	205	3	3
-1	99	9	6
-1	228	4	4
-1	67	5	3
-1	191	9	5
-1	233	5	5
-1	77	1	5
-1	89	7	7
-1	181	4	4
-1	241	6	2
-1	110	3	4
DDW
124	162
151	177
180	248
164	184
193	217
80	118
201	255
54	80
183	199
224	242
74	80
86	92
161	201
227	255
91	129
