HFSDDW
15	6	3
0	83	1	59	2	96
0	35	1	39	2	32
0	64	1	94	2	30
0	44	1	44	2	39
0	84	1	64	2	87
0	37	1	29	2	73
0	47	1	58	2	80
0	50	1	31	2	93
0	73	1	13	2	84
0	34	1	41	2	60
0	39	1	65	2	18
0	63	1	2	2	99
0	99	1	90	2	52
0	1	1	26	2	62
0	41	1	90	2	66
LBCmax: 532
RELDUE
-1	632	5	3
-1	645	5	7
-1	472	1	8
-1	334	2	2
-1	456	6	8
-1	625	4	4
-1	459	2	5
-1	396	3	2
-1	613	1	4
-1	445	3	8
-1	335	2	3
-1	309	1	8
-1	180	7	8
-1	491	2	3
-1	301	1	7
DDW
537	727
516	774
444	500
314	354
406	506
500	750
450	468
337	455
503	723
365	525
288	382
263	355
144	216
447	535
289	313
