HFSDDW
15	9	3
0	32	1	50	2	47
0	71	1	33	2	49
0	38	1	23	2	24
0	90	1	20	2	68
0	8	1	93	2	6
0	18	1	90	2	48
0	5	1	95	2	33
0	85	1	55	2	99
0	17	1	46	2	26
0	45	1	40	2	58
0	54	1	51	2	10
0	67	1	22	2	58
0	80	1	85	2	93
0	90	1	41	2	84
0	63	1	6	2	87
LBCmax: 332
RELDUE
-1	220	3	9
-1	221	8	6
-1	185	4	7
-1	182	6	4
-1	176	7	5
-1	221	4	1
-1	218	5	2
-1	191	5	5
-1	179	3	5
-1	204	2	4
-1	196	6	9
-1	229	2	3
-1	197	7	7
-1	202	2	9
-1	223	1	7
DDW
205	235
212	230
178	192
180	184
164	188
210	232
216	220
172	210
166	192
200	208
190	202
218	240
185	209
186	218
205	241
