HFSDDW
15	8	4
0	21	1	71	2	45	3	66
0	2	1	24	2	91	3	65
0	97	1	1	2	52	3	60
0	52	1	7	2	16	3	42
0	12	1	46	2	65	3	25
0	31	1	83	2	87	3	70
0	31	1	52	2	45	3	39
0	15	1	3	2	92	3	80
0	85	1	91	2	72	3	76
0	86	1	18	2	64	3	64
0	75	1	89	2	7	3	58
0	58	1	99	2	10	3	37
0	47	1	39	2	49	3	3
0	55	1	35	2	73	3	37
0	84	1	75	2	36	3	49
LBCmax: 485
RELDUE
-1	319	4	7
-1	293	3	2
-1	291	3	4
-1	334	1	9
-1	249	7	5
-1	312	9	3
-1	315	5	2
-1	300	4	9
-1	275	2	8
-1	280	2	8
-1	296	3	4
-1	333	2	5
-1	322	8	3
-1	243	5	1
-1	290	1	8
DDW
300	338
284	302
274	308
304	364
239	259
290	334
296	334
279	321
272	278
277	283
272	320
310	356
296	348
231	255
284	296
