HFSDDW
20	6	3
0	11	1	19	2	6
0	51	1	77	2	16
0	78	1	85	2	57
0	25	1	52	2	34
0	60	1	95	2	49
0	95	1	34	2	46
0	73	1	88	2	18
0	63	1	59	2	9
0	75	1	95	2	17
0	86	1	53	2	86
0	40	1	69	2	27
0	48	1	96	2	55
0	60	1	23	2	59
0	96	1	20	2	3
0	97	1	23	2	58
0	69	1	2	2	63
0	68	1	16	2	84
0	73	1	1	2	93
0	93	1	48	2	59
0	97	1	76	2	81
LBCmax: 718
RELDUE
-1	641	9	5
-1	610	2	4
-1	354	1	6
-1	521	7	4
-1	581	5	5
-1	570	9	6
-1	243	5	7
-1	269	9	3
-1	645	7	3
-1	621	4	7
-1	366	6	8
-1	261	6	7
-1	591	8	7
-1	545	8	3
-1	512	3	8
-1	277	8	2
-1	497	5	7
-1	374	8	5
-1	433	7	9
-1	237	7	2
DDW
628	654
561	659
333	375
490	552
523	639
524	616
226	260
266	272
593	697
590	652
348	384
251	271
532	650
501	589
486	538
274	280
447	547
355	393
407	459
230	244
