HFSDDW
15	6	3
0	11	1	3	2	13
0	58	1	3	2	16
0	38	1	75	2	58
0	34	1	8	2	24
0	67	1	19	2	93
0	6	1	16	2	12
0	37	1	98	2	11
0	81	1	77	2	39
0	57	1	88	2	6
0	88	1	94	2	84
0	78	1	46	2	9
0	34	1	87	2	60
0	99	1	29	2	27
0	21	1	23	2	71
0	50	1	62	2	98
LBCmax: 403
RELDUE
-1	378	1	5
-1	326	8	7
-1	276	5	6
-1	358	2	4
-1	257	3	4
-1	406	1	8
-1	225	8	2
-1	352	7	4
-1	231	3	2
-1	337	4	8
-1	271	4	7
-1	262	3	7
-1	379	9	7
-1	202	8	9
-1	234	7	6
DDW
352	404
306	346
259	293
347	369
249	265
345	467
184	266
296	408
226	236
310	364
238	304
252	272
375	383
188	216
225	243
