HFSDDW
20	6	3
0	51	1	87	2	56
0	6	1	27	2	76
0	63	1	55	2	91
0	79	1	72	2	82
0	79	1	28	2	67
0	89	1	96	2	87
0	67	1	56	2	44
0	49	1	58	2	41
0	49	1	41	2	76
0	89	1	42	2	92
0	14	1	50	2	29
0	51	1	39	2	27
0	15	1	87	2	17
0	53	1	10	2	41
0	57	1	43	2	82
0	40	1	63	2	60
0	68	1	29	2	18
0	37	1	59	2	61
0	38	1	2	2	29
0	16	1	57	2	85
LBCmax: 618
RELDUE
-1	309	8	2
-1	401	2	2
-1	326	7	7
-1	433	9	7
-1	391	2	4
-1	336	9	9
-1	376	3	3
-1	344	5	4
-1	420	3	6
-1	359	7	6
-1	402	8	4
-1	320	7	3
-1	398	5	1
-1	327	6	4
-1	366	2	4
-1	312	1	2
-1	424	6	5
-1	327	1	8
-1	381	5	1
-1	319	3	8
DDW
287	331
329	473
316	336
385	481
356	426
282	390
316	436
313	375
365	475
348	370
338	466
294	346
366	430
262	392
348	384
284	340
382	466
265	389
335	427
274	364
