HFSDDW
20	9	3
0	68	1	6	2	36
0	74	1	3	2	28
0	67	1	8	2	79
0	8	1	58	2	40
0	90	1	52	2	91
0	41	1	84	2	70
0	61	1	90	2	75
0	17	1	97	2	5
0	92	1	26	2	62
0	7	1	58	2	86
0	51	1	15	2	92
0	62	1	55	2	4
0	84	1	3	2	15
0	9	1	13	2	91
0	38	1	8	2	38
0	5	1	12	2	17
0	65	1	50	2	46
0	59	1	53	2	37
0	71	1	52	2	8
0	32	1	81	2	76
LBCmax: 371
RELDUE
-1	309	2	5
-1	305	4	1
-1	297	4	9
-1	329	6	5
-1	302	9	1
-1	292	9	5
-1	295	2	4
-1	281	4	5
-1	333	4	5
-1	325	5	9
-1	301	6	8
-1	321	2	7
-1	301	9	6
-1	299	1	1
-1	318	6	8
-1	323	7	2
-1	318	6	9
-1	327	6	2
-1	309	2	4
-1	326	5	6
DDW
281	337
274	336
285	309
296	362
272	332
289	295
274	316
275	287
326	340
315	335
286	316
308	334
289	313
275	323
305	331
310	336
308	328
304	350
303	315
300	352
