HFSDDW
20	6	2
0	95	1	5
0	27	1	17
0	86	1	90
0	56	1	8
0	89	1	65
0	70	1	85
0	96	1	27
0	89	1	15
0	62	1	54
0	85	1	56
0	38	1	36
0	39	1	35
0	90	1	91
0	80	1	48
0	39	1	10
0	36	1	94
0	43	1	98
0	23	1	72
0	75	1	6
0	48	1	11
LBCmax: 429
RELDUE
-1	241	1	1
-1	280	7	8
-1	229	3	7
-1	257	4	9
-1	225	1	2
-1	215	4	6
-1	269	1	7
-1	230	3	6
-1	223	2	8
-1	293	2	8
-1	220	3	6
-1	294	4	5
-1	216	1	4
-1	278	9	7
-1	291	1	6
-1	265	1	8
-1	271	8	5
-1	293	1	3
-1	236	1	4
-1	296	2	4
DDW
227	255
260	300
224	234
231	283
212	238
202	228
245	293
223	237
212	234
284	302
209	231
270	318
199	233
267	289
271	311
252	278
249	293
284	302
217	255
269	323
