HFSDDW
15	9	3
0	5	1	74	2	53
0	77	1	39	2	97
0	81	1	79	2	15
0	62	1	54	2	23
0	60	1	97	2	2
0	76	1	74	2	75
0	18	1	71	2	52
0	9	1	64	2	73
0	31	1	34	2	46
0	95	1	19	2	31
0	40	1	4	2	86
0	35	1	66	2	8
0	42	1	53	2	60
0	75	1	39	2	54
0	16	1	74	2	23
LBCmax: 309
RELDUE
-1	246	5	8
-1	220	6	8
-1	214	3	5
-1	328	4	3
-1	303	3	9
-1	316	4	2
-1	214	2	4
-1	248	3	9
-1	199	9	9
-1	258	5	8
-1	334	9	2
-1	173	1	4
-1	303	4	1
-1	242	5	6
-1	163	8	7
DDW
197	295
191	249
210	218
292	364
288	318
281	351
173	255
231	265
177	221
219	297
324	344
168	178
300	306
194	290
148	178
