HFSDDW
20	4	2
0	53	1	83
0	37	1	17
0	51	1	44
0	64	1	98
0	30	1	37
0	67	1	83
0	85	1	27
0	72	1	67
0	58	1	22
0	10	1	1
0	26	1	29
0	34	1	29
0	74	1	99
0	9	1	27
0	1	1	21
0	35	1	68
0	49	1	60
0	83	1	8
0	39	1	69
0	61	1	42
LBCmax: 477
RELDUE
-1	315	4	4
-1	312	9	1
-1	91	1	9
-1	128	4	3
-1	186	4	6
-1	176	3	9
-1	304	6	7
-1	234	1	4
-1	238	2	1
-1	117	8	3
-1	138	1	4
-1	48	6	7
-1	95	9	4
-1	117	5	3
-1	299	7	6
-1	116	6	3
-1	190	3	1
-1	71	1	6
-1	168	9	1
-1	197	3	5
DDW
309	321
290	334
88	94
127	129
167	205
167	185
292	316
222	246
233	243
110	124
135	141
46	50
92	98
115	119
284	314
104	128
175	205
69	73
165	171
183	211
