HFSDDW
20	12	4
0	34	1	86	2	30	3	37
0	87	1	13	2	11	3	16
0	7	1	13	2	43	3	37
0	96	1	70	2	57	3	49
0	66	1	36	2	59	3	80
0	6	1	38	2	3	3	6
0	63	1	13	2	53	3	33
0	52	1	5	2	94	3	63
0	45	1	37	2	4	3	55
0	21	1	58	2	39	3	76
0	70	1	91	2	26	3	25
0	86	1	34	2	22	3	89
0	62	1	33	2	20	3	31
0	61	1	10	2	79	3	96
0	83	1	24	2	74	3	74
0	60	1	78	2	64	3	3
0	19	1	80	2	92	3	59
0	67	1	3	2	29	3	9
0	97	1	83	2	10	3	14
0	12	1	78	2	19	3	30
LBCmax: 418
RELDUE
-1	273	4	6
-1	201	3	6
-1	220	1	2
-1	88	4	8
-1	254	9	6
-1	200	8	1
-1	45	1	5
-1	130	8	9
-1	186	1	5
-1	60	2	6
-1	221	8	6
-1	285	1	6
-1	253	3	3
-1	204	3	3
-1	83	6	2
-1	274	8	8
-1	110	7	2
-1	100	8	3
-1	57	4	2
-1	57	2	7
DDW
265	281
195	207
211	229
79	97
246	262
186	214
40	50
125	135
169	203
59	61
201	241
259	311
250	256
192	216
81	85
249	299
103	117
93	107
55	59
52	62
