HFSDDW
20	12	4
0	16	1	65	2	56	3	25
0	64	1	2	2	3	3	32
0	5	1	38	2	97	3	38
0	20	1	79	2	84	3	1
0	81	1	35	2	8	3	22
0	44	1	55	2	33	3	15
0	88	1	73	2	38	3	75
0	26	1	44	2	53	3	50
0	34	1	46	2	46	3	5
0	15	1	44	2	89	3	94
0	34	1	28	2	5	3	61
0	70	1	56	2	17	3	14
0	76	1	70	2	35	3	46
0	55	1	94	2	25	3	60
0	32	1	42	2	37	3	90
0	64	1	27	2	7	3	60
0	85	1	48	2	4	3	73
0	34	1	79	2	85	3	38
0	46	1	14	2	88	3	17
0	51	1	71	2	44	3	33
LBCmax: 386
RELDUE
-1	160	5	4
-1	134	8	9
-1	193	8	9
-1	158	9	4
-1	122	1	1
-1	121	1	6
-1	190	9	1
-1	146	3	4
-1	133	3	5
-1	182	5	7
-1	172	5	6
-1	172	5	5
-1	122	1	2
-1	193	3	5
-1	139	8	8
-1	121	9	1
-1	132	9	2
-1	150	8	2
-1	175	4	1
-1	133	7	2
DDW
157	163
119	149
179	207
153	163
102	142
117	125
162	218
145	147
114	152
147	217
144	200
148	196
99	145
154	232
120	158
99	143
107	157
140	160
144	206
113	153
