HFSDDW
15	6	3
0	7	1	52	2	27
0	87	1	37	2	9
0	10	1	63	2	6
0	99	1	42	2	34
0	9	1	98	2	35
0	29	1	63	2	1
0	74	1	18	2	69
0	58	1	42	2	99
0	9	1	64	2	44
0	23	1	40	2	42
0	52	1	29	2	58
0	11	1	93	2	27
0	78	1	51	2	52
0	25	1	42	2	75
0	62	1	72	2	58
LBCmax: 415
RELDUE
-1	141	6	8
-1	342	3	6
-1	333	5	2
-1	329	7	9
-1	175	1	1
-1	314	5	2
-1	151	5	5
-1	212	7	9
-1	213	9	7
-1	187	4	1
-1	246	7	6
-1	148	4	2
-1	193	6	4
-1	322	9	2
-1	306	8	5
DDW
138	144
321	363
306	360
303	355
163	187
295	333
142	160
191	233
207	219
178	196
236	256
135	161
178	208
296	348
285	327
