HFSDDW
15	6	3
0	18	1	49	2	86
0	44	1	82	2	40
0	27	1	63	2	61
0	29	1	59	2	88
0	84	1	50	2	7
0	8	1	95	2	11
0	56	1	96	2	59
0	38	1	85	2	1
0	10	1	50	2	40
0	61	1	13	2	38
0	75	1	89	2	65
0	34	1	65	2	95
0	62	1	58	2	62
0	56	1	38	2	34
0	11	1	82	2	91
LBCmax: 500
RELDUE
-1	440	1	6
-1	525	5	3
-1	329	5	7
-1	383	3	5
-1	420	8	1
-1	433	5	4
-1	273	5	1
-1	518	6	3
-1	543	3	1
-1	440	1	5
-1	491	6	2
-1	441	2	6
-1	508	7	7
-1	352	1	7
-1	345	7	8
DDW
422	458
483	567
319	339
368	398
395	445
398	468
248	298
471	565
527	559
427	453
466	516
419	463
483	533
338	366
338	352
