HFSDDW
20	8	4
0	87	1	19	2	20	3	95
0	71	1	36	2	15	3	2
0	9	1	49	2	35	3	43
0	10	1	57	2	22	3	49
0	1	1	14	2	41	3	4
0	88	1	30	2	87	3	73
0	21	1	4	2	34	3	31
0	94	1	61	2	70	3	28
0	47	1	62	2	44	3	85
0	77	1	89	2	31	3	19
0	1	1	93	2	97	3	88
0	23	1	64	2	6	3	62
0	81	1	20	2	38	3	62
0	84	1	40	2	54	3	57
0	32	1	46	2	74	3	67
0	2	1	83	2	7	3	48
0	78	1	8	2	95	3	47
0	13	1	36	2	71	3	11
0	83	1	22	2	4	3	95
0	33	1	99	2	50	3	56
LBCmax: 586
RELDUE
-1	516	7	6
-1	361	5	5
-1	228	5	3
-1	382	8	6
-1	76	4	6
-1	0	3	3
-1	193	9	2
-1	0	7	3
-1	0	4	3
-1	450	3	7
-1	256	6	8
-1	124	4	3
-1	29	8	4
-1	314	9	2
-1	42	1	8
-1	37	1	8
-1	449	9	4
-1	231	8	4
-1	0	2	1
-1	32	3	9
DDW
501	531
329	393
210	246
363	401
71	81
0	0
185	201
0	0
0	0
410	490
233	279
117	131
28	30
298	330
39	45
34	40
436	462
224	238
0	0
32	32
