HFSDDW
20	9	3
0	95	1	70	2	10
0	88	1	21	2	68
0	80	1	70	2	28
0	92	1	76	2	76
0	77	1	91	2	26
0	37	1	48	2	79
0	1	1	35	2	98
0	58	1	49	2	58
0	44	1	44	2	95
0	46	1	40	2	3
0	31	1	62	2	98
0	92	1	84	2	60
0	76	1	73	2	51
0	53	1	79	2	94
0	32	1	39	2	68
0	67	1	40	2	93
0	81	1	52	2	90
0	99	1	66	2	45
0	62	1	37	2	21
0	52	1	45	2	77
LBCmax: 483
RELDUE
-1	215	1	1
-1	178	6	8
-1	174	2	3
-1	169	9	5
-1	204	3	5
-1	159	4	3
-1	220	3	7
-1	227	8	5
-1	151	6	1
-1	208	7	5
-1	203	9	5
-1	216	8	2
-1	172	9	2
-1	190	7	2
-1	198	9	6
-1	149	1	1
-1	170	6	7
-1	154	7	7
-1	232	7	4
-1	218	2	3
DDW
206	224
169	187
153	195
149	189
192	216
146	172
198	242
202	252
130	172
202	214
185	221
207	225
160	184
175	205
162	234
134	164
163	177
139	169
186	278
174	262
