HFSDDW
20	12	4
0	13	1	98	2	82	3	33
0	84	1	97	2	8	3	20
0	17	1	38	2	10	3	78
0	4	1	80	2	8	3	64
0	8	1	20	2	67	3	9
0	4	1	30	2	23	3	50
0	83	1	58	2	2	3	2
0	56	1	92	2	86	3	16
0	87	1	51	2	74	3	40
0	64	1	30	2	5	3	2
0	64	1	49	2	16	3	67
0	48	1	34	2	76	3	26
0	17	1	65	2	37	3	92
0	45	1	22	2	60	3	83
0	76	1	33	2	50	3	26
0	96	1	6	2	63	3	24
0	52	1	94	2	90	3	53
0	6	1	68	2	99	3	77
0	16	1	65	2	44	3	55
0	14	1	55	2	2	3	49
LBCmax: 389
RELDUE
-1	358	4	3
-1	332	2	5
-1	372	6	6
-1	393	7	8
-1	256	7	1
-1	404	7	2
-1	314	3	1
-1	298	4	2
-1	394	2	7
-1	394	7	6
-1	286	3	3
-1	163	6	2
-1	352	1	7
-1	344	9	4
-1	60	6	8
-1	267	7	3
-1	371	4	5
-1	394	1	6
-1	99	5	4
-1	250	3	9
DDW
351	365
299	365
339	405
358	428
248	264
384	424
311	317
274	322
378	410
359	429
275	297
160	166
341	363
323	365
58	62
262	272
345	397
390	398
94	104
225	275
