HFSDDW
15	12	4
0	51	1	9	2	38	3	73
0	38	1	25	2	19	3	41
0	30	1	60	2	85	3	94
0	5	1	28	2	52	3	27
0	82	1	85	2	16	3	82
0	74	1	58	2	6	3	28
0	57	1	93	2	87	3	41
0	59	1	29	2	20	3	24
0	2	1	78	2	4	3	4
0	19	1	48	2	65	3	97
0	83	1	47	2	27	3	48
0	62	1	11	2	78	3	36
0	47	1	38	2	63	3	38
0	55	1	38	2	92	3	92
0	4	1	10	2	17	3	45
LBCmax: 344
RELDUE
-1	160	3	3
-1	300	6	6
-1	319	5	2
-1	39	5	9
-1	174	2	6
-1	247	8	7
-1	354	6	8
-1	126	2	9
-1	119	1	3
-1	201	2	6
-1	64	1	6
-1	153	3	1
-1	104	1	2
-1	97	5	2
-1	372	9	3
DDW
150	170
288	312
293	345
36	42
150	198
215	279
319	389
115	137
101	137
187	215
53	75
127	179
90	118
89	105
327	417
