HFSDDW
20	9	3
0	55	1	73	2	57
0	2	1	10	2	80
0	15	1	15	2	88
0	38	1	57	2	94
0	1	1	31	2	15
0	94	1	8	2	4
0	30	1	70	2	31
0	54	1	45	2	86
0	98	1	18	2	32
0	94	1	22	2	7
0	92	1	97	2	79
0	24	1	77	2	28
0	15	1	13	2	29
0	59	1	17	2	26
0	97	1	22	2	2
0	9	1	43	2	8
0	13	1	42	2	72
0	80	1	35	2	23
0	43	1	1	2	28
0	71	1	3	2	92
LBCmax: 350
RELDUE
-1	279	7	3
-1	259	8	8
-1	310	4	2
-1	303	6	6
-1	277	8	7
-1	287	1	4
-1	255	1	4
-1	299	1	9
-1	283	3	2
-1	306	7	4
-1	301	9	6
-1	312	5	3
-1	297	6	7
-1	294	1	6
-1	282	7	4
-1	248	4	1
-1	285	8	2
-1	261	2	3
-1	305	4	2
-1	308	5	3
DDW
251	307
243	275
279	341
279	327
252	302
276	298
232	278
287	311
263	303
288	324
277	325
296	328
282	312
279	309
254	310
243	253
262	308
245	277
299	311
290	326
