HFSDDW
20	8	4
0	80	1	79	2	36	3	6
0	95	1	2	2	99	3	8
0	31	1	4	2	37	3	40
0	93	1	80	2	26	3	82
0	46	1	37	2	18	3	68
0	54	1	94	2	73	3	88
0	85	1	15	2	54	3	32
0	61	1	22	2	25	3	51
0	12	1	61	2	86	3	39
0	49	1	49	2	41	3	10
0	44	1	67	2	88	3	14
0	26	1	16	2	73	3	40
0	50	1	35	2	84	3	61
0	8	1	77	2	41	3	85
0	6	1	47	2	21	3	81
0	48	1	68	2	46	3	10
0	78	1	86	2	29	3	32
0	94	1	87	2	34	3	97
0	95	1	9	2	24	3	87
0	6	1	59	2	62	3	69
LBCmax: 621
RELDUE
-1	237	8	4
-1	203	5	6
-1	287	1	8
-1	218	6	9
-1	232	5	5
-1	265	8	5
-1	241	8	5
-1	228	4	4
-1	211	8	2
-1	187	7	2
-1	226	4	9
-1	187	1	9
-1	220	5	3
-1	261	7	4
-1	263	5	5
-1	281	6	3
-1	212	3	2
-1	285	8	9
-1	229	7	2
-1	236	3	5
DDW
190	284
183	223
238	336
187	249
220	244
217	313
231	251
192	264
200	222
176	198
185	267
185	189
216	224
248	274
210	316
228	334
197	227
254	316
224	234
203	269
