HFSDDW
20	4	2
0	44	1	7
0	6	1	83
0	57	1	22
0	23	1	44
0	8	1	39
0	87	1	26
0	98	1	82
0	78	1	63
0	45	1	82
0	95	1	68
0	85	1	93
0	91	1	49
0	69	1	46
0	36	1	37
0	21	1	28
0	80	1	4
0	13	1	60
0	22	1	43
0	87	1	82
0	35	1	38
LBCmax: 546
RELDUE
-1	176	8	8
-1	623	3	8
-1	423	6	8
-1	591	2	4
-1	177	6	4
-1	650	7	6
-1	578	5	6
-1	316	6	1
-1	416	5	2
-1	608	5	8
-1	625	7	1
-1	360	9	4
-1	497	4	5
-1	166	4	2
-1	407	2	7
-1	441	3	3
-1	245	7	3
-1	475	5	2
-1	245	6	7
-1	221	2	2
DDW
162	190
598	648
393	453
579	603
175	179
630	670
526	630
313	319
399	433
578	638
619	631
356	364
487	507
159	173
391	423
406	476
220	270
432	518
235	255
217	225
