HFSDDW
15	9	3
0	41	1	16	2	7
0	28	1	86	2	66
0	37	1	83	2	83
0	24	1	52	2	58
0	53	1	13	2	89
0	36	1	30	2	83
0	74	1	93	2	90
0	37	1	99	2	22
0	28	1	43	2	77
0	77	1	45	2	15
0	27	1	59	2	47
0	19	1	98	2	4
0	74	1	77	2	64
0	23	1	43	2	99
0	36	1	74	2	24
LBCmax: 342
RELDUE
-1	288	8	6
-1	182	4	7
-1	0	9	9
-1	41	1	4
-1	96	2	8
-1	150	6	5
-1	210	2	5
-1	246	5	9
-1	82	1	3
-1	0	9	4
-1	0	8	7
-1	21	6	1
-1	255	6	5
-1	308	7	2
-1	114	2	9
DDW
262	314
166	198
0	0
40	42
92	100
136	164
195	225
229	263
75	89
0	0
0	0
20	22
230	280
296	320
105	123
