HFSDDW
20	8	4
0	79	1	10	2	38	3	34
0	4	1	67	2	97	3	89
0	19	1	84	2	61	3	13
0	22	1	59	2	18	3	6
0	36	1	76	2	99	3	25
0	6	1	28	2	20	3	75
0	90	1	59	2	9	3	38
0	96	1	33	2	22	3	90
0	33	1	44	2	66	3	78
0	64	1	80	2	30	3	64
0	74	1	82	2	73	3	64
0	74	1	2	2	92	3	82
0	26	1	58	2	14	3	20
0	15	1	43	2	44	3	51
0	90	1	62	2	43	3	44
0	59	1	60	2	92	3	85
0	62	1	70	2	80	3	77
0	93	1	39	2	41	3	55
0	47	1	35	2	51	3	24
0	54	1	55	2	1	3	89
LBCmax: 628
RELDUE
-1	359	2	2
-1	103	8	8
-1	8	2	6
-1	177	7	8
-1	59	9	2
-1	0	9	4
-1	417	6	5
-1	499	7	3
-1	564	5	5
-1	27	6	6
-1	491	9	9
-1	0	8	8
-1	173	5	4
-1	477	2	6
-1	0	3	4
-1	22	4	7
-1	500	5	9
-1	488	7	5
-1	0	4	3
-1	0	2	6
DDW
348	370
93	113
7	9
163	191
58	60
0	0
400	434
454	544
558	570
25	29
457	525
0	0
168	178
453	501
0	0
21	23
480	520
483	493
0	0
0	0
