HFSDDW
20	9	3
0	38	1	22	2	36
0	13	1	47	2	25
0	25	1	70	2	40
0	54	1	19	2	36
0	50	1	42	2	72
0	86	1	28	2	60
0	8	1	53	2	43
0	81	1	77	2	46
0	88	1	64	2	36
0	56	1	45	2	8
0	28	1	17	2	57
0	61	1	25	2	68
0	96	1	43	2	57
0	48	1	14	2	66
0	72	1	41	2	40
0	34	1	80	2	57
0	58	1	63	2	52
0	30	1	82	2	28
0	42	1	56	2	45
0	90	1	24	2	83
LBCmax: 408
RELDUE
-1	403	8	8
-1	321	9	8
-1	142	5	9
-1	175	4	3
-1	146	2	7
-1	47	3	1
-1	364	2	7
-1	402	6	5
-1	111	4	4
-1	61	2	4
-1	410	5	9
-1	389	4	5
-1	53	7	7
-1	285	3	3
-1	203	8	6
-1	352	5	1
-1	78	8	7
-1	189	9	1
-1	64	7	4
-1	265	7	3
DDW
347	459
289	353
122	162
158	192
121	171
39	55
313	415
378	426
110	112
49	73
381	439
335	443
50	56
245	325
201	205
285	419
71	85
170	208
63	65
217	313
