HFSDDW
20	6	3
0	14	1	8	2	54
0	74	1	52	2	47
0	59	1	41	2	16
0	76	1	69	2	76
0	48	1	21	2	10
0	92	1	40	2	68
0	62	1	76	2	88
0	38	1	1	2	73
0	83	1	2	2	25
0	24	1	71	2	66
0	4	1	66	2	77
0	89	1	12	2	47
0	66	1	90	2	71
0	65	1	44	2	7
0	62	1	75	2	77
0	4	1	6	2	47
0	22	1	71	2	82
0	27	1	79	2	57
0	90	1	76	2	7
0	81	1	90	2	50
LBCmax: 569
RELDUE
-1	296	9	7
-1	373	1	9
-1	564	8	7
-1	456	8	2
-1	585	9	4
-1	191	4	8
-1	733	1	2
-1	503	4	1
-1	219	4	2
-1	525	1	7
-1	324	1	5
-1	448	4	6
-1	719	5	4
-1	726	3	8
-1	357	3	1
-1	633	1	8
-1	601	8	1
-1	317	5	4
-1	714	4	7
-1	631	7	9
DDW
290	302
343	403
530	598
420	492
567	603
181	201
696	770
463	543
206	232
509	541
308	340
417	479
697	741
704	748
328	386
601	665
577	625
301	333
671	757
599	663
