HFSDDW
20	9	3
0	84	1	80	2	52
0	64	1	56	2	69
0	1	1	44	2	82
0	10	1	98	2	22
0	89	1	3	2	87
0	66	1	92	2	11
0	17	1	21	2	25
0	23	1	81	2	42
0	65	1	46	2	36
0	15	1	65	2	31
0	18	1	9	2	91
0	96	1	18	2	82
0	6	1	20	2	9
0	9	1	25	2	25
0	58	1	23	2	3
0	46	1	4	2	39
0	87	1	38	2	56
0	47	1	98	2	70
0	20	1	62	2	98
0	11	1	99	2	10
LBCmax: 346
RELDUE
-1	80	4	9
-1	262	3	3
-1	238	7	7
-1	145	1	2
-1	285	7	6
-1	274	8	9
-1	71	2	9
-1	288	7	4
-1	258	5	1
-1	0	3	2
-1	176	2	1
-1	217	5	8
-1	0	7	8
-1	0	5	9
-1	297	7	2
-1	0	9	4
-1	190	7	8
-1	169	6	4
-1	99	6	5
-1	33	7	3
DDW
74	86
257	267
233	243
141	149
276	294
255	293
67	75
285	291
248	268
0	0
165	187
204	230
0	0
0	0
294	300
0	0
180	200
161	177
93	105
30	36
