HFSDDW
20	4	2
0	74	1	11
0	86	1	36
0	39	1	84
0	76	1	90
0	6	1	16
0	64	1	26
0	19	1	67
0	84	1	24
0	4	1	66
0	72	1	13
0	26	1	48
0	86	1	30
0	21	1	46
0	66	1	87
0	60	1	96
0	41	1	43
0	49	1	18
0	68	1	56
0	84	1	70
0	78	1	46
LBCmax: 564
RELDUE
-1	217	2	9
-1	228	3	1
-1	624	7	2
-1	602	7	1
-1	567	9	3
-1	534	4	4
-1	476	8	3
-1	223	1	2
-1	666	7	1
-1	486	6	6
-1	256	9	6
-1	476	9	1
-1	482	8	8
-1	567	8	8
-1	421	7	4
-1	320	3	3
-1	310	5	8
-1	490	3	2
-1	256	8	7
-1	691	1	5
DDW
178	256
203	253
605	643
530	674
544	590
443	625
409	543
210	236
573	759
457	515
225	287
457	495
386	578
499	635
417	425
278	362
251	369
461	519
241	271
567	815
