HFSDDW
20	6	3
0	77	1	70	2	64
0	6	1	29	2	23
0	41	1	10	2	49
0	39	1	71	2	1
0	65	1	50	2	85
0	35	1	76	2	31
0	3	1	48	2	95
0	56	1	35	2	99
0	13	1	38	2	24
0	51	1	1	2	77
0	22	1	78	2	70
0	18	1	23	2	29
0	74	1	99	2	29
0	23	1	29	2	76
0	64	1	11	2	67
0	65	1	75	2	62
0	65	1	49	2	55
0	46	1	80	2	89
0	14	1	21	2	36
0	64	1	92	2	90
LBCmax: 611
RELDUE
-1	549	6	6
-1	538	8	5
-1	439	2	7
-1	516	9	8
-1	449	1	1
-1	542	9	1
-1	466	1	4
-1	486	3	4
-1	461	7	9
-1	497	9	7
-1	503	4	3
-1	522	4	1
-1	431	8	8
-1	525	4	1
-1	451	7	9
-1	451	3	1
-1	541	3	5
-1	458	3	4
-1	468	1	6
-1	486	5	4
DDW
445	653
479	597
399	479
490	542
391	507
482	602
401	531
423	549
406	516
413	581
448	558
517	527
401	461
462	588
437	465
415	487
509	573
385	531
407	529
442	530
