HFSDDW
15	12	4
0	49	1	22	2	54	3	57
0	89	1	55	2	48	3	79
0	41	1	10	2	82	3	77
0	66	1	34	2	33	3	78
0	74	1	35	2	16	3	89
0	93	1	61	2	64	3	69
0	27	1	75	2	56	3	90
0	31	1	17	2	39	3	19
0	25	1	97	2	40	3	91
0	96	1	73	2	99	3	34
0	60	1	32	2	42	3	97
0	5	1	48	2	40	3	17
0	41	1	62	2	43	3	51
0	68	1	27	2	98	3	88
0	57	1	85	2	31	3	15
LBCmax: 436
RELDUE
-1	477	6	2
-1	367	7	6
-1	344	8	4
-1	280	4	5
-1	403	7	7
-1	384	8	5
-1	355	9	9
-1	398	5	4
-1	466	2	4
-1	325	8	4
-1	433	1	8
-1	221	2	3
-1	313	4	9
-1	433	7	3
-1	293	1	8
DDW
434	520
352	382
282	406
224	336
371	435
330	438
291	419
378	418
415	517
270	380
381	485
217	225
263	363
390	476
243	343
