HFSDDW
15	12	4
0	2	1	63	2	93	3	40
0	27	1	29	2	34	3	50
0	98	1	41	2	50	3	36
0	70	1	79	2	30	3	92
0	56	1	17	2	70	3	21
0	47	1	84	2	90	3	33
0	37	1	40	2	19	3	1
0	47	1	73	2	22	3	99
0	33	1	78	2	63	3	50
0	92	1	18	2	49	3	61
0	50	1	58	2	82	3	93
0	13	1	25	2	96	3	61
0	45	1	72	2	7	3	72
0	34	1	90	2	97	3	17
0	72	1	60	2	4	3	86
LBCmax: 388
RELDUE
-1	202	8	1
-1	220	9	2
-1	196	2	4
-1	213	6	6
-1	209	7	7
-1	233	5	6
-1	196	4	8
-1	266	5	7
-1	206	3	2
-1	257	6	5
-1	194	2	5
-1	224	6	7
-1	247	6	2
-1	201	1	5
-1	250	6	7
DDW
188	216
218	222
190	202
209	217
207	211
228	238
180	212
253	279
185	227
244	270
182	206
206	242
240	254
189	213
232	268
