HFSDDW
15	6	3
0	77	1	23	2	86
0	37	1	26	2	52
0	67	1	58	2	60
0	71	1	53	2	77
0	69	1	54	2	86
0	62	1	9	2	12
0	33	1	91	2	72
0	68	1	13	2	25
0	75	1	49	2	95
0	47	1	98	2	35
0	34	1	89	2	22
0	2	1	15	2	39
0	16	1	55	2	24
0	12	1	55	2	52
0	40	1	80	2	56
LBCmax: 443
RELDUE
-1	278	6	2
-1	278	6	3
-1	323	4	6
-1	427	6	7
-1	147	4	5
-1	137	5	5
-1	151	8	2
-1	521	4	2
-1	447	3	3
-1	330	7	4
-1	172	2	5
-1	177	8	9
-1	407	4	3
-1	407	1	5
-1	474	6	1
DDW
270	286
261	295
291	355
406	448
138	156
132	142
136	166
511	531
425	469
297	363
158	186
165	189
403	411
399	415
446	502
