HFSDDW
20	6	3
0	96	1	10	2	76
0	85	1	98	2	13
0	90	1	75	2	61
0	54	1	60	2	41
0	23	1	61	2	14
0	7	1	88	2	47
0	32	1	30	2	10
0	11	1	69	2	60
0	75	1	51	2	45
0	58	1	74	2	67
0	15	1	55	2	39
0	91	1	35	2	20
0	82	1	94	2	36
0	29	1	98	2	26
0	34	1	25	2	94
0	24	1	32	2	20
0	94	1	6	2	72
0	8	1	23	2	76
0	78	1	85	2	40
0	16	1	11	2	48
LBCmax: 559
RELDUE
-1	323	2	3
-1	126	6	7
-1	0	9	1
-1	469	3	6
-1	161	2	5
-1	0	8	7
-1	0	8	8
-1	118	6	6
-1	90	3	4
-1	466	8	8
-1	77	2	1
-1	471	9	1
-1	9	8	8
-1	0	9	2
-1	123	4	9
-1	415	1	9
-1	372	5	6
-1	191	3	4
-1	311	7	3
-1	228	9	3
DDW
275	371
115	137
0	0
394	544
156	166
0	0
0	0
112	124
82	98
401	531
68	86
433	509
8	10
0	0
116	130
398	432
346	398
166	216
255	367
219	237
