HFSDDW
20	9	3
0	86	1	73	2	60
0	40	1	73	2	91
0	45	1	23	2	77
0	98	1	64	2	76
0	55	1	78	2	87
0	4	1	63	2	61
0	39	1	5	2	65
0	11	1	6	2	67
0	52	1	57	2	44
0	95	1	70	2	3
0	26	1	50	2	34
0	79	1	48	2	88
0	73	1	56	2	93
0	10	1	70	2	41
0	88	1	7	2	42
0	27	1	7	2	11
0	28	1	35	2	49
0	65	1	50	2	56
0	51	1	76	2	67
0	93	1	87	2	16
LBCmax: 418
RELDUE
-1	246	5	3
-1	250	7	4
-1	256	5	6
-1	311	9	7
-1	308	3	7
-1	161	2	8
-1	232	7	7
-1	315	6	2
-1	201	8	2
-1	372	4	3
-1	201	8	3
-1	143	8	3
-1	294	1	4
-1	199	9	2
-1	211	2	3
-1	187	5	7
-1	180	7	6
-1	373	6	2
-1	186	8	2
-1	189	2	2
DDW
241	251
232	268
243	269
292	330
283	333
151	171
223	241
287	343
187	215
365	379
193	209
142	144
273	315
179	219
200	222
183	191
169	191
358	388
179	193
185	193
