HFSDDW
20	6	3
0	85	1	7	2	4
0	33	1	86	2	62
0	72	1	21	2	10
0	65	1	53	2	4
0	33	1	22	2	39
0	29	1	70	2	76
0	55	1	86	2	3
0	82	1	50	2	92
0	52	1	44	2	57
0	47	1	57	2	65
0	6	1	40	2	36
0	84	1	92	2	77
0	57	1	10	2	97
0	15	1	88	2	74
0	20	1	67	2	55
0	26	1	60	2	28
0	87	1	8	2	9
0	95	1	79	2	53
0	46	1	4	2	57
0	11	1	80	2	43
LBCmax: 524
RELDUE
-1	372	8	3
-1	393	6	5
-1	434	6	1
-1	414	6	8
-1	429	4	9
-1	380	2	5
-1	438	3	5
-1	417	1	6
-1	397	1	7
-1	433	1	4
-1	443	6	2
-1	431	9	3
-1	450	4	5
-1	409	2	4
-1	471	5	2
-1	396	4	7
-1	433	7	5
-1	454	6	7
-1	407	6	2
-1	394	8	5
DDW
350	394
358	428
425	443
397	431
408	450
369	391
420	456
404	430
381	413
416	450
434	452
392	470
414	486
368	450
438	504
364	428
416	450
436	472
399	415
390	398
