HFSDDW
15	8	4
0	37	1	24	2	74	3	2
0	6	1	14	2	30	3	29
0	17	1	56	2	72	3	94
0	92	1	88	2	6	3	92
0	42	1	84	2	98	3	59
0	58	1	39	2	83	3	69
0	84	1	70	2	96	3	13
0	49	1	56	2	36	3	17
0	25	1	2	2	38	3	4
0	18	1	95	2	25	3	48
0	19	1	99	2	48	3	24
0	33	1	93	2	11	3	41
0	25	1	4	2	90	3	57
0	5	1	88	2	55	3	97
0	41	1	6	2	18	3	36
LBCmax: 468
RELDUE
-1	188	6	9
-1	186	6	4
-1	365	9	6
-1	312	5	8
-1	196	5	6
-1	294	8	2
-1	337	4	5
-1	396	4	6
-1	282	2	7
-1	144	9	3
-1	351	1	2
-1	273	8	1
-1	309	8	3
-1	281	2	9
-1	255	3	3
DDW
179	197
167	205
343	387
296	328
176	216
291	297
307	367
364	428
274	290
132	156
326	376
265	281
297	321
253	309
242	268
