HFSDDW
15	6	3
0	34	1	15	2	48
0	18	1	93	2	64
0	80	1	33	2	15
0	62	1	10	2	48
0	89	1	26	2	3
0	47	1	28	2	48
0	11	1	65	2	76
0	58	1	14	2	16
0	65	1	97	2	98
0	49	1	36	2	31
0	62	1	59	2	76
0	61	1	90	2	22
0	20	1	9	2	21
0	85	1	39	2	15
0	6	1	20	2	74
LBCmax: 403
RELDUE
-1	255	6	3
-1	0	9	8
-1	355	1	5
-1	186	7	3
-1	110	4	8
-1	127	3	2
-1	205	3	3
-1	204	3	6
-1	323	5	9
-1	356	4	9
-1	266	8	1
-1	0	9	9
-1	92	9	1
-1	174	9	8
-1	350	6	2
DDW
247	263
0	0
334	376
180	192
108	112
126	128
201	209
198	210
317	329
345	367
263	269
0	0
86	98
160	188
346	354
