HFSDDW
20	8	4
0	44	1	23	2	51	3	47
0	28	1	53	2	67	3	23
0	51	1	16	2	2	3	92
0	82	1	45	2	32	3	88
0	76	1	4	2	64	3	2
0	43	1	68	2	56	3	91
0	46	1	97	2	26	3	40
0	83	1	49	2	41	3	37
0	30	1	14	2	75	3	38
0	45	1	32	2	97	3	66
0	32	1	86	2	37	3	92
0	38	1	17	2	72	3	47
0	44	1	15	2	83	3	71
0	15	1	93	2	64	3	76
0	66	1	60	2	2	3	31
0	27	1	28	2	40	3	3
0	75	1	65	2	62	3	69
0	70	1	94	2	44	3	45
0	7	1	98	2	70	3	57
0	31	1	63	2	54	3	29
LBCmax: 616
RELDUE
-1	342	5	1
-1	667	7	5
-1	774	7	4
-1	609	6	2
-1	589	3	1
-1	614	5	1
-1	320	1	7
-1	410	1	5
-1	491	3	7
-1	796	4	1
-1	625	4	3
-1	707	2	7
-1	370	3	6
-1	599	2	4
-1	423	6	7
-1	209	1	9
-1	476	5	8
-1	399	7	3
-1	293	1	5
-1	630	9	3
DDW
339	345
660	674
759	789
579	639
554	624
571	657
294	346
385	435
457	525
724	868
575	675
650	764
333	407
587	611
410	436
203	215
433	519
395	403
284	302
617	643
