HFSDDW
15	8	4
0	61	1	61	2	61	3	25
0	64	1	37	2	27	3	76
0	3	1	48	2	20	3	95
0	11	1	65	2	70	3	30
0	65	1	84	2	67	3	86
0	34	1	44	2	45	3	51
0	21	1	86	2	47	3	26
0	97	1	66	2	51	3	31
0	87	1	15	2	29	3	44
0	69	1	23	2	30	3	90
0	37	1	74	2	32	3	38
0	15	1	46	2	44	3	38
0	79	1	22	2	15	3	73
0	97	1	65	2	46	3	18
0	17	1	11	2	5	3	78
LBCmax: 478
RELDUE
-1	325	6	2
-1	239	1	4
-1	315	7	4
-1	274	1	5
-1	333	7	5
-1	325	7	3
-1	247	2	7
-1	332	2	3
-1	273	6	2
-1	264	5	1
-1	297	4	9
-1	280	9	4
-1	292	3	4
-1	313	5	1
-1	286	5	6
DDW
299	351
234	244
306	324
269	279
303	363
322	328
242	252
305	359
265	281
253	275
273	321
263	297
289	295
285	341
280	292
